# seq OFF,# seq ON,blinks,frame,intensity,lifetime,total OFF,total ON,x,y,
281,282,281,1,1.94013e+08,4000,331,3669,36207.4,9447.83,
50,51,50,1,6.27519e+07,1354,149,1205,519.717,24319.7,
0,1,0,1,2.07719e+08,4000,0,4000,22163.5,37144.7,
284,285,284,1,1.81684e+08,4000,383,3617,8331.95,27524.4,
0,1,0,1,12624.5,1,0,1,18909.8,23361.3,
2,3,2,1,1.76838e+08,4000,2,3998,7588.17,15220.6,
763,764,763,1,1.12757e+08,4000,1312,2688,39662.3,34082.5,
197,198,197,1,1.56039e+08,4000,221,3779,14320,2435.11,
0,1,0,1,1.60293e+08,4000,0,4000,20491,11023.8,
0,1,0,1,1.56853e+08,4000,0,4000,14309.6,1415.51,
0,1,0,1,1.55521e+08,4000,0,4000,27893.6,28307.3,
0,1,0,1,1.55651e+08,4000,0,4000,29101.6,3602.95,
0,1,0,5,20449.6,1,0,1,22073.7,5641.04,
0,1,0,7,10434.4,1,0,1,14585,25585.8,
0,1,0,24,15829.9,1,0,1,8733.49,34409.7,
0,1,0,27,8222.74,1,0,1,22679.3,19301.9,
1,2,1,33,123898,406,404,2,9415.92,37563.2,
53,54,53,40,2.01703e+06,3815,3760,55,26409.5,32670.4,
0,1,0,45,108949,1,0,1,19084.3,23321.4,
3,4,3,52,377566,665,656,9,25492.9,10516,
0,1,0,55,14775.3,1,0,1,34286.6,23656.6,
0,1,0,67,99933.5,1,0,1,31038.5,7685.9,
1,2,1,71,50834.6,4,1,3,22366.4,31328.9,
0,1,0,80,150622,2,0,2,17794.3,34691.5,
1,2,1,89,55592.4,8,5,3,26220.9,31495.7,
0,1,0,101,9737.39,1,0,1,30846.2,19690.1,
1,2,1,114,217447,840,838,2,33507.9,9272.62,
1,2,1,115,63375.4,1750,1748,2,28646.7,12471.9,
0,1,0,116,18543.6,1,0,1,29707.8,17408,
0,1,0,117,23397.3,1,0,1,26723.2,15838.7,
207,208,207,121,8.49347e+06,3874,3653,221,18282.4,29912.3,
1,2,1,129,42227.9,6,4,2,15775.2,13335,
0,1,0,132,16918.6,1,0,1,31071.9,31726.2,
1,2,1,140,24587.4,3,1,2,10410.8,24993.2,
0,1,0,142,123937,2,0,2,23041,32762.1,
1,2,1,153,18439.7,2512,2510,2,39529.3,34108.1,
0,1,0,156,13465.6,1,0,1,38267.4,15276.8,
1,2,1,165,39816.1,6,4,2,32437,35643.5,
0,1,0,169,9968.49,1,0,1,3673.58,31653.2,
0,1,0,171,100827,1,0,1,36727.7,29397.4,
0,1,0,190,105158,1,0,1,21447.9,21593,
0,1,0,200,55820.9,2,0,2,36998.7,7859.98,
0,1,0,217,22958,1,0,1,35887.6,10703.1,
1,2,1,224,224497,7,1,6,12780.7,14019.4,
0,1,0,229,8668.55,1,0,1,36119.1,13950.9,
0,1,0,247,105880,1,0,1,30274.8,24685,
2,3,2,255,71574.9,137,133,4,13986.8,36191.6,
0,1,0,256,25192.5,1,0,1,25646,3342.75,
0,1,0,258,12117.2,1,0,1,38609.4,7820.66,
0,1,0,280,108037,1,0,1,8797.21,33964.7,
11,12,11,293,657040,419,403,16,29602.5,13191.2,
0,1,0,293,18638,1,0,1,31701,21707,
0,1,0,296,17810.2,1,0,1,13582.6,7671.29,
0,1,0,299,39661.2,1,0,1,14315.5,13107.5,
0,1,0,319,108883,1,0,1,2802.84,19811.8,
0,1,0,321,137063,3,0,3,5998.98,33776.6,
0,1,0,328,16237.2,1,0,1,4848.59,14851.5,
0,1,0,347,7286.24,1,0,1,18386.2,30127.5,
0,1,0,352,16519.6,1,0,1,30091.4,20189.8,
0,1,0,352,11445.9,1,0,1,1700.14,30879.8,
0,1,0,353,117300,1,0,1,20227.1,24760,
11,12,11,357,773586,46,25,21,27402.6,10142.3,
0,1,0,358,123803,2,0,2,33705.7,32735.2,
0,1,0,371,19333.1,1,0,1,32831.6,4015.53,
0,1,0,386,37354.4,3,0,3,10865.6,34839.2,
1,2,1,392,163765,143,140,3,33689.9,11079.4,
1,2,1,396,76774.2,5,1,4,27888.8,15779.6,
0,1,0,414,12337.6,1,0,1,31234.5,27955.5,
0,1,0,443,108403,1,0,1,5937.31,4794.64,
0,1,0,456,109347,1,0,1,31119.4,28108.6,
3,4,3,494,1.44226e+06,43,5,38,18538.3,24831.5,
0,1,0,530,24386.5,1,0,1,17092,25428.4,
0,1,0,532,34992.6,1,0,1,8746.73,11802.6,
69,70,69,535,2.74921e+06,3437,3363,74,20931,25934.6,
0,1,0,546,16065.5,1,0,1,22610.1,29716.6,
0,1,0,550,19566,1,0,1,14226.7,30747.9,
0,1,0,554,100500,1,0,1,15546.1,15256.5,
0,1,0,555,103767,1,0,1,15159.4,15818.2,
0,1,0,557,44263.9,1,0,1,30321.5,15358.8,
0,1,0,561,18755.6,1,0,1,34833,33413.7,
0,1,0,566,20861.6,1,0,1,36598.7,27909.5,
0,1,0,576,40199.3,1,0,1,28215,19691,
0,1,0,577,104805,1,0,1,31505.3,1046.19,
1,2,1,585,50052.5,5,2,3,18182.5,23168.4,
0,1,0,597,9873.33,1,0,1,23118.6,37495.8,
0,1,0,614,13174.5,1,0,1,3542.73,27851.1,
0,1,0,630,129114,2,0,2,31812.7,9135.05,
0,1,0,643,107783,1,0,1,34100,11791,
0,1,0,645,37383.2,2,0,2,13569.6,13751.8,
0,1,0,650,16659.2,1,0,1,31542.1,21104.6,
0,1,0,651,11754.9,1,0,1,37133.8,14730.6,
0,1,0,672,145996,2,0,2,34113,32609.3,
0,1,0,689,9848.85,1,0,1,1883.74,13304.1,
2,3,2,692,312002,34,28,6,34063.5,28201.3,
0,1,0,694,22076.5,1,0,1,31864.1,15543.5,
0,1,0,718,20444.4,1,0,1,4877.56,19530.7,
0,1,0,761,12957,1,0,1,36316.7,28340.9,
0,1,0,761,18803.1,1,0,1,35510.6,27200.9,
0,1,0,761,44549,1,0,1,37279,27779.4,
0,1,0,762,16347,1,0,1,37826.2,28789.2,
0,1,0,763,22064.7,1,0,1,38622.6,27961.5,
0,1,0,763,19576.8,1,0,1,38480,28508.5,
0,1,0,764,110124,1,0,1,37807,25588.1,
0,1,0,766,106099,1,0,1,36790.2,27671.5,
0,1,0,767,12106.9,1,0,1,36545.2,28738.5,
0,1,0,857,41416,1,0,1,32181.9,38398.5,
0,1,0,932,13567.9,1,0,1,6399.02,1549.16,
0,1,0,963,17565.3,1,0,1,27623,29541.8,
0,1,0,964,17215.1,1,0,1,18538.4,9464.19,
0,1,0,990,113235,1,0,1,38846.3,3530.18,
0,1,0,1012,136447,2,0,2,22726.5,31053.2,
0,1,0,1023,23802.4,1,0,1,22166.7,32821.2,
0,1,0,1051,12831.9,1,0,1,11001.2,36970.1,
0,1,0,1058,34760,2,0,2,37488.3,33311.2,
0,1,0,1066,11730.6,1,0,1,34117.6,14772.6,
0,1,0,1066,19702.4,1,0,1,30128.3,3556.21,
0,1,0,1073,109875,1,0,1,8295.25,37125.5,
2,3,2,1085,240118,10,3,7,23737.4,21513.6,
0,1,0,1088,23317.8,1,0,1,35169.6,23139.2,
1,2,1,1096,133172,7,5,2,9411.25,11684.9,
0,1,0,1097,117314,2,0,2,26464.1,1042.16,
1,2,1,1128,245928,5,1,4,2898.83,16813.9,
0,1,0,1142,35109.5,1,0,1,35259.1,12844.1,
1,2,1,1156,44550,3,1,2,6303.72,8502.76,
0,1,0,1160,13291.4,1,0,1,21809.7,16493,
0,1,0,1177,12090,1,0,1,39561.1,12906.5,
0,1,0,1233,39899.8,1,0,1,4319.33,28126.7,
0,1,0,1233,36364,2,0,2,8963.97,22658.3,
0,1,0,1237,14942.2,1,0,1,33864,4746.97,
0,1,0,1248,227312,3,0,3,9094.4,22832.7,
0,1,0,1272,106802,1,0,1,32321.3,22174.7,
0,1,0,1301,18550.5,1,0,1,998.453,19157.2,
0,1,0,1324,13857.3,1,0,1,7655.48,29467.7,
0,1,0,1377,10015.9,1,0,1,27273,26716.2,
0,1,0,1532,14633.8,1,0,1,6560.25,8820.05,
0,1,0,1537,8583.93,1,0,1,23971.9,24179.7,
0,1,0,1538,103463,1,0,1,17273.4,3532.08,
0,1,0,1545,66429.1,2,0,2,38566.6,35589.4,
0,1,0,1548,12935.6,1,0,1,1816.15,37225.6,
0,1,0,1549,42114.8,1,0,1,17518.9,13547.3,
0,1,0,1552,12289.8,1,0,1,718.685,37705.1,
0,1,0,1554,23040.3,1,0,1,2367.11,30985.4,
0,1,0,1555,21499.1,1,0,1,28954.1,20929.7,
0,1,0,1555,17739.6,1,0,1,5572.4,28698,
0,1,0,1556,109641,1,0,1,5955.33,27909.5,
0,1,0,1561,102007,1,0,1,16687,34265.6,
0,1,0,1562,10291.4,1,0,1,24086.9,40283.5,
0,1,0,1563,102687,1,0,1,25636.4,40152,
0,1,0,1564,19101.7,1,0,1,25002.7,37801.4,
0,1,0,1565,10569.9,1,0,1,24803.5,37525.2,
0,1,0,1567,16168.5,1,0,1,36710.7,31970.8,
0,1,0,1569,11627.9,1,0,1,5596.73,11277.3,
0,1,0,1656,121878,2,0,2,28879.2,25100.5,
0,1,0,1656,119167,5,0,5,28650.7,12849.5,
0,1,0,1698,13597.6,1,0,1,20765.7,25947.5,
0,1,0,1746,22625.6,1,0,1,33227.8,32043.1,
0,1,0,1772,17255,1,0,1,38161.3,31392.6,
0,1,0,1777,19631.8,1,0,1,24327,30807.3,
1,2,1,1788,112370,3,1,2,22904.9,30655.2,
0,1,0,1801,9539.74,1,0,1,5619.98,37234.8,
0,1,0,1803,103508,1,0,1,4400.48,37297.4,
0,1,0,1803,23476.7,1,0,1,5895.17,37009,
0,1,0,1804,19880.9,1,0,1,2413.33,37385.1,
0,1,0,1809,17706.4,1,0,1,25614.3,37679.4,
1,2,1,1848,402077,9,2,7,9154.56,17085.8,
0,1,0,1863,20522.4,1,0,1,28956.3,12692.2,
0,1,0,1911,17793.1,1,0,1,25370.6,9129.68,
0,1,0,1951,9941.02,1,0,1,5441.99,21928.8,
2,3,2,1970,166128,5,2,3,9422.67,7298.48,
0,1,0,1976,19343.2,1,0,1,31673,24633.6,
0,1,0,2006,126937,2,0,2,34212.7,22643.2,
1,2,1,2059,95382.4,8,4,4,20705.7,15236,
0,1,0,2088,111773,1,0,1,6456.26,35224.9,
0,1,0,2160,19108.3,1,0,1,25589.7,37396.9,
0,1,0,2184,21380,1,0,1,1713,17136.2,
0,1,0,2190,8467.96,1,0,1,35811.6,26431.7,
0,1,0,2197,18929,1,0,1,8906.69,15910.2,
14,15,14,2240,716030,697,678,19,16934,28884.3,
2,3,2,2240,198083,16,10,6,8752.97,20126.3,
0,1,0,2301,103488,1,0,1,28160,34103.5,
0,1,0,2318,102467,1,0,1,34786,33725.7,
0,1,0,2341,18899,1,0,1,9189.8,34640.9,
0,1,0,2344,18675.1,1,0,1,14116,25790.2,
0,1,0,2381,183576,4,0,4,15027.3,4862.55,
0,1,0,2407,14759.4,1,0,1,32083.5,20894.1,
0,1,0,2423,102630,1,0,1,33305.2,34677.7,
0,1,0,2449,20854.4,1,0,1,35046.8,17449.8,
0,1,0,2459,16247.8,1,0,1,26902.3,24340.1,
0,1,0,2462,12880.4,1,0,1,36268.6,37452.9,
0,1,0,2492,20891.1,2,0,2,19902.2,28762.3,
0,1,0,2523,111011,1,0,1,40292.4,22693.6,
0,1,0,2589,60875.1,2,0,2,11038.2,5258.14,
0,1,0,2622,107632,1,0,1,23155.8,12456.2,
0,1,0,2638,19601,1,0,1,38494.7,29313.1,
0,1,0,2639,10154.2,1,0,1,38573.6,29490.8,
0,1,0,2665,16839.1,1,0,1,28067.4,39975.2,
0,1,0,2670,13799.6,1,0,1,17310.3,14258,
0,1,0,2675,12522.9,1,0,1,34584.8,23502.7,
0,1,0,2676,105574,1,0,1,23735.4,37100.3,
0,1,0,2677,35597.4,1,0,1,40034.6,19786.5,
0,1,0,2706,20786.4,1,0,1,31591.2,39873.2,
0,1,0,2741,100279,1,0,1,24674.7,30448.3,
0,1,0,2741,24116.1,1,0,1,24990.9,30417.5,
0,1,0,2742,8107.35,1,0,1,23467.4,31177.9,
0,1,0,2743,21997.9,1,0,1,24092.5,30094.6,
0,1,0,2743,13793.3,1,0,1,23085.8,25237.7,
0,1,0,2744,36621.5,1,0,1,21802.3,24437.8,
0,1,0,2787,103062,1,0,1,11826.8,38041.9,
0,1,0,2812,10275.6,1,0,1,39990.6,30500.8,
0,1,0,2823,29115.8,2,0,2,33177.6,30556.2,
0,1,0,2840,103855,1,0,1,7186.06,35961.9,
0,1,0,2887,21126.4,1,0,1,28979.5,16605.1,
0,1,0,2896,20402.1,1,0,1,31527.7,34703.5,
0,1,0,2907,12800.5,1,0,1,34099.7,29536,
1,2,1,3007,123886,3,1,2,9616.26,22813.1,
0,1,0,3053,36559.4,1,0,1,9453.03,38271.4,
0,1,0,3086,21345.2,1,0,1,17190.8,30725.2,
0,1,0,3103,21853.4,1,0,1,38223.7,32501.5,
0,1,0,3123,10920.6,1,0,1,33527.5,9085.07,
0,1,0,3123,17500.9,1,0,1,27395.9,29135.9,
0,1,0,3197,9414.04,1,0,1,24240.5,33554.8,
0,1,0,3260,20565.3,1,0,1,39748.5,5347.63,
0,1,0,3264,215943,3,0,3,9921.14,39724.8,
0,1,0,3308,37354.2,1,0,1,23050.3,11923.9,
1,2,1,3356,83519.5,5,1,4,13198.1,28566.6,
0,1,0,3397,106524,1,0,1,37232.3,7502.39,
0,1,0,3407,116234,1,0,1,32140.9,28128.2,
0,1,0,3452,51865.3,2,0,2,19453.6,33185.8,
0,1,0,3458,64349.3,2,0,2,21751.2,22947.5,
0,1,0,3462,17797,1,0,1,16472.5,20328.3,
0,1,0,3491,11797.4,1,0,1,12414.4,31966.2,
0,1,0,3495,18866.7,1,0,1,12654.9,3721.3,
0,1,0,3499,18919.7,1,0,1,25864.9,26239.7,
0,1,0,3505,106022,1,0,1,18026.1,34085,
0,1,0,3535,105953,1,0,1,17929,9149.94,
0,1,0,3577,110741,1,0,1,37033.6,32672.8,
1,2,1,3642,51953,79,77,2,26734.7,32534.2,
0,1,0,3652,17340.8,1,0,1,37320.5,15470.5,
0,1,0,3659,109141,1,0,1,11469.6,11347.5,
0,1,0,3661,22759.2,1,0,1,23104.8,27218.1,
0,1,0,3676,15172.5,1,0,1,11266.1,28709.1,
1,2,1,3703,32759.1,5,3,2,37642.9,29584.3,
0,1,0,3810,86920.3,4,0,4,26286.3,24111.5,
0,1,0,3837,19737.2,1,0,1,26693,32336.3,
0,1,0,3838,16069.1,1,0,1,28837.9,40246.2,
0,1,0,3956,120570,2,0,2,12898.9,8737.62,
0,1,0,3974,105649,1,0,1,23637.1,33924.3,
