# seq OFF,# seq ON,blinks,frame,intensity,lifetime,total OFF,total ON,x,y,
0,1,0,1,1.56358e+08,4000,0,4000,12863.3,10140.8,
0,1,0,1,1.66926e+08,4000,0,4000,3571.98,21169.3,
1,2,1,2,83857.3,6,3,3,29087.1,25449.9,
0,1,0,4,64305.2,1,0,1,4203.05,36458.3,
0,1,0,7,18677.4,1,0,1,40148.2,29902.6,
0,1,0,9,24571.4,1,0,1,6865.66,18143,
6,7,6,13,241030,547,538,9,16463,36922.8,
0,1,0,13,10992.7,1,0,1,11736.4,26407.8,
0,1,0,21,8038.22,1,0,1,28637.3,24398.8,
0,1,0,22,32253.4,1,0,1,38491.9,36343.2,
0,1,0,22,40420,1,0,1,28633,23959.6,
0,1,0,23,90780.6,2,0,2,30397.1,29137.2,
0,1,0,23,8565.22,1,0,1,33346.4,31228.9,
0,1,0,24,36069.7,1,0,1,31457.1,28904.2,
0,1,0,25,11455.6,1,0,1,31677.5,28590.1,
0,1,0,28,65589.3,1,0,1,24361.1,37088.8,
0,1,0,28,83250.5,2,0,2,20088.2,16321.6,
0,1,0,28,12539.1,1,0,1,22270.6,36396.9,
0,1,0,28,32673.5,1,0,1,34278.5,29773.4,
0,1,0,28,9924.97,1,0,1,19108.1,28539.2,
0,1,0,29,46220.9,2,0,2,24689.8,25212.5,
0,1,0,36,76358,1,0,1,37750.1,27776.4,
0,1,0,37,71951.3,1,0,1,34465.2,37360.5,
0,1,0,39,32331.7,1,0,1,2741.52,15554.2,
1,2,1,39,123631,5,1,4,15246.9,15048.4,
0,1,0,40,71085.3,1,0,1,39934.1,25520.7,
0,1,0,40,36282.2,1,0,1,40318.8,26622.8,
0,1,0,41,14000.9,1,0,1,37649.5,25568.6,
0,1,0,42,5853.38,1,0,1,17082.7,37477.6,
0,1,0,43,72595.6,1,0,1,17031.5,34665.9,
0,1,0,44,33926.2,1,0,1,25775.3,7410.8,
0,1,0,44,6576.81,1,0,1,17094.7,34917.8,
0,1,0,46,67865,1,0,1,38887.5,40130.8,
0,1,0,46,8681.32,1,0,1,35729.8,28833.9,
0,1,0,46,30977.6,1,0,1,33937.4,27540.9,
0,1,0,49,9633.83,1,0,1,29763.9,37193,
0,1,0,50,32273.8,1,0,1,30685,38765.4,
0,1,0,51,70792.4,1,0,1,31635.7,38926.9,
0,1,0,51,67835,1,0,1,5222.39,37884.3,
0,1,0,53,32751.8,1,0,1,27135.6,9615.67,
0,1,0,54,10042.3,1,0,1,25907.1,7765.04,
1,2,1,57,98757.1,26,23,3,34952.7,23354.9,
0,1,0,58,35997.9,1,0,1,26315,32603.5,
0,1,0,58,11798,1,0,1,27705.2,21560.7,
0,1,0,59,24224.7,2,0,2,23357.4,31138.1,
0,1,0,59,71147.4,1,0,1,22782.1,37875.9,
0,1,0,59,45982,2,0,2,27317.8,30724.4,
0,1,0,59,22203.9,1,0,1,27010.2,18587.8,
0,1,0,60,31244.7,1,0,1,36188.9,3750.31,
2,3,2,62,108498,5,2,3,18362.1,32138.6,
0,1,0,62,71882.4,1,0,1,32887.7,19606.6,
0,1,0,62,8663.47,1,0,1,19600.2,21116.1,
0,1,0,62,13072.3,1,0,1,31724.6,20000.2,
0,1,0,63,67607.7,1,0,1,31681.3,20316.1,
0,1,0,64,31949,1,0,1,24529.9,20401.9,
0,1,0,65,72466.3,1,0,1,26191.9,21405.1,
0,1,0,66,34983,1,0,1,25884.9,20817.3,
0,1,0,66,6279.05,1,0,1,29462.3,28753.9,
0,1,0,68,113081,3,0,3,38110.2,2001.93,
0,1,0,69,72888.6,1,0,1,30864.8,21779.8,
0,1,0,70,34203,1,0,1,20754.8,28748.9,
0,1,0,72,75270.7,1,0,1,39147,21019.2,
0,1,0,73,107974,2,0,2,34161.8,34780.2,
0,1,0,73,107767,2,0,2,11135.3,703.102,
0,1,0,74,9145.18,1,0,1,37111,37744,
0,1,0,75,44594.2,2,0,2,34889.6,34902.8,
0,1,0,76,18182.2,1,0,1,14258.8,35239.3,
0,1,0,77,1.48406e+06,42,0,42,1677.42,37155.6,
0,1,0,78,28766,1,0,1,19786.3,28862.1,
0,1,0,78,84830.1,2,0,2,28633.3,39696.3,
0,1,0,79,33724.1,1,0,1,24282,25642.8,
0,1,0,79,681216,15,0,15,1797.17,19972.1,
0,1,0,79,81954.6,2,0,2,36153.5,35614.1,
0,1,0,79,34562.1,1,0,1,19413.1,31750.2,
0,1,0,79,70482.3,1,0,1,3226.19,36764.9,
0,1,0,80,12860.8,1,0,1,19245,31477.1,
0,1,0,80,12458.6,1,0,1,32859.7,34933,
0,1,0,80,32389.1,1,0,1,32066.4,34764.1,
1,2,1,81,83721,133,131,2,31492.2,34534.5,
0,1,0,81,13210.9,1,0,1,31513.8,34986.8,
0,1,0,82,32203.6,1,0,1,32522.4,30001.9,
0,1,0,82,5449.57,1,0,1,17646.5,23754.2,
0,1,0,82,12331.5,1,0,1,32897.4,30367.3,
0,1,0,82,146046,2,0,2,7455.27,39979.1,
0,1,0,85,34209.3,1,0,1,32238.4,32572.8,
0,1,0,92,8003.18,1,0,1,19354.5,28937.6,
0,1,0,93,31483,1,0,1,24179.7,6424.63,
0,1,0,95,80329,2,0,2,37112.1,38377.7,
0,1,0,95,30851.1,1,0,1,32987.6,31966.5,
0,1,0,96,5941.54,1,0,1,26566.9,27884.3,
0,1,0,97,73946.5,1,0,1,32398.8,34927.8,
0,1,0,101,80036.5,1,0,1,15458.8,35137.9,
0,1,0,101,10591.7,1,0,1,5483.65,30390.9,
1,2,1,104,45843.4,291,289,2,37572.3,36705.1,
0,1,0,105,34499.9,1,0,1,39250.3,36062.2,
0,1,0,106,75856.5,1,0,1,15045,19909.4,
0,1,0,107,29606.9,1,0,1,18552.3,997.989,
0,1,0,109,70958.5,1,0,1,38623.2,40004.1,
0,1,0,109,8269.8,1,0,1,26440.3,9259.95,
0,1,0,112,44025,2,0,2,27109.2,16375,
0,1,0,113,8727.14,1,0,1,4202.73,30959.1,
0,1,0,115,34598.6,1,0,1,21281.5,23529.1,
0,1,0,121,11676.6,1,0,1,31925.5,24769.8,
0,1,0,122,71554.2,1,0,1,38440.1,20926.4,
0,1,0,123,33129.5,1,0,1,32345.9,27773.5,
0,1,0,123,84994,2,0,2,2640.29,22598.5,
0,1,0,124,75916.3,1,0,1,18669.7,28473.4,
0,1,0,126,34492.1,1,0,1,3031.82,19434.7,
0,1,0,126,4814.4,1,0,1,23650.6,34006,
0,1,0,127,35421,1,0,1,25237,35982,
0,1,0,127,70588.6,1,0,1,23812.3,36490.4,
0,1,0,128,33695.3,1,0,1,27254.4,35761.4,
0,1,0,128,70736.2,1,0,1,21182.2,37075.1,
0,1,0,129,70065.1,1,0,1,30021.6,39427.1,
0,1,0,129,33537.6,1,0,1,17840.7,16378.6,
0,1,0,129,72185.5,1,0,1,27404.2,36135.3,
0,1,0,129,143419,3,0,3,19794.5,23603.5,
0,1,0,130,53238.6,1,0,1,5693.25,26729.7,
0,1,0,130,195811,4,0,4,15167.8,34800.1,
0,1,0,132,16944.1,1,0,1,35185.5,33339.9,
0,1,0,132,33372.1,1,0,1,18554.6,4189.56,
0,1,0,133,70609.7,1,0,1,1501.08,19980.7,
0,1,0,134,8766.94,1,0,1,29818.6,3374.03,
0,1,0,135,38491.6,1,0,1,38858.9,31394.3,
0,1,0,136,112127,3,0,3,40253.2,39832,
0,1,0,136,70827.7,1,0,1,18756.6,38175.2,
0,1,0,141,28496.5,2,0,2,35192.3,19781.1,
0,1,0,144,16114.6,1,0,1,35802.9,23040.4,
0,1,0,147,38585.1,1,0,1,29231.5,20675.2,
0,1,0,148,7915.98,1,0,1,30919.2,23086.4,
0,1,0,148,74316.9,1,0,1,12978.3,15755.3,
0,1,0,149,34131.1,1,0,1,14237.1,15924.5,
1,2,1,162,14956.5,4,2,2,39508.3,36510.7,
0,1,0,164,35256.8,1,0,1,28754.3,16481.4,
0,1,0,167,67620.2,1,0,1,36993.7,30191.4,
0,1,0,168,8480.7,1,0,1,6139.39,25423.4,
0,1,0,173,69232.7,1,0,1,6692.99,31458.9,
0,1,0,174,40888.3,2,0,2,32509,24086.4,
0,1,0,176,65550.8,1,0,1,33015.6,29156.8,
0,1,0,176,38068.1,1,0,1,21317.6,9353.74,
0,1,0,177,67116.5,1,0,1,33682.7,34622.6,
0,1,0,178,32787.9,1,0,1,20625.5,33878.6,
0,1,0,183,67251.4,1,0,1,26923.1,33265.8,
0,1,0,183,38457.9,1,0,1,27767.8,33158.7,
0,1,0,184,71384.7,1,0,1,26550,34004.1,
0,1,0,184,35290.9,1,0,1,28079.5,35485.6,
3,4,3,186,269196,17,11,6,35858.7,36147.5,
0,1,0,189,76322.7,1,0,1,29288.8,13864,
0,1,0,193,70430.4,1,0,1,35301.5,30414.9,
0,1,0,193,35546.3,1,0,1,29703.4,5235.93,
0,1,0,197,65439.2,1,0,1,22689.9,27531.5,
0,1,0,198,40357.6,1,0,1,29723.4,22539.4,
0,1,0,200,6970.97,1,0,1,29140.4,17079.3,
0,1,0,200,74034.6,1,0,1,22441.4,15964,
0,1,0,200,31703.4,1,0,1,20771.1,12286.7,
0,1,0,204,77093.8,2,0,2,29617.8,16457.6,
0,1,0,204,42454.3,2,0,2,4123.77,34139,
0,1,0,205,67613.9,1,0,1,18812,24884.3,
0,1,0,208,47277,2,0,2,17979.1,14781.1,
0,1,0,210,732420,20,0,20,10845.4,6298.73,
0,1,0,211,33591.7,1,0,1,20353.5,1925.39,
0,1,0,212,214285,4,0,4,12635.9,1399,
0,1,0,213,18830,1,0,1,18336.8,6552.14,
0,1,0,214,73133.9,1,0,1,31850.9,13943.2,
0,1,0,217,35924.3,1,0,1,35743.4,9238.32,
0,1,0,218,6709.65,1,0,1,20160.8,27941.7,
0,1,0,219,6474.59,1,0,1,19612,28209.4,
0,1,0,219,36017.5,1,0,1,3861.92,31337.8,
0,1,0,221,69486.2,1,0,1,34611.6,30716.7,
0,1,0,221,29599.5,1,0,1,22500.3,22896.9,
0,1,0,224,69740.1,1,0,1,20773.1,3554.74,
0,1,0,224,37249.3,1,0,1,21346,3653.86,
0,1,0,225,7025.95,1,0,1,10515.1,36935.7,
1,2,1,225,183094,39,34,5,40063.9,35078.9,
0,1,0,225,114318,2,0,2,1622.08,26436.4,
0,1,0,227,256579,8,0,8,34269.7,11012.1,
0,1,0,228,10877.1,1,0,1,1678.76,27690.9,
0,1,0,233,15441.6,1,0,1,11878.6,38480.7,
0,1,0,234,12515.4,1,0,1,7173.88,24944.9,
0,1,0,236,37318.6,1,0,1,37011.8,22932.6,
3,4,3,239,224548,10,4,6,35672,37091.8,
0,1,0,241,73187.4,1,0,1,27703,33616.3,
1,2,1,242,111321,67,64,3,28306.8,19003.5,
0,1,0,242,11783.1,1,0,1,26060.7,36842.4,
1,2,1,242,43602.7,90,88,2,26233,37449,
0,1,0,243,70083.6,1,0,1,29412.1,36779.6,
0,1,0,244,67172.8,1,0,1,30389.4,35044.5,
0,1,0,245,30172.6,1,0,1,35155.3,14888.3,
0,1,0,245,9076.75,1,0,1,34993.4,34691.2,
0,1,0,246,5896.17,1,0,1,26122,34485.2,
0,1,0,249,68755.2,1,0,1,34327.6,26256.6,
0,1,0,251,415681,16,0,16,5677.9,18692.1,
2,3,2,252,117637,104,101,3,20490.7,16449.2,
0,1,0,254,42931.1,2,0,2,18713.6,16633.1,
0,1,0,255,8178.78,1,0,1,9111.2,21582,
0,1,0,256,70907.6,1,0,1,31465.6,27380.1,
0,1,0,258,37114.9,1,0,1,37077.7,36383.7,
0,1,0,258,140930,6,0,6,37112.3,33041.3,
0,1,0,260,7949.91,1,0,1,31329.1,17317.2,
0,1,0,260,9468.97,1,0,1,35071,14585.8,
0,1,0,260,71056.7,1,0,1,29199.5,15556.5,
0,1,0,271,34048.7,1,0,1,39899.5,9517.92,
0,1,0,274,67390.5,1,0,1,27834.1,26571.7,
0,1,0,274,14639.2,1,0,1,25221.9,6558.52,
0,1,0,275,17434,1,0,1,23354,6848.34,
0,1,0,278,119220,4,0,4,16902.9,18751.5,
0,1,0,282,40755,1,0,1,26767.7,38237.1,
0,1,0,284,69794.2,1,0,1,4960.41,25687,
0,1,0,288,12576,1,0,1,27254.4,34095.8,
0,1,0,289,43333.6,1,0,1,5313.19,31272.1,
0,1,0,290,7894.91,1,0,1,30378.1,25031,
0,1,0,291,10295.3,1,0,1,29717.4,30618.7,
0,1,0,292,46704.9,2,0,2,22682.1,30856,
0,1,0,295,69784,1,0,1,29585.3,33431.5,
0,1,0,295,8037.58,1,0,1,22849.3,26288.3,
0,1,0,296,8822.76,1,0,1,33091.1,31383.1,
0,1,0,296,115702,2,0,2,36733.3,28484.5,
0,1,0,297,11872.9,1,0,1,33373.5,34674.1,
0,1,0,297,13756.4,1,0,1,32321.1,35407.5,
0,1,0,304,67723.7,1,0,1,36197.6,29725.1,
0,1,0,311,9782.92,1,0,1,16697.7,28174.9,
0,1,0,312,10092.8,1,0,1,16751.4,28389,
0,1,0,313,36062.6,1,0,1,24525.5,11153.2,
0,1,0,315,30056.7,1,0,1,20762.9,25604.7,
0,1,0,315,83275.8,2,0,2,38679,40264.5,
0,1,0,317,12661.3,1,0,1,38090.3,10559.8,
0,1,0,318,36409.8,1,0,1,38514.8,11270.3,
0,1,0,319,66660.8,1,0,1,30753.8,1297.53,
0,1,0,319,14616.4,1,0,1,28171.2,10874.8,
0,1,0,327,67543.5,1,0,1,35007.5,38199,
0,1,0,327,10391.3,1,0,1,6453.76,35078.7,
0,1,0,328,36134.3,1,0,1,20345.8,28696,
0,1,0,330,69638.4,1,0,1,27294.5,30527,
0,1,0,333,126334,4,0,4,22121.6,9632.38,
0,1,0,333,8530.79,1,0,1,9157.32,31854.6,
0,1,0,335,36082.7,1,0,1,17100.1,37959.9,
0,1,0,336,9032.57,1,0,1,33606.2,28372,
0,1,0,336,7065.5,1,0,1,15111.1,16781.5,
0,1,0,337,110268,3,0,3,35352.9,34895.6,
1,2,1,338,90631,8,5,3,19916,16767.8,
0,1,0,338,327264,7,0,7,18939.3,16165.6,
1,2,1,341,43041.3,14,12,2,26908.7,18822.5,
0,1,0,341,59121.2,1,0,1,21201,16268.4,
0,1,0,342,9194.16,1,0,1,11977.4,19030.1,
0,1,0,342,31535,1,0,1,20984.5,16522.3,
0,1,0,343,69990,1,0,1,13845.7,18003.3,
0,1,0,346,40899.5,1,0,1,19658.9,16841.4,
0,1,0,348,110063,2,0,2,18780.9,15967.3,
0,1,0,352,9709.67,1,0,1,38247.7,26764.5,
0,1,0,352,16322,1,0,1,12877.6,38320.8,
0,1,0,354,68807.7,1,0,1,20257.5,16301.3,
0,1,0,354,7957.47,1,0,1,21685.7,30986.3,
0,1,0,355,34876.4,1,0,1,21120.1,32127,
0,1,0,356,73453.8,1,0,1,7997.72,37763.4,
0,1,0,356,103537,2,0,2,21217,31485.7,
0,1,0,357,31221.4,1,0,1,32771.6,18110.3,
0,1,0,357,66684.4,1,0,1,38956.1,10287.4,
0,1,0,357,150695,3,0,3,37430.4,21675.8,
0,1,0,357,72746.9,1,0,1,4303.68,36434.5,
0,1,0,358,18223.8,1,0,1,21821.6,31621.2,
0,1,0,359,38381.3,1,0,1,22054.6,33772.1,
0,1,0,360,105676,2,0,2,24827.2,33906.4,
0,1,0,361,71694.9,1,0,1,25348.6,33646.1,
0,1,0,365,131406,3,0,3,16317.8,33457.5,
0,1,0,365,68405.8,1,0,1,27339.3,31446.6,
0,1,0,366,71458.7,2,0,2,18850.2,9650.79,
0,1,0,377,69128,1,0,1,23268.5,33274.1,
0,1,0,378,73693.4,1,0,1,23828.3,30974.4,
0,1,0,379,36154.9,1,0,1,28538.1,19391.6,
0,1,0,379,66441.1,1,0,1,24550.8,28317.5,
0,1,0,380,31227.3,1,0,1,24910.5,28015.7,
0,1,0,380,21626.8,1,0,1,26718.3,20971.3,
0,1,0,381,68015.9,1,0,1,32754,35598.1,
0,1,0,381,33228.5,1,0,1,31124.4,30772.9,
0,1,0,381,31298.4,1,0,1,27751.3,22057.3,
0,1,0,381,32476.3,1,0,1,30079.4,29106.6,
0,1,0,382,37564.2,1,0,1,32520.5,35642,
0,1,0,382,84237.8,2,0,2,28785.9,17272.6,
0,1,0,382,110479,2,0,2,40278.4,24027.6,
0,1,0,382,7195.44,1,0,1,28487.6,23875.9,
5,6,5,383,1.99122e+06,65,12,53,29382.6,39686.7,
0,1,0,386,30590.9,1,0,1,7296.98,25972.8,
0,1,0,386,159674,3,0,3,17205.2,17282.5,
0,1,0,387,32036.9,1,0,1,26456.9,31111.8,
13,14,13,387,2.8843e+06,106,44,62,23180.4,12199.2,
0,1,0,389,31965.7,1,0,1,21895.9,36797.5,
1,2,1,395,91976.2,3,1,2,8921.89,23355.3,
0,1,0,396,160948,5,0,5,32910.2,27591.4,
0,1,0,400,9438.51,1,0,1,4842.45,23238.5,
0,1,0,405,37940.8,1,0,1,7457.16,38248.5,
0,1,0,406,72620.3,1,0,1,7469.78,38947.5,
0,1,0,407,36833.8,1,0,1,36407.9,37327.2,
0,1,0,408,67172.1,1,0,1,35298.9,36989.2,
0,1,0,410,34802.3,1,0,1,9411.84,11390.1,
0,1,0,411,71349.9,1,0,1,12887,26119.3,
0,1,0,413,20297.3,1,0,1,16162.1,35024.5,
0,1,0,414,63297.3,1,0,1,5165.77,25909.6,
0,1,0,415,7563.53,1,0,1,35739.9,14510.1,
0,1,0,416,34261.8,1,0,1,38319.4,19686.6,
0,1,0,416,38832.5,1,0,1,3912.07,31079.3,
0,1,0,417,24487.7,1,0,1,17634.3,26127.1,
0,1,0,417,12003.9,1,0,1,24017.1,33707.1,
0,1,0,418,11193.3,1,0,1,8573.22,37755.4,
0,1,0,418,63252.6,1,0,1,17743.3,25769.4,
0,1,0,418,149201,3,0,3,39837.8,35569.4,
0,1,0,421,51771.4,1,0,1,6102.6,34074.5,
0,1,0,421,35429.6,1,0,1,24666,30028.7,
0,1,0,422,30923.3,1,0,1,25252.3,28081,
0,1,0,423,35169.8,1,0,1,29011.2,32783,
0,1,0,424,11235.6,1,0,1,28628.5,34374.3,
0,1,0,424,73188.5,1,0,1,35530.8,25399.4,
0,1,0,425,7922.7,1,0,1,32346.1,35104.3,
1,2,1,425,107500,4,1,3,39896.5,3415.19,
0,1,0,425,70782.5,1,0,1,36744.6,33305.5,
0,1,0,425,16564.4,1,0,1,29199.9,31935.1,
0,1,0,426,31893.5,1,0,1,37679.6,32479.2,
0,1,0,426,176160,3,0,3,20967.4,25985.6,
0,1,0,426,75247,1,0,1,29701.7,10025.2,
0,1,0,426,10110.6,1,0,1,30285.7,36446.6,
0,1,0,427,36206.7,1,0,1,28241,37732.3,
0,1,0,427,14068.3,1,0,1,7639.39,33409.9,
0,1,0,427,156426,3,0,3,4245.93,37839.4,
0,1,0,428,80443.3,1,0,1,21804.1,16666,
0,1,0,428,33579.3,1,0,1,7517.13,8463.63,
0,1,0,429,74345.9,1,0,1,26718.7,36923.6,
0,1,0,433,10922.7,1,0,1,39200.6,24191.2,
0,1,0,434,77710.5,1,0,1,33116.4,34356.6,
0,1,0,434,34378.1,1,0,1,35182.6,33276,
0,1,0,435,127387,3,0,3,35932.8,26162.1,
0,1,0,440,97844.4,2,0,2,33418.3,12306,
1,2,1,440,694941,15,1,14,29221.2,32906.1,
0,1,0,440,74050.1,1,0,1,19867.8,29299.8,
0,1,0,441,8724.96,1,0,1,22935.7,13453.7,
0,1,0,441,9201.16,1,0,1,39558.4,21060,
0,1,0,445,35608,1,0,1,34666.7,17575.3,
0,1,0,448,70507.7,1,0,1,34290.1,20779.1,
0,1,0,449,16205.9,1,0,1,39101.8,21609,
0,1,0,455,143045,3,0,3,22652.8,32203.2,
0,1,0,456,68680.7,1,0,1,38311,29161.6,
0,1,0,461,31210.1,1,0,1,37392.4,28329,
0,1,0,464,64612.5,1,0,1,37123.9,11521.1,
0,1,0,468,115307,3,0,3,16483.8,1261.09,
0,1,0,469,11367.3,1,0,1,38397.5,8553.16,
0,1,0,470,9173.56,1,0,1,14430.2,24024.3,
0,1,0,471,31611.6,1,0,1,38209.5,10154.5,
0,1,0,474,76309.6,1,0,1,33886.9,30854.7,
0,1,0,476,8953.1,1,0,1,20988.8,6153.43,
0,1,0,476,94021.2,1,0,1,5502.2,30877.8,
0,1,0,478,7306.45,1,0,1,36403.6,24034.6,
0,1,0,478,75352,1,0,1,18393.7,37734.4,
0,1,0,479,35831.7,1,0,1,36041.1,22930,
0,1,0,480,68677.6,1,0,1,22732.7,19867.4,
2,3,2,480,88855.7,219,216,3,26593.1,36366.5,
0,1,0,482,40989.4,1,0,1,33187.7,29673.2,
0,1,0,483,66987.3,1,0,1,37519.3,36036.6,
0,1,0,483,12168.4,1,0,1,33432.5,39929.5,
0,1,0,485,121205,2,0,2,32474.5,5217.08,
0,1,0,487,33415,1,0,1,23073.6,24879.7,
0,1,0,488,37394.8,1,0,1,38247.8,28020.6,
1,2,1,491,164194,14,11,3,24370.9,31040,
0,1,0,494,32440,1,0,1,22742.9,17703.8,
0,1,0,499,59879.5,1,0,1,29948.8,17260.4,
0,1,0,505,74197.8,2,0,2,6614.02,31155.9,
0,1,0,508,32695.5,1,0,1,23311.8,36806.1,
0,1,0,508,53687.9,1,0,1,25418.9,37168.1,
0,1,0,509,71028.9,1,0,1,32381.8,34517,
0,1,0,510,166110,3,0,3,32673,35044.9,
0,1,0,516,69505.7,1,0,1,24459.4,34993,
0,1,0,517,32921.8,1,0,1,22914,33922.9,
0,1,0,518,74898.4,1,0,1,21617.6,31808.6,
5,6,5,518,1.60819e+06,70,36,34,6158.87,27323,
0,1,0,518,17803.4,1,0,1,21605.3,31892.4,
0,1,0,519,70746.8,1,0,1,23256.9,31316.4,
0,1,0,520,31310.8,1,0,1,29503.2,28400.6,
0,1,0,521,70035,1,0,1,27773,28997.8,
0,1,0,521,116459,3,0,3,14382.8,28729.1,
0,1,0,526,35931.2,1,0,1,31639.3,27049.5,
0,1,0,526,62129.4,1,0,1,34537.7,15152.3,
0,1,0,527,33442.9,1,0,1,22758.8,20651.5,
0,1,0,531,13605.3,1,0,1,38099,36672.4,
0,1,0,531,35478.9,1,0,1,33479.7,18945.5,
0,1,0,533,76960.6,2,0,2,40188.3,34869.7,
0,1,0,537,79860.3,2,0,2,25712.4,36312,
0,1,0,541,37749.9,1,0,1,6311.25,25721.3,
0,1,0,551,10213.3,1,0,1,20050.6,18760.8,
1,2,1,553,99902,20,18,2,31880.4,24635.4,
0,1,0,554,38066.5,1,0,1,39680.4,12518.9,
0,1,0,556,32811.7,1,0,1,36375.5,20541.2,
0,1,0,557,45884.1,1,0,1,37136,37326.6,
0,1,0,557,70859.6,1,0,1,39029.2,21019.2,
0,1,0,559,68876.3,1,0,1,9591.51,15449.7,
0,1,0,564,40031.3,1,0,1,35687.7,29461,
0,1,0,573,41376.1,1,0,1,26335.1,26765.8,
0,1,0,573,6609.4,1,0,1,25378,12864,
0,1,0,576,39752,1,0,1,11559.8,32447,
0,1,0,577,41488.7,1,0,1,34244.3,1747.94,
0,1,0,577,71877.1,1,0,1,39083.4,35038.5,
0,1,0,586,9051.68,1,0,1,28022.5,24723.8,
0,1,0,588,194286,5,0,5,39227,27302.3,
2,3,2,589,180856,25,22,3,30692.4,8294.83,
0,1,0,590,32668.6,1,0,1,21424.6,3149.75,
0,1,0,595,34534.9,1,0,1,19374.5,26706.1,
0,1,0,595,72541.2,1,0,1,8122,37252.6,
0,1,0,596,37748.7,1,0,1,17034.1,16766.8,
0,1,0,599,27812.8,1,0,1,24802.2,30421.5,
0,1,0,602,7707.17,1,0,1,14656.5,31955.3,
0,1,0,603,33812.6,1,0,1,12095.3,37284.1,
1,2,1,603,122668,3,1,2,15058.4,21004.7,
0,1,0,604,14809.7,1,0,1,28756.7,40097.5,
0,1,0,604,86972.6,2,0,2,11170.8,40018.5,
0,1,0,610,149371,3,0,3,31432.4,38677.4,
0,1,0,612,70689.8,1,0,1,30398.5,39458.3,
0,1,0,612,69903,1,0,1,30938.2,23223.8,
0,1,0,613,30310.4,1,0,1,30190.4,39578.3,
0,1,0,614,48916.8,1,0,1,26153,19768.7,
0,1,0,617,229467,5,0,5,29240.4,12670.3,
0,1,0,618,38650,1,0,1,39062.2,37392.9,
0,1,0,619,71072.7,1,0,1,25588.3,20312.8,
0,1,0,625,10969.6,1,0,1,17702.2,22756.8,
0,1,0,628,65764.8,1,0,1,36173.7,17098.8,
0,1,0,629,38201.6,1,0,1,3320.6,30564.8,
0,1,0,631,17135.9,1,0,1,15052.4,37486.8,
0,1,0,632,74656.5,1,0,1,35116.6,28256.8,
0,1,0,636,33617.3,1,0,1,22927.8,25146.2,
0,1,0,636,357652,8,0,8,17752.8,19452.1,
0,1,0,636,37611.3,1,0,1,14344.3,25713.4,
0,1,0,637,71164.6,1,0,1,25524.2,29386.8,
0,1,0,637,9281.93,1,0,1,14352.6,25372.2,
0,1,0,638,34235.3,1,0,1,33972.9,34535.3,
0,1,0,638,71653.6,1,0,1,34255.3,33134.7,
0,1,0,639,76145.1,1,0,1,33150.4,35042.8,
0,1,0,639,37052.4,1,0,1,27612.7,35229.9,
0,1,0,639,104032,2,0,2,24472.9,23328.2,
1,2,1,640,95790.5,262,260,2,23402.1,33542.6,
0,1,0,646,34887,1,0,1,19463.5,37094.6,
0,1,0,647,104538,2,0,2,30623.1,26836,
0,1,0,647,7702.61,1,0,1,25869.9,19942.7,
0,1,0,649,41047.4,1,0,1,30099.7,31910.2,
0,1,0,649,9058.45,1,0,1,12706.1,37486.9,
0,1,0,650,66484.3,1,0,1,32020.1,25792.4,
0,1,0,650,210894,4,0,4,24381.6,22685.4,
0,1,0,651,11938.6,1,0,1,30859.7,9233.34,
0,1,0,651,38574.4,2,0,2,634.242,33210.3,
0,1,0,657,83635.3,2,0,2,25618.2,22015.3,
0,1,0,661,14022.1,1,0,1,22770.3,15709.5,
0,1,0,673,37968.2,2,0,2,7265.1,38261,
0,1,0,674,73714.6,1,0,1,37160.9,32077.9,
0,1,0,676,10161.7,1,0,1,31436.4,27310.7,
0,1,0,676,33087.1,1,0,1,25751.8,39144.4,
0,1,0,677,71581.7,1,0,1,33187.1,25311.5,
0,1,0,677,13268.6,1,0,1,16339.1,29168.7,
0,1,0,677,66188.3,1,0,1,34535.9,24773.8,
4,5,4,677,177584,16,11,5,34659.1,23062.6,
1,2,1,680,314476,9,2,7,32272.1,27309.8,
0,1,0,684,67309.1,1,0,1,38202.7,10613.9,
0,1,0,689,35246.4,1,0,1,32428.8,24242.4,
0,1,0,690,35847.5,1,0,1,23187.4,21108.5,
1,2,1,691,112941,280,277,3,29726.1,29923,
0,1,0,691,69128.2,1,0,1,30565.3,27708.9,
0,1,0,692,32510.3,1,0,1,21944.2,28541.8,
0,1,0,692,69248.9,1,0,1,26422.3,5104.78,
0,1,0,692,70001.7,1,0,1,28342.6,25742.2,
1,2,1,692,164740,50,46,4,14385.9,37446.4,
0,1,0,694,68519,1,0,1,20467.9,7816.99,
0,1,0,698,30310.1,1,0,1,31799,32337.8,
0,1,0,699,8068.82,1,0,1,14469.7,10699.5,
0,1,0,701,36360.1,1,0,1,31973.7,34250.9,
0,1,0,701,70184.5,1,0,1,38825,18171.3,
0,1,0,701,31731.2,1,0,1,546.092,13878.5,
0,1,0,702,71466.5,1,0,1,8821.88,34023.8,
0,1,0,702,9450.52,1,0,1,34520.8,25563.4,
6,7,6,703,1.68031e+06,66,23,43,28079.9,23000.9,
0,1,0,704,102292,2,0,2,36572.6,23281.1,
0,1,0,707,75990,1,0,1,31553.1,34756.3,
0,1,0,708,35805.7,1,0,1,29507.5,32212,
0,1,0,709,63107.3,1,0,1,8385.71,12298.8,
0,1,0,712,37510.6,1,0,1,39996.1,34001.7,
0,1,0,717,71921.7,1,0,1,19653,28657.6,
0,1,0,718,33035.7,1,0,1,31831.1,31317.6,
0,1,0,720,70532.6,1,0,1,19968.7,37688.9,
0,1,0,724,34950,1,0,1,27713.9,23561.4,
0,1,0,725,75056.7,1,0,1,29339.1,33686.8,
0,1,0,725,145108,3,0,3,7008.15,10404.4,
0,1,0,726,30920.2,1,0,1,37751.9,35874.6,
0,1,0,727,14113.5,1,0,1,12361.8,39334.3,
0,1,0,728,95443,2,0,2,22507.8,19046.3,
0,1,0,728,34614.9,1,0,1,26763,29917.9,
0,1,0,729,67364.6,1,0,1,29966.3,31520.1,
0,1,0,730,24789.6,1,0,1,32509.3,18058.9,
0,1,0,730,75158,1,0,1,30114.7,6704.83,
0,1,0,737,33749,1,0,1,28004.9,8811.9,
0,1,0,741,74878.9,1,0,1,18144.7,4273.2,
0,1,0,744,37651.1,1,0,1,39753.7,38059.9,
0,1,0,747,47903.3,2,0,2,36607.1,37236.8,
0,1,0,747,153436,3,0,3,13842.9,38717.8,
0,1,0,748,36369.4,1,0,1,18320.7,28290.2,
0,1,0,752,9088.47,1,0,1,13406.3,3555.13,
0,1,0,752,72842,1,0,1,15289.7,28510.7,
0,1,0,755,33177.1,1,0,1,31691,16524.9,
0,1,0,758,14436,1,0,1,28412.5,35735.9,
0,1,0,759,75020.9,1,0,1,16661.1,846.929,
0,1,0,759,107003,2,0,2,32953.3,37773.7,
1,2,1,761,114604,169,166,3,4624.99,16526.1,
0,1,0,762,34468.7,1,0,1,30936.8,34584.9,
0,1,0,764,71266,1,0,1,2024.87,7706.82,
0,1,0,767,32469.3,1,0,1,23996.9,34192.9,
0,1,0,767,7041.47,1,0,1,31442.2,11089.8,
0,1,0,767,10953.9,1,0,1,26393.2,31099,
0,1,0,768,112748,2,0,2,23499.2,36458,
0,1,0,768,14190.2,1,0,1,24538.3,28260.3,
0,1,0,769,184320,5,0,5,24152.5,34708.1,
0,1,0,771,35106.1,1,0,1,37358.5,18657.2,
0,1,0,771,37819.3,1,0,1,24871.1,37503.8,
0,1,0,771,75237.5,1,0,1,38713,24439.8,
0,1,0,772,71519,1,0,1,23585.1,39565.2,
0,1,0,773,34293.4,1,0,1,36257.6,26360.3,
0,1,0,773,71752.3,1,0,1,35353.1,25690.4,
0,1,0,775,8511.7,1,0,1,23711.6,37011.5,
0,1,0,776,32917.8,1,0,1,31951.6,7960.89,
0,1,0,776,29725.8,1,0,1,26260,24318.2,
0,1,0,777,71955.5,1,0,1,28582.9,38660.5,
0,1,0,778,35164.3,1,0,1,15439.1,27038,
0,1,0,778,73156.5,1,0,1,34171.8,6877.66,
0,1,0,778,8005.14,1,0,1,28668.3,39729.4,
0,1,0,779,32223.8,1,0,1,18853.9,30758.8,
1,2,1,779,115041,139,137,2,20035.3,38006.3,
0,1,0,780,74000.6,1,0,1,38278.6,27399.5,
0,1,0,781,8945.62,1,0,1,33398.9,27506.2,
0,1,0,781,7033.44,1,0,1,35520.9,24215.8,
0,1,0,782,31816.2,1,0,1,35282.8,23244.2,
0,1,0,786,103682,2,0,2,21166.9,35978.7,
0,1,0,792,74528.2,1,0,1,11660.7,25889.8,
0,1,0,794,33682.6,1,0,1,17400.1,27207.2,
0,1,0,796,74782.1,1,0,1,21026.1,37722.6,
0,1,0,797,120545,4,0,4,20763.1,37909.3,
0,1,0,797,9790.56,1,0,1,14040.2,28631.1,
0,1,0,797,104376,2,0,2,18898.1,26361.5,
0,1,0,800,33395.7,1,0,1,25389,20350,
0,1,0,801,70716.2,1,0,1,18948.8,27813.9,
0,1,0,807,11059.4,1,0,1,28587.9,40132.9,
0,1,0,807,72245.3,1,0,1,28996,39862.6,
0,1,0,808,32983.8,1,0,1,27275.6,37384.8,
1,2,1,810,100432,236,234,2,22468.4,4765.51,
0,1,0,811,73889.5,1,0,1,35023.3,17285.4,
0,1,0,811,36563.8,1,0,1,18709.3,37827.2,
0,1,0,814,74461.9,1,0,1,37613.2,31237.2,
0,1,0,814,35324.4,1,0,1,8432.56,5202.4,
0,1,0,815,44074.6,2,0,2,30337.9,40233.8,
0,1,0,816,68354.1,1,0,1,33812.1,33883.8,
0,1,0,816,73964.4,1,0,1,14855.3,12455.7,
0,1,0,819,32508.7,1,0,1,23981.9,31318,
0,1,0,820,69127.2,1,0,1,32401.8,34352.6,
0,1,0,820,35253.2,1,0,1,29296.2,37068.8,
0,1,0,820,66187.3,1,0,1,3034.01,34389.5,
1,2,1,821,130676,14,11,3,4487.25,34616.5,
0,1,0,821,74533.5,1,0,1,32280.3,32236.4,
0,1,0,821,33292.1,1,0,1,31191.2,30913.8,
0,1,0,822,35884.3,1,0,1,40304.8,34987.8,
0,1,0,825,212216,4,0,4,31437,23188.6,
0,1,0,826,66748.6,1,0,1,27332.7,21452.1,
0,1,0,827,27131.7,1,0,1,8766.01,32142.3,
0,1,0,832,69155,1,0,1,25111.7,22078.4,
0,1,0,832,72966.2,1,0,1,33306.8,13559.6,
0,1,0,833,43407.9,1,0,1,38376.8,10134.5,
0,1,0,838,37561.2,1,0,1,11428.7,20140.3,
0,1,0,844,69948.2,1,0,1,6684.49,37206.5,
0,1,0,845,300610,6,0,6,9332.96,34809.9,
0,1,0,846,8457.25,1,0,1,3420.01,36453.5,
0,1,0,846,68240.8,1,0,1,34698,36829.9,
0,1,0,847,33410,1,0,1,5851.9,38048.9,
1,2,1,847,93887.8,3,1,2,25761.2,13354.2,
0,1,0,847,47206.6,2,0,2,14567.9,12902.1,
0,1,0,849,60074.2,1,0,1,691.739,36026.3,
0,1,0,851,37117.2,1,0,1,22686,33215.4,
0,1,0,852,8193.63,1,0,1,22393.2,31396.7,
0,1,0,853,74016,1,0,1,39589.5,31920.1,
0,1,0,853,30513.7,1,0,1,20592.4,31589.5,
0,1,0,853,13456.3,1,0,1,20454.7,37399.8,
0,1,0,854,69083.2,1,0,1,22382.5,31103.4,
0,1,0,855,7115.58,1,0,1,17411.6,30872.8,
0,1,0,855,30097.8,1,0,1,35980.4,26908.5,
0,1,0,856,82413.4,2,0,2,6755.06,36999,
0,1,0,856,63676,2,0,2,16269.2,32591.7,
0,1,0,856,10361.1,1,0,1,33049.3,27696.8,
0,1,0,859,71888.4,1,0,1,1612.99,32629.9,
0,1,0,859,44320.1,2,0,2,39013.8,14746.5,
0,1,0,860,7235.36,1,0,1,38085.1,33178.7,
0,1,0,867,70665.2,1,0,1,24285.3,24675.9,
0,1,0,869,71316.4,1,0,1,19166.1,12313.4,
0,1,0,875,15945.9,1,0,1,34552.4,30446.7,
0,1,0,876,35815.3,1,0,1,28946.9,31466.6,
0,1,0,877,9249.01,1,0,1,33808.9,30486.1,
0,1,0,878,33305.2,1,0,1,32675.8,13778.2,
0,1,0,878,27126,1,0,1,38365.3,35783.1,
0,1,0,879,73578.2,1,0,1,29282.3,32221.1,
1,2,1,879,16303.9,4,2,2,24114.1,18320.8,
0,1,0,883,14301.6,2,0,2,26903,33268,
0,1,0,884,35992,1,0,1,19923.1,36933.7,
0,1,0,885,221401,7,0,7,28270.5,40138.6,
0,1,0,885,35745.1,1,0,1,18499.9,23641.4,
0,1,0,886,70577.3,1,0,1,18142.7,37293.5,
0,1,0,887,8227.33,1,0,1,27682.6,35051.9,
0,1,0,893,27535.4,1,0,1,28523.1,29705.2,
1,2,1,893,14550,211,209,2,25699.9,27371.4,
0,1,0,897,32239.7,1,0,1,30941.9,31644.8,
0,1,0,898,95031.4,2,0,2,5864.48,37133.8,
0,1,0,900,32194.9,1,0,1,22954.3,37646.1,
1,2,1,901,108011,178,176,2,32062.5,34771.8,
0,1,0,902,62890.6,1,0,1,33876.4,27001.8,
0,1,0,902,7996.43,1,0,1,26567.7,29730.8,
0,1,0,902,30273.3,1,0,1,24931.2,13752.1,
0,1,0,903,101332,2,0,2,13008.2,23289.7,
0,1,0,905,70254.4,1,0,1,18737.6,35013.3,
0,1,0,906,12388.3,1,0,1,19482.2,35820.7,
0,1,0,907,38766.8,1,0,1,22206.1,36904.4,
0,1,0,908,69336.8,1,0,1,17492.5,31768.3,
0,1,0,909,36615.9,1,0,1,18396.4,31651.3,
0,1,0,910,75308.3,1,0,1,37530.7,32469.3,
0,1,0,912,68490.9,1,0,1,18707.4,35323.1,
0,1,0,912,35760.3,1,0,1,36777.1,29735.5,
0,1,0,913,14767,1,0,1,8857.87,36809.9,
0,1,0,913,106611,2,0,2,16625.4,37982.3,
0,1,0,915,6107.87,1,0,1,37456.5,32743.5,
0,1,0,915,27819.4,1,0,1,24452,25048.6,
0,1,0,916,69451.6,1,0,1,24817.7,37800.5,
6,7,6,917,518267,47,33,14,22489.9,20317.6,
0,1,0,917,57765.6,1,0,1,26892,31931.9,
0,1,0,917,32898.6,1,0,1,27986.1,30057.9,
0,1,0,918,70204,1,0,1,27889.8,31884.6,
0,1,0,918,18723.5,1,0,1,22621.2,23376.5,
0,1,0,918,37102.7,1,0,1,26954.9,32629.5,
0,1,0,919,10812.6,1,0,1,29575.8,20727.5,
0,1,0,919,74506.4,1,0,1,21557.5,9926.98,
0,1,0,923,6844.49,1,0,1,18255.2,25598.8,
0,1,0,926,19778.4,1,0,1,31300,18577.7,
0,1,0,930,18724.5,1,0,1,20344,17703.2,
0,1,0,930,97866.4,2,0,2,37823,37588.5,
0,1,0,932,18928.9,1,0,1,20070.9,18132.5,
0,1,0,934,6438.38,1,0,1,38889.5,10959,
0,1,0,934,11854,1,0,1,26293,29915.1,
0,1,0,936,67071.7,1,0,1,25926.2,9456.8,
0,1,0,936,29868.9,1,0,1,21419.7,34697.4,
0,1,0,939,27830.4,1,0,1,18101,38361.3,
0,1,0,943,79417,2,0,2,18795.9,16605.8,
0,1,0,947,48810.3,2,0,2,22135.9,37631.2,
0,1,0,949,12552.8,1,0,1,14539.5,31777.4,
0,1,0,953,101825,2,0,2,23766.4,20629.6,
0,1,0,954,28855.7,1,0,1,1504.84,36386.4,
0,1,0,956,65638.6,1,0,1,28813.7,29086.8,
0,1,0,958,72268.5,1,0,1,30424.2,9644.35,
0,1,0,958,35371.7,1,0,1,21481.6,25436.4,
0,1,0,962,11858,1,0,1,28668.6,33831.1,
0,1,0,962,8616.9,1,0,1,14086.6,27521.7,
0,1,0,963,7396.04,1,0,1,28807.2,33728.3,
0,1,0,963,72157,1,0,1,28999,19997.4,
0,1,0,963,28066.9,1,0,1,27099.3,32508.5,
0,1,0,963,13705.9,1,0,1,14539.5,28625.1,
0,1,0,964,72782.1,1,0,1,29447.8,20410.1,
0,1,0,965,33308.9,1,0,1,26303.8,29463.2,
0,1,0,966,9984.52,1,0,1,25269.9,29579.8,
0,1,0,967,70538.7,1,0,1,23667.6,25337.7,
0,1,0,967,35113.1,1,0,1,24699.2,25174.3,
0,1,0,968,17677.1,1,0,1,25813.5,33432.1,
0,1,0,968,33745.3,1,0,1,8802.63,10269,
0,1,0,969,15390.1,1,0,1,37651.3,28167.1,
0,1,0,969,68191,1,0,1,24888.4,19663.4,
0,1,0,970,146740,4,0,4,1195.29,36678.2,
0,1,0,972,28226.9,1,0,1,31513.7,33928.6,
0,1,0,972,25838.9,1,0,1,30509.5,33561.5,
1,2,1,972,125575,31,27,4,4271.14,14015.6,
0,1,0,973,34460,1,0,1,5866.1,34951.4,
0,1,0,974,72828,1,0,1,28841.9,33103.5,
0,1,0,976,30786.5,1,0,1,33613.5,31689,
0,1,0,977,90110.7,2,0,2,38461.2,39645.5,
0,1,0,977,36549.4,1,0,1,28889.7,32598,
0,1,0,979,70389.9,1,0,1,10456.7,37376.1,
1,2,1,981,117201,45,40,5,19739.6,26209.7,
0,1,0,983,17678.4,1,0,1,30322.2,39300.2,
0,1,0,983,32743.3,1,0,1,39435.6,39544.3,
1,2,1,984,77895.2,6,4,2,40309.9,15148.8,
0,1,0,992,74753.7,1,0,1,12270.9,21674,
0,1,0,993,15586.4,1,0,1,2089.82,3481.63,
0,1,0,1006,20495.7,1,0,1,34037.8,2620.05,
0,1,0,1006,40431.5,1,0,1,23056,18618.9,
0,1,0,1008,7122.63,1,0,1,36706.1,37943.8,
0,1,0,1010,12453.1,1,0,1,35814.2,22749.6,
0,1,0,1014,25917.3,1,0,1,25596.7,36515.4,
0,1,0,1016,108614,3,0,3,19494.7,28215.6,
1,2,1,1018,182666,7,2,5,14231.8,26229.1,
0,1,0,1028,6207.53,1,0,1,22375.7,7307.29,
0,1,0,1029,32424.4,1,0,1,24084.5,30508.4,
0,1,0,1030,8644.49,1,0,1,25159.5,10660.1,
2,3,2,1033,442076,14,3,11,25172.9,17282.4,
0,1,0,1033,111510,2,0,2,26191,27413.9,
0,1,0,1033,17494.9,1,0,1,27805,23719.5,
0,1,0,1034,37915.3,1,0,1,13262.4,1208.9,
0,1,0,1034,80342.2,2,0,2,23499.1,30908,
0,1,0,1035,16142.9,1,0,1,37701.8,34055.3,
0,1,0,1035,33623.3,1,0,1,36767,32006,
0,1,0,1036,77701.9,1,0,1,28948.2,29955.6,
0,1,0,1037,29913.5,1,0,1,24277.3,1582.09,
0,1,0,1039,67974.5,1,0,1,25480.5,27495,
0,1,0,1042,9859.5,1,0,1,31473.2,11770.5,
0,1,0,1044,33013.4,1,0,1,33378.4,9384.87,
0,1,0,1047,6252.87,1,0,1,29945.4,20657.8,
0,1,0,1049,267075,6,0,6,40056.3,2993.87,
0,1,0,1051,61587.2,2,0,2,38093.2,31394,
0,1,0,1051,62236.8,1,0,1,34405.5,29767.9,
0,1,0,1051,29750.4,1,0,1,34634.1,29681.9,
0,1,0,1051,71905.4,1,0,1,20862.4,23462.6,
1,2,1,1052,45429.5,5,3,2,17088.9,26944.5,
0,1,0,1054,72273.4,1,0,1,22758.5,31610.6,
0,1,0,1055,15655.8,1,0,1,24322.5,32945.3,
0,1,0,1055,34365.2,1,0,1,23146.1,33632.1,
0,1,0,1056,12404.2,1,0,1,34209,26876,
0,1,0,1057,38706.1,1,0,1,3303.88,25121.7,
0,1,0,1058,139920,4,0,4,8909.13,38069.5,
0,1,0,1060,65527.4,1,0,1,30605.5,35075.2,
0,1,0,1061,6791.38,1,0,1,22409.7,23292.8,
0,1,0,1065,13503.9,1,0,1,23959.5,25134.6,
0,1,0,1067,29374.7,1,0,1,27320.8,33435.1,
0,1,0,1067,69754.7,1,0,1,19764.1,30634.9,
0,1,0,1070,11932.7,1,0,1,36303.1,33802.8,
0,1,0,1074,110063,2,0,2,17309.4,10727.4,
0,1,0,1074,13301.5,1,0,1,22781.5,15635.9,
0,1,0,1075,50469,1,0,1,22743.3,15454.3,
0,1,0,1077,72339.1,1,0,1,24712,15678,
0,1,0,1078,9949.15,1,0,1,18997.6,18696,
0,1,0,1079,37198.2,1,0,1,22022.5,7324.12,
0,1,0,1079,15900.9,1,0,1,18344.9,16975.2,
0,1,0,1079,75184.7,1,0,1,38322.6,27102.8,
0,1,0,1083,8953.78,1,0,1,34329.6,18382.1,
0,1,0,1087,39263.5,1,0,1,20194.1,27885.7,
0,1,0,1089,72318.5,1,0,1,17189.8,34915,
0,1,0,1090,14283.1,1,0,1,17136.2,38600.2,
0,1,0,1090,30709.1,1,0,1,23558.8,13434.9,
0,1,0,1091,14594.9,1,0,1,19877.2,31501,
0,1,0,1095,32241.2,1,0,1,20829.5,16598.4,
0,1,0,1096,72005.4,1,0,1,21793.6,18715.9,
0,1,0,1096,12274.2,1,0,1,18161.6,18365.1,
0,1,0,1098,34408.5,1,0,1,30881.1,11822.6,
0,1,0,1099,68177.1,1,0,1,27311.3,21716,
0,1,0,1101,102450,2,0,2,12011.4,37880.1,
0,1,0,1102,68307.1,1,0,1,29128.1,28743.7,
0,1,0,1103,174135,6,0,6,8276.93,34076.2,
0,1,0,1104,65952.3,1,0,1,39303,38059.4,
0,1,0,1104,29158.3,1,0,1,28944.7,27027.8,
0,1,0,1105,7754.51,1,0,1,25574.5,24557.4,
0,1,0,1111,40385.7,1,0,1,19673.9,37385.9,
0,1,0,1114,73745.8,1,0,1,20136.5,10281,
0,1,0,1116,31622.8,1,0,1,30569.3,38578.7,
0,1,0,1120,64182.2,1,0,1,2901.69,37491.5,
0,1,0,1129,30485,1,0,1,17066.3,2585.04,
0,1,0,1129,14385,1,0,1,28110.1,37070.1,
0,1,0,1130,70102.5,1,0,1,29627.9,38037.5,
0,1,0,1133,8947.81,1,0,1,21042,31203.9,
0,1,0,1136,28967.4,1,0,1,8924.78,15525.9,
0,1,0,1139,6485.43,1,0,1,31661.6,24235.7,
0,1,0,1142,71795.6,1,0,1,10103,25996.7,
0,1,0,1142,33256.2,1,0,1,13516.4,19218.1,
0,1,0,1142,10990,1,0,1,38247.2,27524.7,
0,1,0,1143,191450,4,0,4,22622.7,13652.7,
0,1,0,1146,71240.5,1,0,1,15203.8,18917.7,
0,1,0,1147,66020.1,2,0,2,16958.7,19321.1,
0,1,0,1149,67903.8,1,0,1,12899.8,38576.4,
0,1,0,1150,7775.03,1,0,1,13155.4,37982.5,
0,1,0,1151,69652.5,1,0,1,14048.4,37927.5,
0,1,0,1151,31199.5,1,0,1,31470.9,17501.2,
0,1,0,1152,8666.47,1,0,1,22231.7,3681.8,
0,1,0,1153,32040.3,1,0,1,38499.9,25541.7,
0,1,0,1153,70893.9,1,0,1,37295.2,24030,
0,1,0,1154,74060.3,1,0,1,12076.8,1819.29,
0,1,0,1156,34900,1,0,1,17649.2,38100.7,
0,1,0,1157,34969.9,1,0,1,30576.7,15091.3,
0,1,0,1158,137440,2,0,2,19990.4,27740.5,
0,1,0,1162,55389.6,2,0,2,20479.7,34627.5,
0,1,0,1164,31919.7,1,0,1,24181.1,35671.7,
0,1,0,1164,71398.6,1,0,1,37026.4,8950.58,
0,1,0,1166,54431.5,2,0,2,36977.3,10322.6,
0,1,0,1167,67625.1,1,0,1,29312.2,5498.27,
0,1,0,1167,69699.3,1,0,1,24738.7,22155.1,
0,1,0,1170,32300.1,1,0,1,37943.1,11472.9,
0,1,0,1171,16132.3,1,0,1,21408.5,23396.7,
0,1,0,1171,109322,2,0,2,28122.3,713.335,
0,1,0,1172,71281.3,1,0,1,1184.65,18188.6,
0,1,0,1172,33940.3,1,0,1,1310.46,32332.5,
0,1,0,1173,14266.4,1,0,1,38357.2,32147.6,
0,1,0,1175,79728,2,0,2,22525.7,7668.1,
0,1,0,1178,38422.9,1,0,1,37637.6,32945.8,
0,1,0,1178,66346.9,1,0,1,35387.7,32887.1,
0,1,0,1179,32609.5,1,0,1,37050.4,35820,
0,1,0,1180,68391.7,1,0,1,19886.4,7932.62,
0,1,0,1185,107181,2,0,2,21901.5,667.362,
0,1,0,1186,36503.3,1,0,1,11659.6,23257.5,
0,1,0,1188,30841.9,1,0,1,36509.2,5420.6,
0,1,0,1192,70012.9,1,0,1,16401,7826.77,
0,1,0,1194,7829.05,1,0,1,16517.2,39568.2,
0,1,0,1196,31790.4,1,0,1,36834.3,23697.8,
0,1,0,1196,106258,2,0,2,35224.2,30700.2,
0,1,0,1200,116232,3,0,3,20844.1,2318.32,
0,1,0,1201,107403,2,0,2,18232.8,16463.7,
0,1,0,1209,68820.1,1,0,1,36691.3,25489.1,
0,1,0,1209,71934.5,1,0,1,35907.6,24357,
0,1,0,1212,31095.8,1,0,1,26552.1,1537.07,
0,1,0,1215,67327.2,1,0,1,22044.8,5289.66,
1,2,1,1215,106740,3,1,2,22128,12454.4,
0,1,0,1215,29507.7,1,0,1,19689.6,25415.9,
0,1,0,1220,33160.6,1,0,1,24102.5,22881.3,
0,1,0,1220,250865,4,0,4,34622.1,30575.9,
0,1,0,1221,33478.6,1,0,1,27630,40183.7,
0,1,0,1221,68964.3,1,0,1,25089.3,27614.3,
0,1,0,1221,73194,2,0,2,23105.9,22249.1,
0,1,0,1223,69902.7,1,0,1,39587.5,27710.2,
0,1,0,1223,36768.7,1,0,1,21941.1,23424.5,
2,3,2,1223,298332,8,2,6,37515.4,14900.3,
0,1,0,1224,32795,1,0,1,23091.5,22747.9,
0,1,0,1226,68865.5,1,0,1,37114.6,27322.1,
0,1,0,1226,9919.7,1,0,1,34470.5,37373.4,
0,1,0,1227,6434.6,1,0,1,37387.6,23873.6,
0,1,0,1230,40323.9,1,0,1,25350.2,27695.4,
0,1,0,1231,71607.4,1,0,1,9077.28,29475.9,
0,1,0,1231,9614.57,1,0,1,26242.7,27662.3,
0,1,0,1232,69387.4,1,0,1,26748.8,27012.3,
0,1,0,1233,33622.2,1,0,1,25440.2,17593.4,
0,1,0,1234,35523.1,1,0,1,30011.6,26881.1,
0,1,0,1235,66294.9,1,0,1,31082.1,23860.8,
0,1,0,1235,67342.6,1,0,1,34127.2,20882.4,
0,1,0,1236,35984.8,1,0,1,30689,23780.4,
0,1,0,1237,14885.1,1,0,1,20991.9,21117.2,
0,1,0,1237,109243,2,0,2,30509.3,25014.7,
0,1,0,1239,35486.1,1,0,1,30377,24857.7,
0,1,0,1241,71406.1,1,0,1,29945.1,25013.7,
0,1,0,1241,72860.9,1,0,1,30447.1,17178.8,
0,1,0,1243,31321.9,1,0,1,13062.9,15374.3,
0,1,0,1246,34007.7,1,0,1,29247.6,35800.8,
0,1,0,1246,69683,1,0,1,19796,37665.8,
0,1,0,1248,12210,1,0,1,40279.5,7276.43,
0,1,0,1250,68164.7,1,0,1,30508,33086.4,
0,1,0,1253,134766,3,0,3,32982.9,13911.3,
0,1,0,1257,100499,2,0,2,32961.9,19222.6,
0,1,0,1257,141785,3,0,3,30857.2,18043.6,
0,1,0,1258,71689.6,1,0,1,34272.9,38179.5,
0,1,0,1260,71374.7,1,0,1,29427.2,32582.5,
0,1,0,1260,30101.8,1,0,1,29395.3,32013.7,
0,1,0,1261,33713.1,1,0,1,16134.3,21372.1,
0,1,0,1261,66335.2,1,0,1,22973.1,27758.5,
0,1,0,1262,33331.7,1,0,1,27647.4,33254.5,
0,1,0,1262,120986,3,0,3,9318.86,18196.1,
0,1,0,1266,107901,2,0,2,29036.5,31490.8,
0,1,0,1266,18925.4,1,0,1,38801.7,24423.6,
0,1,0,1267,66841.6,1,0,1,33821.7,34237,
0,1,0,1267,36568.3,1,0,1,37739.2,10317.9,
0,1,0,1268,18456.9,1,0,1,12630.7,23922.6,
0,1,0,1272,36157.3,1,0,1,12954.2,38092.5,
0,1,0,1272,68738.1,1,0,1,37761.2,19593.5,
1,2,1,1276,203185,10,6,4,19125.7,32437.8,
3,4,3,1276,205915,35,31,4,32289.6,34068.6,
0,1,0,1277,70195.1,1,0,1,33996.7,11208.2,
0,1,0,1280,33761.7,1,0,1,9430.73,31405.9,
0,1,0,1281,69467.3,1,0,1,5810.22,37175.3,
0,1,0,1282,5483.76,1,0,1,24553.2,27996.8,
0,1,0,1283,35896.6,1,0,1,24750.4,27416.8,
0,1,0,1287,75729.2,1,0,1,33064.9,22728.5,
0,1,0,1288,29887.1,1,0,1,39620,29743.8,
0,1,0,1291,65545.6,1,0,1,31278.6,25768,
0,1,0,1291,34598.1,1,0,1,29390.8,23108.4,
0,1,0,1293,68646.4,1,0,1,22057.8,27969.7,
0,1,0,1295,34873.5,1,0,1,30424.5,28387.6,
0,1,0,1296,66461.6,1,0,1,30162.7,30996.2,
0,1,0,1296,22670,1,0,1,32154.2,30864.7,
0,1,0,1297,35023.8,1,0,1,24097.5,18363.7,
0,1,0,1299,91603,2,0,2,26402.9,30542.9,
0,1,0,1299,35737.9,1,0,1,2711.04,26040.2,
0,1,0,1302,72325.4,1,0,1,27948.4,23839.8,
0,1,0,1303,34808.9,1,0,1,29188.9,25711.3,
0,1,0,1306,69946.9,1,0,1,39100,26891.8,
0,1,0,1307,34365.8,1,0,1,38239,27277.1,
0,1,0,1307,74652.1,1,0,1,29381.4,28978.2,
0,1,0,1308,8598.44,1,0,1,37956.1,27467.6,
0,1,0,1310,34107.8,1,0,1,36323.9,23345.5,
0,1,0,1310,128158,3,0,3,21811.6,1153.43,
0,1,0,1312,15237.2,1,0,1,31573.4,22587.4,
0,1,0,1313,70608.2,1,0,1,31368.7,22428,
0,1,0,1314,10549.7,1,0,1,31364.2,21730.6,
0,1,0,1315,36932.6,1,0,1,29946.4,25468.2,
0,1,0,1315,74246.2,1,0,1,35590,34389.1,
0,1,0,1316,18436.8,1,0,1,28730.9,39133.8,
0,1,0,1316,33520.4,1,0,1,35834.7,34067.1,
0,1,0,1317,6045.08,1,0,1,33179.3,35899.7,
0,1,0,1318,69638.4,1,0,1,26708.3,11678.4,
0,1,0,1318,16066.7,1,0,1,10821.2,20745.1,
0,1,0,1320,33057.1,1,0,1,29597.2,28936.1,
0,1,0,1320,13606.6,1,0,1,31485.4,34082,
0,1,0,1321,68912.8,1,0,1,8435.63,26202.7,
0,1,0,1327,35788.5,1,0,1,14397.6,37883.8,
0,1,0,1337,8780.18,1,0,1,32345,33432.7,
0,1,0,1339,69454.9,1,0,1,33221.4,21437,
0,1,0,1340,30330.7,1,0,1,10406.9,21373.8,
0,1,0,1341,105814,2,0,2,33925.4,33306.1,
0,1,0,1343,30780.4,1,0,1,25506.1,29313.8,
0,1,0,1344,136650,2,0,2,13115.5,29728.1,
0,1,0,1347,71998.9,2,0,2,40196,29956,
0,1,0,1348,83269.8,2,0,2,36077.3,38960.1,
0,1,0,1350,8085.36,1,0,1,33923,38343.8,
0,1,0,1350,32623.6,1,0,1,33446.3,37587.6,
0,1,0,1352,72277.3,1,0,1,21656.8,7657.45,
0,1,0,1354,67731.4,1,0,1,39868.4,35374.7,
0,1,0,1355,115806,3,0,3,13522.7,23756.5,
0,1,0,1356,34210.1,1,0,1,32932.8,3361.22,
0,1,0,1358,116364,3,0,3,21942.5,37166.7,
0,1,0,1358,27014.9,2,0,2,22015.7,9769.53,
0,1,0,1360,69330.2,1,0,1,39544.6,27156.6,
0,1,0,1361,35757.2,1,0,1,30614.2,36949.7,
0,1,0,1361,91783.9,2,0,2,22301.6,37777.8,
0,1,0,1363,36193.7,1,0,1,23770.3,37539,
0,1,0,1363,14946.3,1,0,1,7408.19,30085.4,
0,1,0,1363,7598.43,1,0,1,17440.8,37577.7,
0,1,0,1366,33936.2,1,0,1,14682.6,19946.3,
0,1,0,1367,66694.4,1,0,1,27343.8,6471.64,
0,1,0,1368,51096,2,0,2,32399.9,28144.6,
0,1,0,1370,31470,1,0,1,19978.9,30987.4,
0,1,0,1374,70442,1,0,1,16877.4,17616.6,
0,1,0,1375,26211.9,1,0,1,13166.3,28920.9,
0,1,0,1385,10372.2,1,0,1,28295.2,34019.6,
0,1,0,1386,33139.5,1,0,1,26066,30661.4,
0,1,0,1386,76394.1,1,0,1,25119.4,30082.4,
0,1,0,1387,35985.5,1,0,1,24644.1,30520.8,
0,1,0,1387,65515.4,1,0,1,33709.8,7153.11,
0,1,0,1387,33612.3,1,0,1,14209.4,34144.3,
0,1,0,1388,103929,2,0,2,38696.5,16817.2,
1,2,1,1388,82561,123,121,2,23520.3,31713.1,
1,2,1,1390,80463.9,254,252,2,20557.1,27961.6,
1,2,1,1390,163592,7,1,6,29590.9,39919.7,
0,1,0,1390,73612.7,1,0,1,39378.4,17962.1,
0,1,0,1391,13807.9,1,0,1,25856,27939,
0,1,0,1398,32044.8,1,0,1,25040.2,33038.4,
0,1,0,1402,15745.2,1,0,1,36104.8,36409.5,
0,1,0,1402,8275.48,1,0,1,26015.5,10016.6,
0,1,0,1405,39454.1,1,0,1,31204.7,37712.8,
0,1,0,1405,68648.1,1,0,1,31379.3,34988.2,
0,1,0,1406,9294.44,1,0,1,27882.5,32455.5,
0,1,0,1408,104026,2,0,2,30840.7,23312.1,
0,1,0,1410,67555.8,1,0,1,31072.7,24192.6,
0,1,0,1411,30929.8,1,0,1,23241.5,25973.5,
0,1,0,1415,69729.3,1,0,1,31182.4,34889.9,
0,1,0,1418,7961.68,1,0,1,28297.8,29277.9,
0,1,0,1423,35689.9,1,0,1,33458.4,30478.1,
0,1,0,1428,11201.3,1,0,1,27411.7,24485.1,
0,1,0,1428,31918.1,1,0,1,26276.3,23690.4,
0,1,0,1429,73834.5,1,0,1,27923.4,24903.1,
0,1,0,1434,71505.9,1,0,1,23480.7,17522.6,
0,1,0,1440,10041.9,1,0,1,18971.4,34393.8,
0,1,0,1444,32273.6,1,0,1,24258.4,1544.14,
0,1,0,1446,70886.5,1,0,1,11486.6,10426.6,
0,1,0,1447,12172.1,1,0,1,17968.7,29723.1,
0,1,0,1453,42910.5,2,0,2,25092.3,25732.3,
2,3,2,1454,169542,10,4,6,30213.9,29989.9,
0,1,0,1454,67962.7,1,0,1,13899.4,32309.1,
0,1,0,1454,12139.2,1,0,1,22435.9,22424.7,
0,1,0,1457,221465,5,0,5,30312.7,35397.7,
0,1,0,1468,74853.9,2,0,2,21744,31350.8,
0,1,0,1472,7266.26,1,0,1,24491.8,24809,
0,1,0,1474,180758,6,0,6,16273,11825.7,
0,1,0,1480,65932.1,1,0,1,13186.2,8891.93,
0,1,0,1482,14360.8,1,0,1,15967.8,28366.7,
0,1,0,1484,170917,4,0,4,5024.52,27828.9,
0,1,0,1486,7790.09,1,0,1,34468.6,29749,
0,1,0,1486,31143.6,1,0,1,30923.6,32209.9,
0,1,0,1486,70001.6,1,0,1,33979.7,28849.2,
0,1,0,1487,35523.3,1,0,1,35126.5,29481.3,
0,1,0,1487,19340.7,1,0,1,33204.5,31724,
0,1,0,1488,65063.6,1,0,1,33826.9,33504,
0,1,0,1490,59785.7,3,0,3,7552.99,14601,
0,1,0,1493,99332.7,2,0,2,7647.62,14238.7,
0,1,0,1495,33081.1,1,0,1,38835.6,35622.3,
0,1,0,1495,13555.2,1,0,1,39029.3,34295.9,
0,1,0,1496,35019.4,1,0,1,27846.7,29863,
0,1,0,1503,95650.6,2,0,2,34059.9,28672.3,
0,1,0,1504,67306.8,1,0,1,38558.3,29764.7,
0,1,0,1507,75721.9,1,0,1,36132.5,32997.5,
0,1,0,1507,37062.2,1,0,1,28168.5,32951.9,
0,1,0,1507,75770.4,1,0,1,26312.1,33150.6,
2,3,2,1511,140524,8,5,3,23333.7,31629.3,
0,1,0,1512,117938,3,0,3,16000.7,38256.7,
0,1,0,1515,67057.1,1,0,1,36324.8,12516.6,
0,1,0,1520,9281.96,1,0,1,8653.02,14191.1,
0,1,0,1521,33065.6,1,0,1,35427.2,32915.2,
0,1,0,1522,33019.1,1,0,1,26261.6,24630.4,
0,1,0,1522,132064,2,0,2,19790.9,4339.48,
0,1,0,1523,33645.6,1,0,1,36901.6,36704.8,
0,1,0,1524,65548.2,1,0,1,22215,35150.8,
0,1,0,1525,10921.5,1,0,1,24320.1,28309.1,
0,1,0,1530,35160.5,1,0,1,21322,33722.4,
0,1,0,1531,20022.3,1,0,1,1037.32,32501.8,
0,1,0,1532,71435.9,1,0,1,27757.4,18954.2,
0,1,0,1532,38041.7,1,0,1,33141.5,34326.6,
0,1,0,1533,80413.3,2,0,2,8194.78,6159.21,
0,1,0,1536,37760.3,1,0,1,28852.7,10919.4,
0,1,0,1538,71542.1,1,0,1,36522.9,25800.8,
0,1,0,1540,44681.2,2,0,2,35872.1,25522.7,
0,1,0,1541,70969.9,1,0,1,32583.8,5233.41,
5,6,5,1542,1.04497e+06,106,81,25,37023.7,25898.8,
0,1,0,1547,11396.8,1,0,1,34673.8,15149.5,
0,1,0,1550,73593.2,1,0,1,35314.9,28758.4,
0,1,0,1551,32091.8,1,0,1,21999.1,20808.3,
0,1,0,1553,12879.6,1,0,1,38576,31595.2,
0,1,0,1554,208570,4,0,4,2744.53,37084.3,
0,1,0,1554,69304.1,1,0,1,34722.4,20311.4,
1,2,1,1557,618144,20,4,16,20068.4,31431.6,
0,1,0,1561,30313.2,1,0,1,29745.1,10221.3,
0,1,0,1566,16903.1,1,0,1,15069.2,33720.1,
0,1,0,1572,9344.67,1,0,1,33346.2,27543.3,
0,1,0,1579,33569,1,0,1,35208.7,34157,
0,1,0,1582,7654.17,1,0,1,40174.1,35026.1,
0,1,0,1585,146843,2,0,2,30229.4,24866.8,
0,1,0,1586,32401.4,1,0,1,35061.4,39960.6,
0,1,0,1586,190025,7,0,7,36247.1,23585.4,
0,1,0,1586,72356,1,0,1,30156.8,32661.9,
0,1,0,1592,8643.11,1,0,1,35260.6,30502.5,
0,1,0,1594,35616.5,1,0,1,40270,24933.4,
0,1,0,1596,69151.8,1,0,1,38593.4,29937.7,
0,1,0,1596,53025.6,2,0,2,23770.4,25388,
1,2,1,1599,147731,52,49,3,17658.5,31638.6,
0,1,0,1604,37998.7,1,0,1,30388.1,15300.8,
0,1,0,1605,16852.2,1,0,1,28647.1,18287.9,
0,1,0,1616,10796.4,1,0,1,33638.4,23808.3,
1,2,1,1617,397067,11,2,9,33083.3,29715,
0,1,0,1624,35626,1,0,1,30212.7,32157.7,
0,1,0,1626,7819.75,1,0,1,33323.5,25928.8,
0,1,0,1627,40097.3,1,0,1,26015.8,22079.7,
0,1,0,1630,76806.5,1,0,1,39441.3,28293.9,
0,1,0,1632,99694.5,2,0,2,35856,23462.2,
0,1,0,1632,35825,1,0,1,31469.7,14323.9,
0,1,0,1633,32111.8,2,0,2,19346.7,19485.3,
0,1,0,1638,33371.9,1,0,1,18405.1,28786.9,
0,1,0,1642,68888,1,0,1,34192,31173.4,
0,1,0,1645,10915.3,1,0,1,21447,3405.6,
0,1,0,1647,12725.4,1,0,1,21466.3,23264.1,
0,1,0,1648,30896.8,1,0,1,28772.1,1525.91,
0,1,0,1657,69452.8,1,0,1,22079.8,2929.07,
1,2,1,1658,99314.8,278,276,2,34659.5,28745.6,
0,1,0,1658,33341.1,1,0,1,21262.2,7625.4,
0,1,0,1659,9138.53,1,0,1,36529.9,26178,
0,1,0,1659,100881,2,0,2,35033.1,30057.1,
0,1,0,1663,71462.4,1,0,1,16190.6,33563.8,
0,1,0,1663,38819.8,1,0,1,33176.8,21606.8,
0,1,0,1664,42758,1,0,1,38136.8,39939.3,
0,1,0,1669,33429,1,0,1,11542.1,31592.3,
0,1,0,1669,69112.2,1,0,1,25664.5,23863.1,
0,1,0,1670,56180.1,2,0,2,39231.3,27855.8,
0,1,0,1670,69971,1,0,1,25491.6,24450,
1,2,1,1670,74949.5,5,3,2,2580.02,23605.5,
0,1,0,1672,30748.3,1,0,1,17240.2,23872.5,
0,1,0,1677,73230.7,1,0,1,28102.1,20698.7,
0,1,0,1683,8255.88,1,0,1,25555.4,8000.1,
0,1,0,1686,32778.5,1,0,1,22835.3,7265.82,
0,1,0,1686,93764.6,2,0,2,29685.6,39418.2,
7,8,7,1686,531795,104,91,13,16491.8,36799.1,
0,1,0,1692,72898.5,1,0,1,30204.3,36327.9,
0,1,0,1692,34774.1,1,0,1,10226.6,12022.1,
0,1,0,1695,31728.2,1,0,1,1515.84,37692.6,
1,2,1,1697,20541.5,40,38,2,29292.9,11180.8,
1,2,1,1700,551617,14,1,13,21805.8,19512.8,
0,1,0,1701,7960.89,1,0,1,17560.9,31480.3,
0,1,0,1702,35392.2,1,0,1,37596.7,32074,
0,1,0,1703,70271.2,1,0,1,18205.5,28688.2,
0,1,0,1704,14336,2,0,2,27407.6,20394.1,
0,1,0,1704,8213.29,1,0,1,17164.5,28470.7,
0,1,0,1704,23213.7,1,0,1,37507.1,36807.6,
0,1,0,1705,21234.7,1,0,1,32768.3,32345.1,
0,1,0,1705,35024.4,1,0,1,22620.3,27684.5,
0,1,0,1708,8568.96,1,0,1,3919.76,36929.7,
0,1,0,1710,67658.7,1,0,1,6388.45,12202.6,
0,1,0,1711,9975.64,1,0,1,20245.9,1778.97,
0,1,0,1717,8649.8,1,0,1,29869,31749,
0,1,0,1718,124200,3,0,3,30958.5,19151.2,
0,1,0,1718,34055.5,1,0,1,39930.7,31304.8,
0,1,0,1719,18498.2,1,0,1,20922.4,38005.6,
0,1,0,1719,140078,2,0,2,27308.5,35342.2,
0,1,0,1720,16109.4,1,0,1,20797.9,38235.9,
0,1,0,1722,35550.8,1,0,1,28774.8,39330.4,
0,1,0,1725,33163.8,1,0,1,11042.3,16285.2,
0,1,0,1725,15851.6,1,0,1,36517.4,29721.2,
1,2,1,1726,89600.2,39,37,2,29419.1,32079.2,
0,1,0,1726,36147.6,1,0,1,31361,17199.3,
0,1,0,1726,9867.73,1,0,1,35837.3,16696.6,
0,1,0,1726,32351.6,1,0,1,28820.6,32222.7,
0,1,0,1726,11589.2,1,0,1,19539.7,31160.9,
0,1,0,1727,71770.4,1,0,1,20155.7,30727,
0,1,0,1728,37431.4,1,0,1,38730.1,22343.5,
0,1,0,1728,7517.14,1,0,1,18060.7,37307.4,
0,1,0,1730,66652.9,1,0,1,27657.8,8879.37,
0,1,0,1731,68541.8,1,0,1,23112.7,17624,
0,1,0,1735,6901.98,1,0,1,29164.9,21514.4,
0,1,0,1739,38144.6,1,0,1,33775.4,2843.24,
0,1,0,1742,34022.2,1,0,1,36655.7,28722.8,
0,1,0,1743,67088.9,1,0,1,32853.8,27898,
0,1,0,1744,70196.2,1,0,1,34884.8,26174.5,
0,1,0,1744,35738.6,1,0,1,32832.9,27706.9,
0,1,0,1744,88518.9,2,0,2,38026.7,18709.3,
1,2,1,1749,42107.5,139,137,2,30967.1,37789.4,
0,1,0,1750,20886.5,1,0,1,30200.4,39570.4,
0,1,0,1751,33728.3,1,0,1,30566,39365.7,
0,1,0,1757,70217.7,1,0,1,20893.6,37518.2,
0,1,0,1757,23118.6,1,0,1,36259.9,37077.6,
0,1,0,1761,64703.9,1,0,1,20511.8,38253.6,
0,1,0,1762,34279.1,1,0,1,36592.8,33190.9,
0,1,0,1771,120525,4,0,4,29784.8,29245.4,
0,1,0,1773,12153.6,1,0,1,9355.92,4633.25,
0,1,0,1777,11621.6,1,0,1,37953.9,26131.8,
0,1,0,1778,70129.7,1,0,1,34189.6,27049.1,
0,1,0,1778,31967.7,1,0,1,34048.9,25923.8,
0,1,0,1779,15816,1,0,1,33873.8,28278.2,
0,1,0,1781,71850.1,1,0,1,15533.4,14480.5,
0,1,0,1783,180417,5,0,5,32046,32188.2,
0,1,0,1785,184274,4,0,4,20632.5,21646.6,
0,1,0,1787,84713,3,0,3,37572.6,36372,
0,1,0,1788,70991.4,1,0,1,24704.5,25251.6,
0,1,0,1789,6611.14,1,0,1,30652.8,26053.6,
0,1,0,1789,36364.8,1,0,1,28330.8,28660.2,
0,1,0,1790,68445.1,1,0,1,39002.5,38274.4,
0,1,0,1790,62475,1,0,1,28135.2,30368.6,
0,1,0,1790,30930.5,1,0,1,28220.6,29610.9,
0,1,0,1792,33570.9,1,0,1,35472.1,24933.7,
0,1,0,1793,12378.5,1,0,1,17442.8,35160.9,
0,1,0,1793,69788.9,1,0,1,38101.2,14831.1,
1,2,1,1793,1.43101e+06,35,1,34,21637,29365.3,
0,1,0,1794,68359.6,1,0,1,33731.6,21482,
0,1,0,1795,6936.92,1,0,1,39182.3,13468.8,
1,2,1,1797,55548.9,205,202,3,27269.1,32760.3,
0,1,0,1799,100948,2,0,2,37024.6,1945.94,
0,1,0,1800,8467.79,1,0,1,33346.3,37932.8,
0,1,0,1800,147015,2,0,2,39074.2,13291,
0,1,0,1801,29946.5,1,0,1,34971.5,14588.4,
0,1,0,1805,30608.9,1,0,1,12782.1,34296.5,
0,1,0,1805,12875,1,0,1,36896.8,22512.1,
0,1,0,1807,67412.4,1,0,1,36691.6,33496.9,
0,1,0,1807,63007.1,1,0,1,10596.6,15162,
0,1,0,1807,28745.3,1,0,1,36014.3,33174.9,
0,1,0,1809,68766.3,1,0,1,39001.7,27974.8,
0,1,0,1810,32934.6,1,0,1,39734.7,23437.8,
0,1,0,1814,29328.2,1,0,1,27184,37536.3,
0,1,0,1814,12666.7,1,0,1,28086.5,36834.5,
0,1,0,1818,68747.7,1,0,1,36988.3,29759.7,
0,1,0,1823,26399.5,1,0,1,20769.9,22695.1,
0,1,0,1825,36495.9,1,0,1,25163.8,14875.4,
0,1,0,1828,86322.1,2,0,2,22253.3,30837.5,
0,1,0,1830,107137,2,0,2,12802.7,8179.38,
0,1,0,1832,15753.6,1,0,1,35822.3,22672.6,
0,1,0,1835,33277,1,0,1,24399.8,841.735,
0,1,0,1836,81084.1,2,0,2,13769,10230.7,
0,1,0,1839,6016.14,1,0,1,20998.8,33800.7,
0,1,0,1842,10986.5,1,0,1,4202.01,18512.8,
0,1,0,1842,44241.7,2,0,2,29764.8,3459.89,
0,1,0,1843,74814.7,1,0,1,29871,12621.9,
0,1,0,1843,71075.7,1,0,1,18451.5,33204.4,
0,1,0,1845,145919,4,0,4,13428.3,25385.5,
0,1,0,1846,31264,1,0,1,11374.4,2806.9,
0,1,0,1848,69948,1,0,1,40213.8,14113.8,
0,1,0,1855,31682.7,1,0,1,23191.7,11517.6,
0,1,0,1855,138370,2,0,2,33782.7,30522.8,
0,1,0,1856,135136,3,0,3,39404.1,31466.7,
0,1,0,1856,229361,6,0,6,37770.3,26556.5,
0,1,0,1860,34543.9,1,0,1,23013.5,28805.3,
0,1,0,1861,68718.3,1,0,1,23835.2,30643.7,
0,1,0,1861,74670.4,1,0,1,25853.3,16864.9,
0,1,0,1862,32537.7,1,0,1,35431.8,24330,
0,1,0,1863,11210.8,1,0,1,28152.8,30084.4,
0,1,0,1865,66207.5,1,0,1,26464.4,32978.7,
0,1,0,1865,34500.4,1,0,1,30925.6,16632.6,
0,1,0,1869,16100.4,1,0,1,33482.5,39214.8,
0,1,0,1872,38284.8,1,0,1,5541.65,34251.1,
0,1,0,1877,67915,1,0,1,28307.4,27422.1,
0,1,0,1878,65849.9,1,0,1,799.622,24907.1,
0,1,0,1879,32938.9,1,0,1,27791.6,11081.2,
0,1,0,1891,8568.06,1,0,1,38949.4,35242.3,
0,1,0,1891,68615.8,1,0,1,9436.81,17405.5,
0,1,0,1892,65914.6,2,0,2,35583.1,34323.6,
0,1,0,1894,71659.8,1,0,1,36355,29886.1,
0,1,0,1894,11861.8,1,0,1,34235.9,29504.9,
0,1,0,1901,108977,2,0,2,33968.1,29303.9,
0,1,0,1906,31825.9,1,0,1,32132.8,32443.8,
0,1,0,1913,10406.7,1,0,1,11613.4,25861.5,
0,1,0,1914,69811.8,1,0,1,32122.4,24609.9,
0,1,0,1922,49028.2,2,0,2,12528.8,2781.2,
0,1,0,1923,10805.3,1,0,1,4003.52,33757.4,
0,1,0,1925,71492.4,1,0,1,23187.9,4495.17,
0,1,0,1926,31059.8,1,0,1,23000.3,18318.4,
0,1,0,1926,104222,2,0,2,23769.1,4389.76,
0,1,0,1927,128828,4,0,4,24549.4,6196.67,
0,1,0,1928,8473.46,1,0,1,2534.43,30803.4,
0,1,0,1932,16115.7,1,0,1,39672.7,40108,
0,1,0,1936,32029.3,1,0,1,25861.2,35934.7,
0,1,0,1937,61735.3,1,0,1,35250.8,27111.2,
0,1,0,1937,22891.2,2,0,2,9380.86,20685.6,
0,1,0,1938,393539,8,0,8,31040,8899.16,
0,1,0,1944,146794,4,0,4,34605.3,36804.5,
0,1,0,1947,37488.2,1,0,1,39664.8,11099.7,
6,7,6,1956,910853,34,8,26,40000.8,10502.3,
0,1,0,1959,109080,2,0,2,21044.8,3364.28,
0,1,0,1960,72653.5,1,0,1,18437.3,34072.6,
0,1,0,1962,12108.7,1,0,1,29777.8,36118.1,
0,1,0,1963,32735.6,1,0,1,19520.3,38275.8,
0,1,0,1968,66747,1,0,1,35812.9,37301.6,
0,1,0,1972,7740.25,1,0,1,9853.16,7418.98,
1,2,1,1974,103706,131,129,2,28367.6,37063.3,
0,1,0,1975,30657.4,1,0,1,29145.9,22147,
0,1,0,1975,69943.2,1,0,1,27716.9,37409.2,
0,1,0,1976,32877.3,1,0,1,28503.2,34222.8,
0,1,0,1977,298357,6,0,6,30100.3,36484,
0,1,0,1978,11794.5,1,0,1,9241.42,38505.9,
0,1,0,1978,21737.8,1,0,1,34134.3,20663.9,
0,1,0,1978,14200.6,1,0,1,22098.2,37796.5,
0,1,0,1979,33624.4,1,0,1,34005.2,21136.5,
0,1,0,1979,61719.9,1,0,1,32758.2,18729.7,
0,1,0,1996,38020,1,0,1,30449.9,1069.52,
0,1,0,2004,62216.8,1,0,1,27506,23644,
0,1,0,2005,16563.8,1,0,1,16543.7,35411.7,
0,1,0,2007,25405,1,0,1,24805.8,19665.7,
0,1,0,2007,31747,1,0,1,37031,40084.3,
0,1,0,2008,10207.4,1,0,1,24003.9,1989.06,
1,2,1,2008,182526,192,188,4,31344.3,21862.1,
0,1,0,2010,30416.4,1,0,1,34475.2,14184.6,
2,3,2,2011,181326,10,3,7,19412.7,37353.1,
0,1,0,2012,143912,2,0,2,4032.29,38866.6,
0,1,0,2013,10962.7,1,0,1,35617.8,28150.3,
0,1,0,2013,11308.3,1,0,1,19658.8,36605.7,
0,1,0,2013,32818.5,1,0,1,20088.3,4384.22,
0,1,0,2019,13161.7,1,0,1,20650.6,21107.8,
0,1,0,2021,6901.7,1,0,1,18420.2,34507.6,
0,1,0,2022,37392.8,1,0,1,22159.6,37319.3,
0,1,0,2023,97484.6,2,0,2,35041.2,37756.1,
0,1,0,2023,99433.8,4,0,4,22802.6,33448.1,
0,1,0,2025,8160.68,1,0,1,38662.4,40084.4,
0,1,0,2025,63005.8,1,0,1,16386.4,15998.3,
0,1,0,2028,37275.5,1,0,1,34023.8,11307.5,
0,1,0,2032,58810.2,1,0,1,38548,24910.9,
0,1,0,2034,18295.6,1,0,1,30892.5,29057.4,
0,1,0,2034,31134.5,1,0,1,39436.1,34559,
0,1,0,2035,6598.13,1,0,1,35588.8,30145.9,
0,1,0,2035,38602.8,1,0,1,3192.04,27665.9,
0,1,0,2038,138150,2,0,2,22024,16602.2,
0,1,0,2041,34653.8,1,0,1,33884.9,18777.8,
0,1,0,2043,71841.1,1,0,1,28729,24816.3,
0,1,0,2043,10229.1,1,0,1,36943.5,26463,
0,1,0,2046,35738.7,1,0,1,25627.3,30188.6,
0,1,0,2047,68420.3,1,0,1,17947.3,37489,
0,1,0,2047,30306.2,1,0,1,24037,23287.5,
0,1,0,2047,36268.2,1,0,1,28778,40200.2,
0,1,0,2050,71447.3,1,0,1,30438.8,12941,
0,1,0,2051,31206.6,1,0,1,23787.4,6864.33,
0,1,0,2056,73747,1,0,1,38281.3,15352.2,
0,1,0,2061,72611.3,1,0,1,959.103,25157.5,
0,1,0,2061,39327.1,1,0,1,17819.5,23513.2,
0,1,0,2062,62074.6,1,0,1,7344.75,23933.3,
0,1,0,2063,29084.8,1,0,1,30587.4,29430.9,
0,1,0,2064,19008.3,1,0,1,26700,26961.9,
0,1,0,2066,32636.8,1,0,1,30743.9,9557.1,
0,1,0,2071,22746,1,0,1,38862.9,25441,
0,1,0,2075,72764.8,1,0,1,37302.3,22358.5,
0,1,0,2081,23013,1,0,1,19327.7,33679.2,
0,1,0,2085,30649.7,1,0,1,34326.7,29805.1,
0,1,0,2088,70708.7,1,0,1,32032.6,19661.7,
0,1,0,2088,31563,1,0,1,34175.5,32772.8,
0,1,0,2089,34758,1,0,1,31380.8,2380.45,
0,1,0,2090,68750.9,1,0,1,34706,34248.6,
0,1,0,2094,69971,1,0,1,35997.1,36837.1,
0,1,0,2095,34863,1,0,1,19473.5,37667.6,
0,1,0,2102,33305.9,1,0,1,23230.9,34314.9,
0,1,0,2103,70656,1,0,1,13172.9,3820.05,
0,1,0,2105,6557.39,1,0,1,16099.2,34636.1,
0,1,0,2109,41645.7,1,0,1,24888.8,22818.4,
2,3,2,2110,246600,28,23,5,25607.2,12697.3,
4,5,4,2118,872498,24,5,19,15162.5,19517.5,
0,1,0,2119,26288.4,1,0,1,40075,23613.4,
0,1,0,2122,66708.2,1,0,1,37772.5,33337.5,
0,1,0,2124,50813.6,2,0,2,33010.1,34474,
0,1,0,2128,67456.6,1,0,1,26382.7,27402.9,
0,1,0,2131,31250.8,1,0,1,23279.2,37817.5,
0,1,0,2133,36512.6,1,0,1,22699.2,34430.8,
1,2,1,2138,286027,37,30,7,17034.5,17324.6,
0,1,0,2138,36086.9,1,0,1,35022.3,37430.7,
0,1,0,2140,71279.7,1,0,1,34587.4,34887.6,
0,1,0,2140,38794.2,1,0,1,24399.4,27889.3,
0,1,0,2141,64331,1,0,1,27188.6,6732.23,
1,2,1,2142,102039,3,1,2,13752.9,22431.9,
0,1,0,2143,31972.4,1,0,1,27609.5,18436.9,
0,1,0,2145,62818.2,1,0,1,28500.7,18642.6,
0,1,0,2145,69298.5,1,0,1,26622.4,17739,
0,1,0,2147,34171,1,0,1,34613.4,30748.8,
0,1,0,2147,65502.1,1,0,1,33813.6,30155.8,
0,1,0,2148,37555.1,1,0,1,35839.4,30448.1,
0,1,0,2148,27419.4,1,0,1,39723.8,27605,
0,1,0,2151,32711.3,1,0,1,15387.5,33592.5,
0,1,0,2151,66782.7,1,0,1,20920.8,38271.5,
0,1,0,2152,76332.7,1,0,1,15768.5,34440.7,
0,1,0,2155,7614.79,1,0,1,37908.9,32737.8,
0,1,0,2157,12548.2,1,0,1,18632.2,34561.3,
0,1,0,2157,27227.8,1,0,1,31843,31978,
1,2,1,2158,105283,283,281,2,33254.2,30560.5,
0,1,0,2158,31596.2,1,0,1,34647.7,33625.3,
0,1,0,2159,31696.5,1,0,1,33565.2,30749,
0,1,0,2160,67000.5,1,0,1,33097.9,30385.7,
0,1,0,2161,9194.65,1,0,1,32237,34416.5,
0,1,0,2162,10718.7,1,0,1,32431.5,33856.3,
0,1,0,2165,38620.2,1,0,1,32579,35589.9,
0,1,0,2168,11600.3,1,0,1,29157.6,32403,
0,1,0,2168,64836.2,1,0,1,31888.2,35350.4,
0,1,0,2180,69607.6,1,0,1,27471.2,36043.3,
0,1,0,2181,29557.3,1,0,1,5754.47,39205.1,
0,1,0,2181,11810.3,1,0,1,12822.7,39840.9,
0,1,0,2195,31184.3,1,0,1,38401.4,30213.2,
0,1,0,2204,75273.5,1,0,1,1144.7,32807.2,
0,1,0,2214,9534.76,1,0,1,38469.8,32219.5,
0,1,0,2216,29694.3,1,0,1,28047.4,19290.9,
0,1,0,2221,8466.85,1,0,1,4252.51,3757.41,
0,1,0,2228,73518.7,1,0,1,39926.1,30444.5,
0,1,0,2230,33903.4,1,0,1,32904.5,37811.7,
0,1,0,2231,69612.8,1,0,1,32724.7,27594.8,
0,1,0,2233,8120.86,1,0,1,33053.4,33128.2,
0,1,0,2233,35737.5,1,0,1,16245.4,39874.6,
11,12,11,2236,1.78749e+06,161,118,43,30870.2,34921.3,
0,1,0,2238,104405,2,0,2,25095.9,25532.5,
0,1,0,2241,75430.2,1,0,1,37263.2,8184.96,
0,1,0,2243,32196.9,1,0,1,28200.5,33520.8,
0,1,0,2244,64445.2,1,0,1,25468,29745.7,
0,1,0,2246,7914.12,1,0,1,8928.33,37707.3,
0,1,0,2246,32268.2,1,0,1,27711.6,25315.7,
0,1,0,2247,72517.6,1,0,1,25188.6,32508.1,
0,1,0,2247,35601.3,1,0,1,25245.8,25814.9,
0,1,0,2253,70601.3,1,0,1,1602.36,31201.6,
0,1,0,2260,38124.7,1,0,1,28250.4,39659.8,
0,1,0,2265,218878,5,0,5,35984.9,39474.6,
0,1,0,2267,67440.8,1,0,1,22028.3,38076.2,
0,1,0,2267,64020.1,2,0,2,20546.1,34718.9,
0,1,0,2271,72073.9,1,0,1,36866.2,25755.1,
0,1,0,2272,74677.8,1,0,1,38928.8,32553.3,
1,2,1,2272,221122,6,2,4,11814.4,36499.4,
0,1,0,2274,33186.8,1,0,1,40276.6,34265.6,
12,13,12,2275,739715,196,180,16,17553.7,35708.1,
0,1,0,2276,73684,1,0,1,10923.2,8617.3,
4,5,4,2277,455901,14,5,9,39542.1,39825.7,
0,1,0,2278,31781.9,1,0,1,31510.8,22871,
0,1,0,2280,9461.67,1,0,1,20745.8,23945.3,
0,1,0,2281,32992.7,1,0,1,20714.6,24129,
0,1,0,2289,73741.5,1,0,1,33403.8,3534.81,
0,1,0,2289,34037.8,1,0,1,7492.02,14064,
0,1,0,2289,73145.6,1,0,1,7523.41,21118.5,
0,1,0,2291,78470.1,1,0,1,32098.2,39030.8,
0,1,0,2292,34029.4,1,0,1,39427.5,35227.4,
0,1,0,2293,74803.7,1,0,1,38964.2,36468.6,
0,1,0,2293,38774.7,1,0,1,8834.59,10259.3,
0,1,0,2293,67739.2,1,0,1,24185.1,25636.5,
0,1,0,2297,35280.1,1,0,1,29231.7,31252,
0,1,0,2298,12178.5,1,0,1,13835.4,38079.2,
0,1,0,2300,453061,12,0,12,12852.5,38067.3,
0,1,0,2300,40163.1,1,0,1,25076.8,24491.3,
0,1,0,2301,67522.4,1,0,1,24789.4,31233.2,
0,1,0,2301,7015.42,1,0,1,2385.4,12020.1,
0,1,0,2305,110534,3,0,3,36198.5,4237.33,
0,1,0,2306,16709.1,1,0,1,24642.3,27509.5,
0,1,0,2307,72608.7,1,0,1,30072.6,22329.4,
0,1,0,2310,17245.3,1,0,1,22376.8,9920.82,
0,1,0,2310,50698.6,2,0,2,21667.7,11097.1,
0,1,0,2311,39754,1,0,1,26773.8,24648.5,
0,1,0,2311,6085.25,1,0,1,25073,37377.9,
0,1,0,2312,37127,1,0,1,27193.6,24758.7,
0,1,0,2313,33469.5,1,0,1,25107.5,36643.6,
0,1,0,2314,72881.9,2,0,2,26434.1,22363.6,
0,1,0,2315,29800.8,1,0,1,32313.2,37321.5,
1,2,1,2316,57633.6,87,85,2,33756.6,38483.1,
0,1,0,2317,73325,1,0,1,33663.4,38073.6,
0,1,0,2318,9532.18,1,0,1,35016.7,36525.9,
0,1,0,2319,65234.6,1,0,1,28522.7,34779.4,
0,1,0,2321,41724.6,1,0,1,30712.6,5991.01,
1,2,1,2325,58938,284,282,2,22422.2,28050,
0,1,0,2327,78001.3,2,0,2,26279.6,27713.4,
0,1,0,2327,42521.4,1,0,1,25392.9,27832.8,
0,1,0,2333,49774.3,3,0,3,15392.6,34648.1,
0,1,0,2334,68345.2,1,0,1,33173.1,21779.3,
1,2,1,2334,139873,7,3,4,11870,913.302,
0,1,0,2334,32885.4,1,0,1,32350.1,22178.1,
0,1,0,2335,39372.7,2,0,2,34285.5,37330.4,
0,1,0,2336,115224,3,0,3,32530.3,27065.9,
0,1,0,2338,67497.8,1,0,1,10181.7,38539.4,
0,1,0,2338,31437.3,1,0,1,26879.4,21744,
0,1,0,2339,17437.2,2,0,2,29930.5,15033.5,
0,1,0,2339,47573,2,0,2,1460.93,27093.9,
0,1,0,2340,68185.4,1,0,1,6190.75,10233.6,
0,1,0,2342,229136,6,0,6,2150.23,20133.2,
0,1,0,2343,132026,3,0,3,30351.9,32589.9,
0,1,0,2343,34850.9,1,0,1,29443.1,30874.4,
0,1,0,2348,64232.9,1,0,1,1151.17,25201.8,
0,1,0,2349,10475,1,0,1,32114,28635.2,
0,1,0,2350,7982.92,1,0,1,36344.1,40264,
0,1,0,2353,156588,4,0,4,922.987,39035.6,
0,1,0,2354,66049.1,1,0,1,33297.7,13659.8,
0,1,0,2355,33347.6,1,0,1,29557.2,22892.7,
0,1,0,2362,70507.4,1,0,1,36060.7,29638.1,
0,1,0,2362,25507.1,1,0,1,38662.9,24000.2,
0,1,0,2362,6734.9,1,0,1,27983.1,33288.4,
0,1,0,2363,15825.4,1,0,1,34129.4,25909.6,
1,2,1,2363,62925.2,16,14,2,19125.7,6513.95,
0,1,0,2364,15011.4,1,0,1,31803.7,25408.2,
1,2,1,2364,203792,7,1,6,11460.5,33989.1,
0,1,0,2365,49423.7,1,0,1,12688.3,16649.8,
0,1,0,2365,34803.8,1,0,1,33682,25026.8,
0,1,0,2366,21642.8,1,0,1,36801.8,7541.25,
0,1,0,2366,52978.1,1,0,1,24040.7,25185.2,
0,1,0,2367,31764.6,1,0,1,35242.7,11489,
0,1,0,2369,71280.8,1,0,1,26456.6,27227.9,
0,1,0,2370,7939.57,1,0,1,29261.6,27379,
0,1,0,2370,68722.7,1,0,1,17439.4,37958.8,
0,1,0,2371,22584.3,1,0,1,28549.6,26743.1,
0,1,0,2373,32488.7,1,0,1,33421.9,34111.5,
0,1,0,2373,23999,1,0,1,28249.3,29846.2,
0,1,0,2374,65415.3,1,0,1,28965.7,28866.6,
0,1,0,2375,25126.1,1,0,1,39422.4,35816.3,
0,1,0,2376,15767.1,1,0,1,12366.9,5256.71,
0,1,0,2376,31366.1,1,0,1,36304.7,19925,
0,1,0,2377,40053.4,2,0,2,38932.6,12544.6,
0,1,0,2379,63385.4,1,0,1,20992.1,36899.5,
0,1,0,2382,93537.3,4,0,4,29828.6,22773.9,
0,1,0,2383,72087.3,1,0,1,36667,30364.9,
0,1,0,2385,35547.9,1,0,1,39968.5,24821.5,
0,1,0,2388,65611.3,1,0,1,37525.4,33278.8,
0,1,0,2390,8888.91,1,0,1,27003.7,12049.4,
0,1,0,2393,31180.6,1,0,1,36962.9,18416.1,
0,1,0,2395,24666.3,1,0,1,33244,36379.8,
0,1,0,2396,25227.4,1,0,1,39484,9935.8,
0,1,0,2398,28715.1,1,0,1,18348.2,4342.98,
0,1,0,2399,69836.1,1,0,1,18384.9,4144.18,
0,1,0,2400,40360.1,1,0,1,11744.3,2010.33,
0,1,0,2401,63401.8,1,0,1,31921.3,36465.8,
0,1,0,2401,22738.5,1,0,1,39960.3,30654.8,
0,1,0,2401,24522.6,1,0,1,37712,32549.8,
0,1,0,2402,66573.6,1,0,1,33795.2,38304,
0,1,0,2403,37267.8,1,0,1,32553.1,39245.4,
0,1,0,2405,21546.7,1,0,1,40206.3,38533.7,
0,1,0,2407,36051.2,1,0,1,30703.7,19511.4,
0,1,0,2408,66880.9,1,0,1,23016.7,20862.4,
0,1,0,2411,37887,2,0,2,35959.3,11242.9,
0,1,0,2412,34041.2,1,0,1,31051.1,17263.1,
0,1,0,2416,173691,3,0,3,27857.1,35733.9,
0,1,0,2417,37260.3,1,0,1,18044.3,30916.3,
0,1,0,2420,6787.23,1,0,1,37203.8,36489.6,
0,1,0,2421,71120.6,1,0,1,38744.9,35618.4,
0,1,0,2422,121538,5,0,5,38511.7,32982.2,
0,1,0,2422,72802.7,1,0,1,38222.4,36255.6,
0,1,0,2423,70747.2,1,0,1,12716.8,30932,
0,1,0,2424,26150.3,1,0,1,33852.9,30902.8,
0,1,0,2424,26310.2,1,0,1,16710.1,35030,
0,1,0,2425,20999.5,1,0,1,33491.3,31600.4,
0,1,0,2427,31700.1,1,0,1,25186.8,22458.7,
0,1,0,2427,287049,7,0,7,5743.43,22210.7,
0,1,0,2427,157693,5,0,5,20234.9,27951.7,
0,1,0,2427,27804.6,1,0,1,39032.2,32921.6,
0,1,0,2429,32974.4,1,0,1,4742.34,38721.6,
0,1,0,2431,97080.1,2,0,2,34321.1,32751.9,
0,1,0,2433,73748.6,1,0,1,25849.1,29780.1,
0,1,0,2434,9790.09,1,0,1,18173,28003.5,
0,1,0,2434,31826.9,1,0,1,21852.6,13694.4,
0,1,0,2435,14562.1,1,0,1,23142.9,34982.3,
0,1,0,2435,73469.2,2,0,2,22422,21023.9,
0,1,0,2437,15261.3,1,0,1,32723.5,25231.8,
0,1,0,2438,31276.2,1,0,1,28054.9,20678.4,
0,1,0,2438,9939.88,1,0,1,25404.3,19739,
0,1,0,2438,33871.1,1,0,1,32035.1,26926.4,
0,1,0,2438,71600.1,1,0,1,22605.5,34004.8,
0,1,0,2439,26478.8,1,0,1,24024.6,15527,
0,1,0,2439,9452.95,1,0,1,14529,15402.9,
0,1,0,2439,15616.6,1,0,1,32154.3,31263.9,
0,1,0,2441,35837.4,1,0,1,10503.7,31335.7,
0,1,0,2444,31914.4,1,0,1,32942,27643.5,
0,1,0,2447,71256.7,1,0,1,34557.1,24005.2,
0,1,0,2447,35100.9,1,0,1,35092.6,23804,
1,2,1,2449,145187,8,4,4,12801.6,21856.9,
0,1,0,2450,28795.1,1,0,1,40022.9,25061.3,
0,1,0,2451,9431.58,1,0,1,39730,30252.5,
0,1,0,2451,106277,2,0,2,39158.3,31550.2,
0,1,0,2457,18026.4,2,0,2,8774.84,28239.3,
1,2,1,2462,102279,3,1,2,39960.6,25439.9,
0,1,0,2462,26421.4,1,0,1,29442.1,9581.26,
0,1,0,2464,65717.9,1,0,1,6803.84,6012.15,
0,1,0,2467,25681.9,1,0,1,16257.6,21149.9,
0,1,0,2469,34846.6,1,0,1,32442,29547.4,
0,1,0,2473,14661.2,1,0,1,21937.7,18280.3,
0,1,0,2474,8069.48,1,0,1,24498.4,20285.3,
0,1,0,2475,65528.7,1,0,1,17527.9,8746.72,
0,1,0,2477,37363.8,1,0,1,2793.53,36837.9,
1,2,1,2482,43170,88,86,2,38500.6,34932.9,
1,2,1,2482,466130,13,1,12,4684.35,9010.18,
0,1,0,2482,74748.7,1,0,1,35100.5,35774,
0,1,0,2483,6697.01,1,0,1,36705.3,1811.55,
0,1,0,2484,11561.6,1,0,1,36594.3,2105.95,
0,1,0,2484,7962.66,1,0,1,21433.9,38582,
1,2,1,2484,172977,128,125,3,30064.5,19962.4,
0,1,0,2487,40618.5,1,0,1,2332.48,34122.8,
0,1,0,2494,67702.9,1,0,1,28513.5,33199.8,
0,1,0,2494,37327,1,0,1,23431,10474.1,
0,1,0,2498,30593.4,1,0,1,27901.7,21923.4,
0,1,0,2499,70077.6,1,0,1,34041.2,9999.05,
0,1,0,2499,12973.8,1,0,1,24286,13398.1,
0,1,0,2500,72762.7,1,0,1,27806.1,17855.9,
0,1,0,2501,32677.5,1,0,1,13821.5,24028.1,
0,1,0,2502,68887.5,1,0,1,24595.5,33693.8,
0,1,0,2503,100660,2,0,2,25203.7,33543.9,
0,1,0,2503,32615.1,1,0,1,16548.1,27283.5,
0,1,0,2505,12486.2,1,0,1,37862.2,39549.2,
1,2,1,2505,177237,251,248,3,24499.1,31023.8,
0,1,0,2507,219505,4,0,4,17008,35414.9,
0,1,0,2512,38565.3,1,0,1,27189,38432.1,
1,2,1,2514,235380,9,3,6,34526.7,23267.4,
0,1,0,2517,70061.7,1,0,1,39133.5,31109.9,
0,1,0,2517,32598,1,0,1,39348.4,34837.1,
0,1,0,2519,9913.91,1,0,1,944.978,13693,
0,1,0,2522,65329,1,0,1,31497.6,19680.9,
0,1,0,2523,32696.5,1,0,1,18734.7,25533.8,
0,1,0,2524,152106,4,0,4,13957.2,24370.4,
0,1,0,2529,271083,6,0,6,18150.9,23293.7,
0,1,0,2531,12743.7,1,0,1,19789.9,37634,
0,1,0,2533,6725.35,1,0,1,15407.4,25381.7,
0,1,0,2538,100742,2,0,2,12491.7,7995.59,
0,1,0,2538,68143.9,1,0,1,1596.13,26314.2,
0,1,0,2538,1.13301e+06,26,0,26,15606.3,31195.7,
0,1,0,2539,29625.2,1,0,1,32981.8,36857.7,
0,1,0,2540,36981.8,1,0,1,36374.9,1582.55,
0,1,0,2541,69952.1,1,0,1,38235.4,33577.1,
0,1,0,2541,68798.8,1,0,1,37755.7,30315.3,
0,1,0,2541,11764.5,1,0,1,34095.9,23077.1,
0,1,0,2543,32322.7,1,0,1,25550.7,27310.4,
0,1,0,2543,75622.9,1,0,1,31802.7,19451.6,
0,1,0,2544,7508.09,1,0,1,27398.5,26638.9,
0,1,0,2544,32806.6,1,0,1,27417.6,26485.2,
0,1,0,2545,65086,1,0,1,2519.78,20620.1,
0,1,0,2545,33746.7,1,0,1,3629.14,10725.9,
0,1,0,2546,65973.6,1,0,1,29972.8,38759.2,
0,1,0,2546,8953.07,1,0,1,2731.33,20801.2,
0,1,0,2546,32867.7,1,0,1,26781.4,26241,
0,1,0,2546,76058.6,1,0,1,33177.3,21240.3,
0,1,0,2547,9156.77,1,0,1,25600.6,24205.1,
1,2,1,2547,290060,8,1,7,29997,19999.6,
0,1,0,2548,16596.1,1,0,1,4606.65,19960.3,
0,1,0,2548,107852,2,0,2,16946.9,31334.3,
0,1,0,2549,18715.9,1,0,1,4167.73,20113.7,
0,1,0,2549,64241.3,1,0,1,29425.8,35544.9,
0,1,0,2550,111879,2,0,2,37582.7,31840.9,
0,1,0,2553,31339.5,1,0,1,32758.7,35360.4,
0,1,0,2555,31275.8,1,0,1,26109.5,10436.6,
0,1,0,2556,179774,4,0,4,14422.9,33473.1,
0,1,0,2556,105650,2,0,2,24918.5,14796.6,
0,1,0,2560,73579,1,0,1,16044.7,34791.8,
0,1,0,2564,35064.7,1,0,1,17251.6,28787,
0,1,0,2565,70095.7,1,0,1,17159.5,28547.9,
0,1,0,2565,31492.5,1,0,1,19120.5,26686.9,
0,1,0,2567,72067,1,0,1,38300.7,37163,
0,1,0,2567,37971.8,1,0,1,26853.8,36236.3,
0,1,0,2569,67775.8,1,0,1,38549.6,36076.5,
0,1,0,2570,33903.9,1,0,1,33550,30189.5,
0,1,0,2572,67281.5,1,0,1,26912.2,22440.2,
1,2,1,2572,109432,64,62,2,26765.7,27316.4,
0,1,0,2573,26746.8,1,0,1,4816.99,23227.5,
0,1,0,2574,33024.7,1,0,1,22372.9,23236.8,
0,1,0,2579,71068.2,1,0,1,2714.92,31821.8,
0,1,0,2581,69607.4,1,0,1,17960.8,25349.2,
0,1,0,2583,35766.5,1,0,1,40281.2,9041.12,
0,1,0,2584,225886,5,0,5,27952.5,23077.7,
0,1,0,2585,100231,2,0,2,19511.2,9663.83,
0,1,0,2591,103093,2,0,2,2370.54,25238.5,
1,2,1,2591,756673,16,1,15,35021.1,25711.4,
0,1,0,2591,8260.18,1,0,1,2573.91,18017.5,
0,1,0,2592,67414.8,1,0,1,2573.66,27738.6,
1,2,1,2593,42849.9,5,3,2,32280.3,5444.08,
0,1,0,2593,192401,4,0,4,18536.9,34332.8,
0,1,0,2596,30320.7,1,0,1,11361.6,14159.6,
1,2,1,2600,180351,6,1,5,3284.77,2643.11,
1,2,1,2601,84228.1,187,185,2,37575.7,22067.8,
0,1,0,2602,34520.8,1,0,1,17445.2,29057.1,
0,1,0,2602,75357.3,1,0,1,16831,33680.3,
0,1,0,2604,71429.1,1,0,1,24057.7,40136.8,
0,1,0,2606,67833.2,2,0,2,29623.5,23906.1,
0,1,0,2606,68489.6,1,0,1,21958.3,30432.3,
0,1,0,2607,75984.6,1,0,1,22280.7,28014.2,
0,1,0,2608,33246.9,1,0,1,4243.42,9746.3,
0,1,0,2608,61142.1,1,0,1,23131.8,28269.1,
0,1,0,2609,37041.3,1,0,1,4467.35,9441.25,
0,1,0,2609,73416.3,1,0,1,19993,16079.7,
0,1,0,2609,34653.1,1,0,1,29976.7,27937,
0,1,0,2610,66004,1,0,1,19110.4,6099.19,
0,1,0,2610,32599.9,1,0,1,23583,13831.6,
0,1,0,2611,12577.7,1,0,1,30047.5,26309.1,
0,1,0,2612,24992.9,1,0,1,34560.2,10403.6,
0,1,0,2612,12856.9,1,0,1,22810.1,20975.7,
0,1,0,2612,7985.47,1,0,1,13475.8,26641.1,
0,1,0,2612,102361,2,0,2,40279.6,33208.3,
0,1,0,2613,37250.7,1,0,1,20858.6,20573.8,
0,1,0,2613,74106.3,1,0,1,39261.3,13248,
0,1,0,2613,73682.6,1,0,1,37265.8,25595.9,
10,11,10,2614,1.52148e+06,54,19,35,28191.3,16253.4,
0,1,0,2615,33881.3,1,0,1,2924.92,30697.7,
0,1,0,2616,9974.21,1,0,1,5864.62,25108.3,
0,1,0,2616,14396.9,1,0,1,14877.9,34017.1,
0,1,0,2619,32607,1,0,1,17078.3,37467.8,
0,1,0,2621,69189.1,1,0,1,25601.7,33694.6,
0,1,0,2622,10641.8,1,0,1,29036.8,33316.8,
0,1,0,2625,21844.9,1,0,1,22215.3,34357.3,
0,1,0,2625,36996.9,1,0,1,30520.3,39405.4,
0,1,0,2625,67781,1,0,1,31256,19337,
0,1,0,2626,72429.2,1,0,1,24810.8,22570.2,
0,1,0,2626,35032.4,1,0,1,27693.2,27438.6,
0,1,0,2628,66030.5,1,0,1,6121.27,12351.7,
0,1,0,2635,32885.2,1,0,1,28509.4,26947.7,
0,1,0,2635,10338.5,1,0,1,36184.3,32847.2,
0,1,0,2636,64560.2,1,0,1,37957.8,32046.7,
0,1,0,2636,21006.7,1,0,1,10575.1,34230.7,
0,1,0,2639,32469.8,1,0,1,32134.1,37206.9,
0,1,0,2640,68708.7,1,0,1,801.935,33293.1,
0,1,0,2642,25463.1,1,0,1,39022.3,26561.6,
0,1,0,2642,32845.3,1,0,1,33658.8,21235.2,
0,1,0,2642,132394,3,0,3,20417.9,39691,
0,1,0,2643,12228.6,1,0,1,31491.6,39682.8,
0,1,0,2644,36206.6,1,0,1,3155.2,25274.9,
0,1,0,2646,63784.2,1,0,1,7160.8,26461.6,
0,1,0,2646,21159.3,1,0,1,19619,34168.8,
0,1,0,2656,65328.5,1,0,1,32070.8,15239.2,
0,1,0,2657,33604.6,1,0,1,30822.3,17410.4,
0,1,0,2658,75012.8,1,0,1,32939.4,18695.3,
0,1,0,2662,35662,1,0,1,27539.7,39013.3,
0,1,0,2662,31909.3,1,0,1,9328.27,28263.9,
0,1,0,2663,70881,1,0,1,28150.5,27576.1,
0,1,0,2664,70745.4,1,0,1,30420.6,28835.9,
0,1,0,2665,34031.3,1,0,1,9590.39,30916.2,
0,1,0,2673,104009,2,0,2,34583.9,38025.1,
0,1,0,2673,70204.7,1,0,1,23907.9,24674.2,
0,1,0,2675,11546.3,1,0,1,28542.5,32166.5,
0,1,0,2677,28796.3,1,0,1,32785.8,38281.3,
0,1,0,2677,34866.8,1,0,1,34415.6,38722.9,
0,1,0,2677,163914,3,0,3,10072.4,33635.7,
0,1,0,2677,62487.2,2,0,2,35985.9,28573,
0,1,0,2679,74601.4,1,0,1,26595,3735.58,
0,1,0,2680,18180,1,0,1,40081.7,35949.2,
5,6,5,2686,629868,28,10,18,12851.7,31272.7,
0,1,0,2692,69785.6,1,0,1,29602.5,31240.4,
8,9,8,2694,495633,66,54,12,40115.5,33074.3,
0,1,0,2694,36715.3,1,0,1,34418.1,34036.3,
0,1,0,2695,12907.5,1,0,1,9876.29,997.617,
0,1,0,2696,31774.1,1,0,1,24468,12702.3,
0,1,0,2701,64339.6,1,0,1,29535.6,1753.76,
0,1,0,2702,7284.44,1,0,1,38034.7,27487.9,
0,1,0,2703,30137.8,1,0,1,36423.4,31643.2,
3,4,3,2708,1.18932e+06,29,4,25,33394.3,37925.4,
0,1,0,2714,13000.4,1,0,1,5205.3,30901.1,
0,1,0,2716,68440.3,1,0,1,38430.5,36909.1,
0,1,0,2716,66685.7,2,0,2,20854,5592.82,
0,1,0,2716,5716.73,1,0,1,35639.8,25192.5,
0,1,0,2717,74032.5,1,0,1,35325,27611.1,
0,1,0,2718,7217.31,1,0,1,26118.4,17109.1,
0,1,0,2720,83310.1,2,0,2,36283.9,29311.8,
0,1,0,2722,30427.2,1,0,1,28739.8,5287.97,
0,1,0,2723,11259.3,1,0,1,29296.8,21396.2,
0,1,0,2725,70761.4,1,0,1,30731.6,15456.9,
0,1,0,2726,33774.1,1,0,1,13365.6,29081.4,
0,1,0,2726,66412.1,1,0,1,32296.6,39189.4,
0,1,0,2727,49140.7,2,0,2,12503.1,28173.8,
0,1,0,2729,99987.3,2,0,2,7326.57,2118.05,
0,1,0,2730,33073.4,1,0,1,10509.8,27394.5,
0,1,0,2732,17453,1,0,1,30918.3,22205.7,
0,1,0,2735,64232.6,1,0,1,20028.8,37834.4,
0,1,0,2739,106469,2,0,2,37922.8,28730,
0,1,0,2739,23316.8,1,0,1,40149.2,27779.8,
0,1,0,2741,37589.3,1,0,1,39093,31784,
0,1,0,2741,71882.9,1,0,1,38046.3,29850,
0,1,0,2746,10650.5,1,0,1,39523,31549.8,
0,1,0,2754,34319.4,1,0,1,25080.7,30782.1,
0,1,0,2756,8187.25,1,0,1,19977.9,25771.7,
0,1,0,2757,33307.2,1,0,1,1098.01,24972.9,
0,1,0,2760,37025.5,1,0,1,21426.7,26007,
0,1,0,2760,84622.8,2,0,2,20694.9,22914.7,
2,3,2,2761,312844,13,5,8,20162.8,30259.5,
0,1,0,2761,33215.4,1,0,1,27647.7,39927.2,
0,1,0,2762,68874.3,1,0,1,29361.3,36661.8,
0,1,0,2762,35414.3,1,0,1,32183.5,16744.8,
0,1,0,2766,67182,1,0,1,38027.6,22728.7,
0,1,0,2768,103312,2,0,2,19501.4,38324.5,
0,1,0,2770,31442.2,1,0,1,26327.9,21935.4,
0,1,0,2770,64720.3,1,0,1,40295.6,30981.3,
0,1,0,2770,32347.4,1,0,1,32401.4,522.136,
0,1,0,2770,34321.1,1,0,1,26927.8,32504.2,
0,1,0,2770,137069,2,0,2,19026.4,38612,
0,1,0,2776,38270.1,1,0,1,35968.5,37383.2,
0,1,0,2786,64997.5,1,0,1,34800.1,24652.9,
0,1,0,2789,13901.3,1,0,1,30237.5,31896.6,
0,1,0,2792,83162.6,3,0,3,34637,38536.4,
0,1,0,2797,72607.5,1,0,1,24616.4,38962.8,
0,1,0,2797,44273.5,2,0,2,28307.5,27798.9,
0,1,0,2799,70729.1,1,0,1,30128.2,10193.5,
1,2,1,2799,113412,4,1,3,25859,36027.4,
0,1,0,2802,67562.3,1,0,1,29855.5,23053.7,
0,1,0,2805,102497,2,0,2,39297.1,20285.5,
0,1,0,2805,37052.9,1,0,1,30432.9,12193.6,
0,1,0,2806,64976.8,1,0,1,26176.4,12955.5,
0,1,0,2806,32110.6,1,0,1,24358.9,27545.7,
0,1,0,2806,43039.2,2,0,2,25517.5,26781,
0,1,0,2806,69822.3,1,0,1,23718,28228.1,
0,1,0,2808,74789.2,1,0,1,29017.9,28906.2,
0,1,0,2808,32866.2,1,0,1,28977.5,10926.9,
0,1,0,2809,68487.8,1,0,1,26975.8,33877.4,
0,1,0,2809,33662.3,1,0,1,34211.8,33938.5,
0,1,0,2810,233103,5,0,5,15822,21433.3,
0,1,0,2812,35167.7,1,0,1,25325.9,32899.9,
1,2,1,2812,35202.8,4,2,2,26581.7,31903.5,
0,1,0,2813,77842.2,1,0,1,27170.6,33530,
0,1,0,2814,8764.23,1,0,1,31800.6,22469.3,
0,1,0,2816,10094.3,1,0,1,28293.6,31454.8,
0,1,0,2823,10175.2,1,0,1,37282.7,33336.9,
0,1,0,2824,33298.5,1,0,1,6114.48,27931.6,
0,1,0,2824,67170.5,1,0,1,19607.5,6087.92,
0,1,0,2827,211783,4,0,4,35503.9,7611.43,
0,1,0,2829,23786.3,1,0,1,30645.7,31446,
0,1,0,2830,70239.5,1,0,1,32231.8,30828.6,
1,2,1,2831,1.14085e+06,35,1,34,1357.78,15676.5,
0,1,0,2833,15942.5,1,0,1,35877.8,21691.5,
0,1,0,2835,68710.3,1,0,1,37278.4,21848.7,
0,1,0,2836,8595.71,1,0,1,14529.6,36031.1,
0,1,0,2837,128602,3,0,3,14428.7,21065.2,
1,2,1,2839,112235,21,18,3,25390.1,28863.7,
0,1,0,2844,30557.6,1,0,1,16804,37502.7,
0,1,0,2845,11089.1,1,0,1,9973.94,8023.16,
0,1,0,2853,80485.5,2,0,2,33655.8,22920.6,
0,1,0,2857,6385.41,1,0,1,38744.1,39596.6,
0,1,0,2862,101606,2,0,2,9060.07,29140.1,
0,1,0,2868,31829.9,1,0,1,38961.7,32144,
0,1,0,2869,70756.7,1,0,1,37493.3,32098.6,
0,1,0,2869,12897.5,1,0,1,38269.8,31358.6,
0,1,0,2870,99713.8,2,0,2,16475.3,34306.2,
0,1,0,2875,68723.1,1,0,1,1343.63,39919.2,
0,1,0,2878,6231.68,1,0,1,31935.9,38123.8,
0,1,0,2880,28250.1,1,0,1,17471.7,26705.6,
0,1,0,2880,8665.07,1,0,1,25232.9,36901.6,
0,1,0,2883,116042,3,0,3,36987.8,7081.96,
0,1,0,2883,47601.8,2,0,2,15480.4,36968.4,
0,1,0,2884,80033,2,0,2,7435.33,33078.9,
0,1,0,2886,66538.4,1,0,1,32903.8,14250.4,
0,1,0,2890,18141.2,1,0,1,20927.7,16083.5,
0,1,0,2890,32522.5,1,0,1,29216.8,7505.91,
0,1,0,2892,13283.7,1,0,1,30824.9,17842.3,
0,1,0,2896,20197.1,1,0,1,33660.8,18300.4,
6,7,6,2898,604778,118,98,20,21857.7,7279.53,
0,1,0,2900,9194.86,1,0,1,21190.4,27657.5,
0,1,0,2900,13322.9,1,0,1,34738.8,26231.2,
0,1,0,2902,42404.2,2,0,2,9894.63,20903.2,
0,1,0,2902,49545.1,2,0,2,19066.5,29260.8,
0,1,0,2904,89007.6,2,0,2,21543.9,7295.61,
0,1,0,2910,68822.7,1,0,1,8687.4,14254.6,
0,1,0,2911,123890,3,0,3,5807.25,31416.4,
0,1,0,2912,33432.8,1,0,1,17023.1,2814.28,
0,1,0,2913,10205.2,1,0,1,11206.5,20873.9,
0,1,0,2921,16822.2,1,0,1,15316.4,21041.7,
0,1,0,2922,35198.2,1,0,1,38100.5,31914.6,
0,1,0,2923,71006.6,1,0,1,38388.2,32167.7,
0,1,0,2925,15268.6,1,0,1,40301.7,30408.6,
0,1,0,2926,15594.1,1,0,1,22247.1,31239.5,
0,1,0,2927,34099.1,1,0,1,20750.1,31260,
0,1,0,2927,12493.3,1,0,1,22424.7,27918.3,
1,2,1,2930,74842.7,3,1,2,8621.64,36310.9,
0,1,0,2932,34169.5,1,0,1,34284.3,32679.4,
3,4,3,2932,324028,16,8,8,40304.5,9809.63,
0,1,0,2933,73770.8,1,0,1,7660.27,36050.1,
0,1,0,2937,33823.1,1,0,1,22788,23116.8,
0,1,0,2944,33798,1,0,1,34667.7,27358.8,
0,1,0,2951,67369.4,1,0,1,26113.5,19484.8,
2,3,2,2967,128346,13,10,3,26839.6,26683.9,
0,1,0,2967,74967.7,1,0,1,37606.3,28708.1,
0,1,0,2969,102931,2,0,2,12379.5,26683.6,
0,1,0,2971,71286.8,1,0,1,16757.7,4676.02,
0,1,0,2971,34734.8,1,0,1,12712.1,33296.7,
1,2,1,2972,108388,5,2,3,14431.1,23790.3,
0,1,0,2973,71462.1,1,0,1,26956.7,4061.79,
0,1,0,2974,64698.7,2,0,2,37912.6,22027.8,
0,1,0,2974,67679.8,1,0,1,6128.72,19852.5,
0,1,0,2976,70283.3,1,0,1,3611.54,18153.1,
0,1,0,2976,30491.4,1,0,1,34454.2,37762.9,
0,1,0,2977,65959.5,1,0,1,34820.4,36480.8,
0,1,0,2978,30678.9,1,0,1,8442.06,28987.5,
0,1,0,2979,70166.7,1,0,1,35079.2,26654.2,
0,1,0,2979,28899,1,0,1,39853.1,24506.7,
0,1,0,2979,75494,1,0,1,21470.2,31949.8,
0,1,0,2980,16798.1,1,0,1,36377.1,20178.2,
0,1,0,2984,35281.4,1,0,1,25066.2,14936.5,
0,1,0,2987,66951.1,1,0,1,31985.3,34706,
0,1,0,2989,204262,4,0,4,14924.2,21211.7,
0,1,0,2990,9847.66,1,0,1,27241.3,14245.6,
0,1,0,2991,29623.2,1,0,1,21273.9,27917.8,
0,1,0,2991,69335.8,1,0,1,39611,23167.2,
0,1,0,2992,7677.99,1,0,1,29552.3,18399,
0,1,0,2992,34534.1,1,0,1,29285.9,17898.9,
0,1,0,2994,65578.1,1,0,1,40144.4,39691.5,
0,1,0,2994,7982.94,1,0,1,39409.2,28989.4,
0,1,0,2994,34509.1,1,0,1,36046.3,23499.3,
0,1,0,2994,32514.5,1,0,1,39904.8,21179.6,
0,1,0,2994,80774.2,2,0,2,24222.1,30858.1,
0,1,0,2995,103610,2,0,2,3782.39,20195.8,
1,2,1,2995,138388,6,1,5,36199.3,23337.7,
0,1,0,3000,31203.4,1,0,1,29856.4,19738.5,
0,1,0,3000,74114.3,1,0,1,29184.4,35875.3,
0,1,0,3002,83005.9,2,0,2,30389.8,21474.2,
0,1,0,3003,137613,3,0,3,28080,30387.9,
0,1,0,3006,9962.61,1,0,1,28646.8,30389.9,
0,1,0,3009,128033,4,0,4,25979.9,28165.7,
2,3,2,3009,766933,28,4,24,7023.96,23966.1,
0,1,0,3013,16923.9,1,0,1,29633.1,30868,
0,1,0,3017,17002.9,1,0,1,22302.7,30645.2,
0,1,0,3021,99955.2,2,0,2,37090.7,36501.7,
0,1,0,3022,35014.9,1,0,1,30133.4,20583.1,
0,1,0,3026,71026.6,1,0,1,33837.3,33327.9,
0,1,0,3028,20196.1,1,0,1,22041,1216.37,
0,1,0,3030,9123.62,1,0,1,33586.3,38389,
0,1,0,3031,16882,1,0,1,19855.4,34194.9,
0,1,0,3031,69886.1,1,0,1,27423.4,39213.2,
0,1,0,3033,22438.4,1,0,1,31830.3,16123.6,
0,1,0,3039,27680.3,1,0,1,21122.1,30968.3,
0,1,0,3039,28781.9,1,0,1,25430.6,30725.4,
0,1,0,3040,67246.9,1,0,1,22067.6,28196,
0,1,0,3041,11552.7,1,0,1,25036.6,22080,
0,1,0,3043,12536.9,1,0,1,33436.8,8969.81,
0,1,0,3044,12214.8,1,0,1,34078.7,24232.5,
0,1,0,3044,44879.7,2,0,2,26244,11696,
0,1,0,3046,66022.8,1,0,1,9507.46,6280.8,
0,1,0,3049,70158.3,1,0,1,31170,22023.4,
0,1,0,3050,7429.65,1,0,1,3368.79,22719.6,
0,1,0,3054,29097.5,2,0,2,38785.8,23485.6,
0,1,0,3056,33598.2,1,0,1,27941.8,19526.9,
0,1,0,3059,66507.5,1,0,1,36499.8,28825.8,
0,1,0,3059,7418.39,1,0,1,7816.81,10601.7,
0,1,0,3064,95743.9,2,0,2,33341.7,1910.01,
0,1,0,3079,74516.6,1,0,1,34368.9,38920.4,
0,1,0,3080,26724.9,1,0,1,35324.7,40302.2,
0,1,0,3080,12333.4,1,0,1,36575.7,39874.9,
0,1,0,3081,32455.1,1,0,1,38908.3,39127.4,
0,1,0,3084,12726.1,1,0,1,35958.5,38397.5,
0,1,0,3088,68113.1,1,0,1,10389.5,36823,
0,1,0,3093,71619.7,1,0,1,35332.6,34004.6,
0,1,0,3096,42273.2,2,0,2,25984.3,6814.1,
0,1,0,3098,72289.2,1,0,1,33527.1,29036.9,
0,1,0,3104,35738.7,1,0,1,37326.4,32748.3,
0,1,0,3108,98250.7,2,0,2,28065.5,26709.6,
0,1,0,3112,10619.8,1,0,1,27329.2,21352.8,
0,1,0,3113,71251.7,1,0,1,34551.1,33291.7,
0,1,0,3114,33437,1,0,1,34683.9,32488.1,
0,1,0,3114,7127.46,1,0,1,37156,29812.1,
0,1,0,3115,68688.2,1,0,1,39413,30831.1,
0,1,0,3116,39064.5,2,0,2,26531.9,24669.9,
0,1,0,3116,20107.8,1,0,1,32741.4,16042,
1,2,1,3117,78246.5,9,7,2,38990.4,28159.7,
0,1,0,3123,37676.6,1,0,1,20939.9,37862.9,
0,1,0,3123,68678,1,0,1,17518.6,28575.4,
0,1,0,3124,34063.3,1,0,1,36934.7,12106.4,
0,1,0,3127,8967.57,1,0,1,15554.2,2514.64,
0,1,0,3127,33211.4,1,0,1,26821.8,36263,
0,1,0,3128,76558.4,1,0,1,26555.5,35824.2,
0,1,0,3128,102031,2,0,2,17491.8,28356.3,
1,2,1,3128,115927,294,292,2,26665.4,36568.1,
0,1,0,3129,68631.3,1,0,1,18887.7,34476.7,
1,2,1,3130,103224,6,4,2,30624,6726.54,
0,1,0,3131,19447.8,1,0,1,24232,31827.9,
0,1,0,3135,33646.7,1,0,1,38842.7,25360,
9,10,9,3135,1.20034e+06,108,78,30,38325.7,36929.1,
0,1,0,3136,6156.83,1,0,1,28562.1,18674.2,
0,1,0,3138,8535.08,1,0,1,32097.9,27689.5,
0,1,0,3145,64768.1,1,0,1,27678,32959.1,
0,1,0,3146,34435,1,0,1,9493.61,38019.6,
0,1,0,3149,9353.91,1,0,1,34675.9,15249.2,
0,1,0,3149,37836,1,0,1,24753.9,6541.51,
0,1,0,3150,68201.3,1,0,1,26422.7,36695.4,
0,1,0,3152,34873.7,1,0,1,39524.8,32663.2,
0,1,0,3154,69452.2,1,0,1,18732.5,38531.9,
0,1,0,3155,8206.11,1,0,1,16900.3,38449.5,
0,1,0,3155,33078.7,1,0,1,19086.1,19287.8,
0,1,0,3161,63071,1,0,1,19117.3,26515.5,
0,1,0,3162,38326.8,1,0,1,23141.2,34821.7,
0,1,0,3165,63903.4,1,0,1,21943.7,28852.3,
0,1,0,3166,75084,1,0,1,25619,29948.8,
0,1,0,3166,5862.83,1,0,1,16046.9,21508.1,
0,1,0,3168,32784.6,1,0,1,29202.8,33571.3,
0,1,0,3170,66261.9,1,0,1,7511.25,40201.2,
0,1,0,3175,33859.1,1,0,1,35825,33042.7,
0,1,0,3176,14166.8,1,0,1,35027.6,33100.3,
0,1,0,3176,5751.05,1,0,1,18318.7,20665.2,
0,1,0,3178,28801.1,1,0,1,34754.4,14410.4,
0,1,0,3180,65438.7,1,0,1,5512.89,6062.1,
0,1,0,3183,31760,1,0,1,22825.9,22715.8,
0,1,0,3184,111280,3,0,3,9535.34,4102.17,
0,1,0,3187,10119.2,1,0,1,39497.4,40074.1,
0,1,0,3187,77199.3,1,0,1,5961.09,20280.4,
5,6,5,3187,549244,182,168,14,8007.35,14131.7,
0,1,0,3190,30778.4,1,0,1,18021.6,34761.3,
0,1,0,3190,71875.5,1,0,1,35494.2,26226.5,
0,1,0,3190,67356.4,1,0,1,9472.81,23515.3,
0,1,0,3191,107710,2,0,2,16403.8,36089.3,
0,1,0,3193,43128.4,2,0,2,13959.2,32437.5,
0,1,0,3194,112936,2,0,2,1926.9,29387.2,
0,1,0,3194,7308.46,1,0,1,16456.1,36629.3,
0,1,0,3196,33399.5,1,0,1,17284.2,35449.6,
0,1,0,3199,163020,3,0,3,37683.3,9169.53,
0,1,0,3200,8714.9,1,0,1,35975.2,33776.6,
0,1,0,3201,36765.5,1,0,1,38522.4,36954,
0,1,0,3202,69796.3,1,0,1,25311.7,33553,
0,1,0,3203,9382.08,1,0,1,36495.5,25727.7,
0,1,0,3203,34150.6,1,0,1,39645.5,27817.8,
0,1,0,3207,71980.7,1,0,1,4870.45,3687.73,
0,1,0,3212,10359.8,1,0,1,24934.8,30489.6,
0,1,0,3215,70662.3,1,0,1,35189.1,17073.4,
0,1,0,3217,29030.5,1,0,1,29310.8,4603.43,
0,1,0,3217,123923,4,0,4,18566.9,8581.69,
0,1,0,3222,104559,2,0,2,3026.92,3694.18,
0,1,0,3222,8496.95,1,0,1,33344.9,33233.3,
0,1,0,3222,277296,8,0,8,33026.9,20761.6,
0,1,0,3222,67961.1,1,0,1,16233,37231.4,
0,1,0,3222,12425.5,1,0,1,39013.9,30793.6,
0,1,0,3223,30985.9,1,0,1,11541.1,40089.2,
0,1,0,3227,71912.9,1,0,1,3641.32,33910.9,
0,1,0,3227,75540.7,1,0,1,6138.43,27517.5,
0,1,0,3227,36035.1,1,0,1,768.108,20308,
0,1,0,3230,14168.6,1,0,1,39800.5,40162.7,
0,1,0,3233,15841.5,1,0,1,18569.2,23578.7,
0,1,0,3233,67608.6,1,0,1,23967.6,22885.9,
0,1,0,3235,34045.2,1,0,1,30631.1,32821,
0,1,0,3235,122705,2,0,2,31589.3,33628.4,
0,1,0,3236,33759.7,1,0,1,39105.2,25618,
0,1,0,3237,68618.4,1,0,1,29013.9,29901.3,
1,2,1,3237,62675.1,294,292,2,35148.8,29527.9,
0,1,0,3239,75379.5,1,0,1,36105.1,36695.2,
0,1,0,3239,71544.3,1,0,1,18009.8,31974.8,
0,1,0,3240,32186.5,1,0,1,25916.1,7572.59,
0,1,0,3243,72252.8,1,0,1,16348.4,40229.4,
0,1,0,3245,31562.8,1,0,1,31219.5,18097.7,
0,1,0,3246,68172.5,1,0,1,31415.6,17903.9,
0,1,0,3246,38711.6,1,0,1,30944,17456.5,
0,1,0,3248,66248.2,1,0,1,6258.67,23343.3,
0,1,0,3249,32637.4,1,0,1,28623.2,13559.5,
0,1,0,3253,137063,3,0,3,24454.7,32971.5,
0,1,0,3254,7988.18,1,0,1,25667.2,7436.06,
0,1,0,3257,67756.1,1,0,1,21748.5,23227.9,
0,1,0,3258,14270.9,1,0,1,35121.2,7381.35,
0,1,0,3258,77474.3,2,0,2,36059.7,6293.28,
0,1,0,3260,20648.4,1,0,1,22092.6,13125.6,
0,1,0,3262,37227.9,1,0,1,22715.1,15845.7,
0,1,0,3265,225267,5,0,5,30660.4,1548.5,
0,1,0,3266,30911.6,1,0,1,21239,37318.7,
0,1,0,3268,7580.58,1,0,1,39278.5,16949.4,
0,1,0,3268,31430.1,1,0,1,37235.4,22487.2,
0,1,0,3272,69130,1,0,1,5055.39,40189,
0,1,0,3278,41748.2,1,0,1,9664.5,28494.7,
0,1,0,3278,30361.9,1,0,1,15999.2,8236.24,
0,1,0,3279,104714,2,0,2,39786.1,13624.8,
0,1,0,3282,70644.2,1,0,1,15307.7,29288.2,
0,1,0,3285,24859.9,1,0,1,11018.1,32260.6,
0,1,0,3286,96757.5,2,0,2,17725.2,9832.35,
0,1,0,3286,100956,2,0,2,39679.1,35459.1,
0,1,0,3289,105224,2,0,2,30409.6,30310,
0,1,0,3289,35889.3,1,0,1,30337.5,35726.8,
0,1,0,3290,73884.4,2,0,2,12160.8,1542.85,
0,1,0,3291,32714.9,1,0,1,10570.8,17143.2,
0,1,0,3293,97309.1,2,0,2,27570.2,32660.5,
0,1,0,3295,105997,2,0,2,19334.7,40015.5,
1,2,1,3296,308179,7,1,6,22293.4,33747.5,
0,1,0,3296,173040,3,0,3,19562.4,31032,
0,1,0,3296,31985.5,1,0,1,39271.3,30573.3,
0,1,0,3299,62159.6,1,0,1,10417.1,18035.6,
0,1,0,3304,34135.6,1,0,1,29822.2,34687,
0,1,0,3305,70507.7,1,0,1,30663.3,35006.1,
1,2,1,3310,463296,13,2,11,24031.4,25455.5,
0,1,0,3310,9741.53,1,0,1,39920.2,32440.9,
0,1,0,3311,7177.06,1,0,1,40142.2,32660,
0,1,0,3312,65467.9,1,0,1,14397.5,34259.3,
0,1,0,3313,32279,1,0,1,20582.2,12383.7,
0,1,0,3315,8679.8,1,0,1,23078.1,13343.5,
0,1,0,3315,30647.1,1,0,1,22788.4,13540.5,
0,1,0,3316,66329.1,1,0,1,36878.4,22371.3,
0,1,0,3317,66827.9,1,0,1,19275.5,6529.15,
0,1,0,3318,39531.1,1,0,1,11595.8,21100.1,
0,1,0,3319,65625.7,1,0,1,29639.6,28846.9,
0,1,0,3319,34710.7,1,0,1,26738.1,24774.6,
1,2,1,3324,112930,7,4,3,26483.8,22066.2,
0,1,0,3329,17858.6,2,0,2,37842.6,17493.4,
0,1,0,3334,34668.8,1,0,1,12056.7,18656.2,
0,1,0,3335,72034.1,1,0,1,19818.2,10284.2,
0,1,0,3336,109024,2,0,2,28239.7,23646.2,
0,1,0,3337,10192,1,0,1,2618.94,11561.8,
0,1,0,3338,72039.8,1,0,1,33400.2,23935.5,
0,1,0,3338,32280.3,1,0,1,11102,22864.2,
0,1,0,3345,39321.2,1,0,1,28061.2,33255.4,
0,1,0,3350,71134.8,1,0,1,32409,38072.5,
0,1,0,3356,98147.3,2,0,2,25718,30512.7,
0,1,0,3357,37250.3,1,0,1,31827.5,35409.6,
0,1,0,3359,73034.8,1,0,1,22141.4,31524.8,
0,1,0,3362,37670.2,1,0,1,38863.2,21328.5,
0,1,0,3364,17009.6,1,0,1,31047.4,19936.2,
0,1,0,3369,36117.7,1,0,1,25922.8,27052.9,
0,1,0,3371,68847.7,1,0,1,39156.2,29121.8,
0,1,0,3372,100864,2,0,2,32376,22946.5,
0,1,0,3375,15894,1,0,1,28124.4,23340.7,
0,1,0,3380,40657.3,2,0,2,15951.8,17081,
0,1,0,3383,68161.6,1,0,1,15169.3,25851,
0,1,0,3387,69250.3,1,0,1,28949,23619.8,
0,1,0,3393,35845.7,1,0,1,23505.5,34264.5,
4,5,4,3394,516479,65,54,11,10791.3,32425.2,
0,1,0,3401,33674.4,1,0,1,21052.6,14250.2,
0,1,0,3404,9481.42,1,0,1,12520.7,8388.97,
0,1,0,3409,33382.1,1,0,1,20990.2,30416.5,
0,1,0,3410,66578.7,1,0,1,33151.9,27475.1,
0,1,0,3411,363666,10,0,10,36148.3,8311.1,
0,1,0,3415,8685.66,1,0,1,29731.4,20817.3,
5,6,5,3415,2.92512e+06,559,498,61,3607.92,34403,
0,1,0,3415,65769.1,1,0,1,31504.6,22026.2,
0,1,0,3416,62995.9,1,0,1,29620.8,18986.3,
0,1,0,3417,32797.1,1,0,1,29325.9,18408.1,
0,1,0,3419,104011,2,0,2,27035.8,35092.9,
0,1,0,3423,69780.8,1,0,1,30392.9,17465.5,
0,1,0,3428,38710.6,1,0,1,19316,2672.04,
0,1,0,3430,72422,1,0,1,24136.6,26993.2,
0,1,0,3430,33282.6,1,0,1,22763.9,25560.8,
0,1,0,3431,71975.6,1,0,1,13189.4,18492.1,
1,2,1,3431,172197,5,1,4,22486.8,27621.8,
0,1,0,3432,76713.4,1,0,1,39463.7,8981.85,
0,1,0,3435,31416.7,1,0,1,20793.8,27813.5,
0,1,0,3435,6053.92,1,0,1,11392.3,16847.6,
0,1,0,3436,73862,1,0,1,23403.8,30186.2,
0,1,0,3436,71540.6,1,0,1,20872.4,27965.1,
0,1,0,3438,13169.4,1,0,1,13127.8,20984.3,
0,1,0,3442,33210.5,1,0,1,27039.6,843.729,
0,1,0,3444,33533.6,1,0,1,28178.7,38851.3,
0,1,0,3446,71712.6,1,0,1,27002.6,16605.3,
0,1,0,3447,23504.3,1,0,1,23290.8,27784.6,
0,1,0,3447,71851.8,1,0,1,39960.6,26808.9,
0,1,0,3448,33235.1,1,0,1,37104.2,8171.85,
1,2,1,3450,41755.3,99,97,2,16481.3,35079.2,
0,1,0,3451,175698,3,0,3,38547,37826.3,
0,1,0,3452,8428.43,1,0,1,35414.7,17120.9,
0,1,0,3453,44198.7,2,0,2,36452.8,17400.2,
0,1,0,3453,71372.7,1,0,1,40129.5,26712.7,
0,1,0,3454,34877.6,1,0,1,33726.4,33387,
2,3,2,3458,231268,8,2,6,18277.7,7677.48,
0,1,0,3460,73115.4,1,0,1,39616.9,32473.1,
0,1,0,3461,36446.2,1,0,1,22124.1,33798.6,
0,1,0,3465,69531.5,1,0,1,39771.5,17574.5,
0,1,0,3466,68898.2,1,0,1,36312.3,12939.1,
0,1,0,3466,10629.4,1,0,1,9267.87,4525.84,
0,1,0,3469,30340.6,1,0,1,1258.72,7868.21,
0,1,0,3472,31023.3,1,0,1,22456.8,15883.1,
0,1,0,3478,72767.4,2,0,2,36885.2,33198.8,
0,1,0,3479,14360.4,1,0,1,33350.4,39036.5,
0,1,0,3481,106702,3,0,3,12430.4,1993.65,
0,1,0,3482,72959.8,1,0,1,19555.5,25915,
0,1,0,3484,30108.6,1,0,1,24729.3,28396.5,
0,1,0,3484,68232.1,1,0,1,15654,9794.84,
0,1,0,3487,40118.1,1,0,1,28046,20787.6,
0,1,0,3487,75907,1,0,1,36109.4,15907.9,
0,1,0,3492,70134.1,2,0,2,36352,22329.4,
0,1,0,3494,72714.2,1,0,1,37164.3,32458.6,
0,1,0,3495,31648.5,1,0,1,38183.9,36671,
0,1,0,3497,85225.4,2,0,2,17754.4,32224.2,
0,1,0,3500,32093.3,1,0,1,13219.7,25642.1,
0,1,0,3501,66790.9,1,0,1,5956.67,27822.8,
0,1,0,3502,87483.2,2,0,2,2597.11,28449.6,
0,1,0,3504,32263.5,1,0,1,21732.7,37173,
0,1,0,3504,15362.2,1,0,1,12315.5,35064.9,
0,1,0,3508,36996.8,1,0,1,21114.3,22606.3,
0,1,0,3518,7402.84,1,0,1,33649.8,27139,
0,1,0,3527,71979.2,1,0,1,33361,806.819,
0,1,0,3528,71399.9,1,0,1,9692.62,12528.9,
0,1,0,3529,38800,1,0,1,35009.1,29689.1,
0,1,0,3532,48995.1,2,0,2,25112.1,688.574,
0,1,0,3533,16271.4,1,0,1,17043,37517.6,
0,1,0,3540,71064.3,1,0,1,35241.4,14433.1,
0,1,0,3540,64413.5,1,0,1,28048.4,16364.2,
0,1,0,3540,35083.4,1,0,1,28937.3,15662,
0,1,0,3540,9733.33,1,0,1,30292,14796.9,
0,1,0,3545,64561.9,1,0,1,14578.6,32360.3,
0,1,0,3546,6173.77,1,0,1,16448.6,34618,
0,1,0,3546,31469.6,1,0,1,2940.83,37098.7,
0,1,0,3549,36302.1,1,0,1,23329.9,30606.2,
0,1,0,3550,68682.8,1,0,1,18621.2,34688.1,
0,1,0,3552,29072.9,1,0,1,1667.43,24227.2,
0,1,0,3558,72176.4,1,0,1,27440.5,31714.7,
0,1,0,3558,106441,2,0,2,36169,22788.1,
0,1,0,3559,36522.7,1,0,1,24450.7,30887.5,
0,1,0,3561,69281.6,1,0,1,37147.3,15623.8,
0,1,0,3562,66684.6,2,0,2,30072.7,23904.5,
0,1,0,3564,88718.8,2,0,2,12394.3,8537.29,
0,1,0,3565,10476.8,1,0,1,25902.2,24333.9,
0,1,0,3571,30352.7,1,0,1,24289,31341.4,
3,4,3,3574,320041,13,5,8,8235.91,28608.4,
0,1,0,3575,16311.7,1,0,1,34525.2,33282.6,
0,1,0,3576,12840.1,1,0,1,21843.5,11678.7,
0,1,0,3577,7275.99,1,0,1,34342.3,29992,
0,1,0,3578,72267.8,1,0,1,29590.5,23754,
0,1,0,3579,35565,1,0,1,35736.9,29730,
0,1,0,3579,14480.6,1,0,1,34160.6,29601.8,
0,1,0,3581,34336.2,1,0,1,17881.8,12184.7,
0,1,0,3581,13972.8,1,0,1,17452.9,11462.5,
0,1,0,3582,108966,2,0,2,38550.5,18322,
0,1,0,3584,14801.3,1,0,1,34936.2,4695.64,
0,1,0,3590,70671.4,1,0,1,23914,25870.2,
0,1,0,3593,10295.7,1,0,1,30988.3,34735.3,
0,1,0,3594,31832.1,1,0,1,26056.9,14971.2,
0,1,0,3595,14935.4,1,0,1,26996.9,14624,
0,1,0,3597,68842.2,1,0,1,10722.8,16800.8,
0,1,0,3598,33224.9,1,0,1,26915,33763.7,
0,1,0,3598,10608.5,1,0,1,15166.6,12606.4,
0,1,0,3598,68027,1,0,1,30795.4,40045,
0,1,0,3601,50249.6,1,0,1,6469.59,40279.7,
0,1,0,3602,188120,5,0,5,14066,10097.2,
0,1,0,3604,72003.3,1,0,1,38881.3,31335.5,
0,1,0,3605,14044,1,0,1,38247.1,38086.8,
0,1,0,3606,23759.1,1,0,1,28318.8,34734,
0,1,0,3607,74852,1,0,1,26187,34764.1,
0,1,0,3608,32094.5,1,0,1,25744.6,37032.5,
0,1,0,3615,67862.5,1,0,1,29662,36528.6,
0,1,0,3616,33028.9,1,0,1,16930.2,23668.4,
0,1,0,3617,70382.3,1,0,1,8665.07,3398.04,
0,1,0,3618,35422.1,1,0,1,5626.72,25727.3,
0,1,0,3622,8785.01,1,0,1,2582,24751.2,
0,1,0,3625,70787.9,1,0,1,8414.35,6542.07,
0,1,0,3627,33899.6,1,0,1,8633.83,4095.71,
0,1,0,3627,14192.6,1,0,1,15395.9,17346.8,
0,1,0,3628,34243.9,1,0,1,38232.8,37445.3,
0,1,0,3628,68043.3,1,0,1,21156.1,7492.02,
0,1,0,3628,38739.7,1,0,1,38831.3,40071.7,
0,1,0,3630,75756,1,0,1,30061.4,17793.9,
0,1,0,3631,38834.6,1,0,1,29771.9,18423.5,
0,1,0,3632,70709.7,1,0,1,23160.8,33574.9,
0,1,0,3632,32226.5,1,0,1,10879,4848.08,
2,3,2,3633,224688,8,3,5,24824.5,36671.1,
0,1,0,3633,66366.4,1,0,1,24896.5,32204.3,
0,1,0,3637,73310.8,1,0,1,22382.5,32131.2,
0,1,0,3640,35233.5,1,0,1,24719.4,29701.5,
0,1,0,3640,72462.1,1,0,1,22098,21033.7,
0,1,0,3641,35242.6,1,0,1,30129,38546.1,
2,3,2,3643,573593,17,4,13,30561,28712.8,
0,1,0,3644,69432.1,1,0,1,37687.5,11582.2,
18,19,18,3645,950705,312,286,26,10448.3,31165.8,
0,1,0,3647,11535.3,1,0,1,5224.55,37346.4,
0,1,0,3650,73958.1,1,0,1,1558.22,20551.9,
0,1,0,3651,104521,2,0,2,22045.9,36935.3,
0,1,0,3651,29988.7,1,0,1,809.772,20030.4,
1,2,1,3651,103559,3,1,2,39741.9,12475.1,
0,1,0,3653,67874.8,1,0,1,23001.3,22773.3,
0,1,0,3653,17657.2,1,0,1,26415.4,27873.3,
1,2,1,3654,106074,44,42,2,4749.25,12041.8,
0,1,0,3654,95035.8,4,0,4,29485,31694.9,
0,1,0,3655,72746.3,1,0,1,10774.9,35324.7,
0,1,0,3658,75329.7,1,0,1,12434.4,19020.2,
0,1,0,3658,6730.34,1,0,1,31821.1,21416.3,
0,1,0,3659,30366.2,1,0,1,32930.2,34029.4,
0,1,0,3659,34896.9,1,0,1,17596.8,21005.3,
0,1,0,3660,69611.2,1,0,1,8835.86,27584,
0,1,0,3661,14896.2,1,0,1,29624.6,29167.2,
0,1,0,3663,12940.9,1,0,1,34791.8,14622,
0,1,0,3670,31408.8,1,0,1,22312.9,33410.1,
0,1,0,3676,78237.3,1,0,1,26414.9,33354.4,
0,1,0,3679,31052.5,1,0,1,11631.4,31498.8,
0,1,0,3680,76791.2,1,0,1,10751,34592.9,
0,1,0,3681,31530.2,1,0,1,5938.32,33869.8,
0,1,0,3683,186186,4,0,4,17653.8,21561.6,
0,1,0,3685,30791.3,1,0,1,28967.8,8067.29,
0,1,0,3688,78385.3,1,0,1,19280.4,28333.3,
0,1,0,3688,15294.3,1,0,1,17658.1,28269.5,
0,1,0,3688,104247,2,0,2,21921.1,33832.6,
0,1,0,3689,10199.5,1,0,1,19387.9,31257.3,
0,1,0,3690,74789,1,0,1,33282.1,15724.5,
0,1,0,3691,30290.1,1,0,1,32057.5,34605,
0,1,0,3691,33794.4,1,0,1,24533.3,34411.5,
1,2,1,3691,388061,12,1,11,32315.4,17678.6,
0,1,0,3691,11466.1,1,0,1,28830.5,32491.8,
0,1,0,3691,73169.9,1,0,1,11035.3,19034.1,
0,1,0,3692,37669.3,1,0,1,29348.8,32260.5,
0,1,0,3693,69909.6,1,0,1,28603.2,30338.9,
0,1,0,3693,13436.5,1,0,1,31226.9,28187,
0,1,0,3694,76405.4,1,0,1,26804.5,32629.8,
0,1,0,3694,33257.9,1,0,1,31854.8,27636.9,
0,1,0,3694,21769.8,1,0,1,28875,30189.8,
0,1,0,3695,69180.1,1,0,1,27182.4,31466.1,
0,1,0,3696,33383,1,0,1,24423.3,30136.3,
0,1,0,3698,7219.92,1,0,1,26274.9,30083.9,
0,1,0,3699,27216.2,1,0,1,28232.5,39806.8,
0,1,0,3699,5634.53,1,0,1,4790.19,10787.8,
0,1,0,3700,76809.5,1,0,1,40205.1,39724.4,
0,1,0,3703,73047.6,1,0,1,14823.2,10574.6,
0,1,0,3706,15365.4,1,0,1,20086.9,1918.54,
0,1,0,3707,36371.6,1,0,1,21256,38145.1,
0,1,0,3707,19974.8,1,0,1,28313.3,14252.3,
0,1,0,3708,6093.61,1,0,1,26934.8,19572,
0,1,0,3708,31662.4,1,0,1,19184.9,16636.5,
0,1,0,3709,75488.6,1,0,1,19661.3,18716.7,
0,1,0,3714,70419,1,0,1,34219.6,32805.1,
0,1,0,3714,34715.9,1,0,1,31407.2,19103.4,
0,1,0,3715,73074.9,1,0,1,26784.2,27735.2,
9,10,9,3715,571088,39,26,13,27384.6,28043.3,
0,1,0,3717,9489.92,1,0,1,33430.3,28228.3,
0,1,0,3717,12609.4,1,0,1,27358.6,28065,
0,1,0,3718,71303.3,1,0,1,34046.2,28617.3,
0,1,0,3719,34155.9,1,0,1,33723.1,28663.8,
0,1,0,3721,67508.2,1,0,1,24124.8,24856.4,
0,1,0,3721,36489.8,1,0,1,34534.2,37739.7,
0,1,0,3722,35038.7,1,0,1,19371.8,36712.3,
0,1,0,3722,73931.3,1,0,1,37676.6,39893.5,
0,1,0,3726,74762.3,1,0,1,20473.1,38378.1,
0,1,0,3729,38553.3,1,0,1,36172.7,33190.4,
1,2,1,3732,112196,3,1,2,1371.77,17815.4,
0,1,0,3733,28224.6,1,0,1,24152.8,30803.8,
0,1,0,3734,35119.4,1,0,1,21863.8,28390.9,
0,1,0,3746,12501.4,1,0,1,8658.02,27943.1,
1,2,1,3747,148910,6,1,5,6683.64,27840.5,
0,1,0,3749,70460.8,1,0,1,34139.3,26891,
0,1,0,3754,20676.9,1,0,1,27316.2,30339.6,
0,1,0,3755,33225.8,1,0,1,27479.2,30373.8,
0,1,0,3763,67024.6,1,0,1,38946.6,9424.11,
0,1,0,3763,162477,4,0,4,29418.6,13074,
0,1,0,3764,65957.9,1,0,1,35538.6,28297.7,
0,1,0,3766,126281,4,0,4,4034.21,33760,
0,1,0,3785,78426.6,2,0,2,32857.7,18697.8,
0,1,0,3786,35578.2,1,0,1,33292.2,17633.6,
0,1,0,3792,13445.8,1,0,1,36327.2,6379.68,
0,1,0,3792,36052.1,1,0,1,32667.2,22499.3,
0,1,0,3793,74604.6,1,0,1,36227.2,20553,
0,1,0,3798,19765.3,1,0,1,27520.8,6952.59,
0,1,0,3798,11568.3,1,0,1,38918.8,27295.5,
0,1,0,3799,13861.5,1,0,1,39070.6,30813.3,
0,1,0,3800,15616.3,1,0,1,31770.3,31872.9,
0,1,0,3808,33620.3,1,0,1,34288.1,6015.92,
0,1,0,3809,72633.4,1,0,1,35244.7,27867.9,
0,1,0,3809,103884,2,0,2,14969.2,34652.1,
2,3,2,3828,196165,31,27,4,22168,9166.17,
0,1,0,3829,71516.3,1,0,1,36686.9,30456.6,
0,1,0,3846,27021.6,2,0,2,27251.7,20460.7,
0,1,0,3848,17558.5,1,0,1,27888.5,20875.3,
0,1,0,3850,35005.1,1,0,1,37537.1,12342.4,
0,1,0,3851,68083.2,1,0,1,28892.3,23888.1,
0,1,0,3851,43769.6,1,0,1,33595.7,3301.34,
0,1,0,3855,9332.34,1,0,1,16457.5,14603.7,
0,1,0,3857,35551.6,1,0,1,28099.9,40242.2,
0,1,0,3858,9046.63,1,0,1,20043.2,16256.8,
0,1,0,3859,27199.1,1,0,1,39926.1,28488,
0,1,0,3864,34776,1,0,1,38655.7,17692.8,
0,1,0,3866,69466.5,1,0,1,34990.7,28161.2,
0,1,0,3867,15199.3,1,0,1,34254.6,27647.7,
0,1,0,3867,155271,4,0,4,24398.7,14268,
0,1,0,3872,32415.1,1,0,1,15531.2,2383.85,
0,1,0,3876,360448,10,0,10,8445.27,11286,
0,1,0,3876,32874.2,1,0,1,27244.9,11550.3,
0,1,0,3877,70280.4,1,0,1,27348.4,13456.6,
0,1,0,3879,10788.6,1,0,1,33155.3,19052,
0,1,0,3883,31494.4,1,0,1,16932.6,37673.6,
0,1,0,3885,71074.3,1,0,1,33911.1,35452.9,
0,1,0,3885,38543.3,2,0,2,32479.1,36488.9,
0,1,0,3886,69758.1,1,0,1,13504.6,14591.9,
0,1,0,3889,14235.6,1,0,1,36044.9,10320.6,
0,1,0,3890,17916.9,1,0,1,36333.6,10477.3,
1,2,1,3896,102911,5,3,2,25999.9,4818.88,
0,1,0,3904,29857.4,1,0,1,11096.2,38204.1,
0,1,0,3906,71398.1,1,0,1,16084.1,28571.6,
1,2,1,3906,111588,50,47,3,30934.2,22217.3,
0,1,0,3906,29493.6,1,0,1,21151.1,12225.5,
0,1,0,3907,17978.7,1,0,1,19404.3,29559,
0,1,0,3907,68714,1,0,1,37679.6,36797.9,
0,1,0,3907,11959.2,1,0,1,20614.1,11881.5,
0,1,0,3909,53426.6,2,0,2,17759.7,26391.3,
0,1,0,3909,13170.3,1,0,1,38588.9,34811.5,
0,1,0,3909,36454.6,1,0,1,22806.3,20979.6,
0,1,0,3911,69887.4,1,0,1,24560,27253.5,
0,1,0,3911,72028.5,1,0,1,19981.9,26572.5,
0,1,0,3915,8367.17,1,0,1,16619.5,34616.8,
0,1,0,3916,33895,1,0,1,33836.9,24441.2,
0,1,0,3916,67885.4,1,0,1,16592.5,34387.1,
0,1,0,3920,34526.4,1,0,1,13379.5,32404,
0,1,0,3923,8889.21,1,0,1,31147.3,30981.6,
0,1,0,3925,6634.07,1,0,1,27739.3,8867.25,
0,1,0,3925,77444,1,0,1,39405.1,34785.3,
0,1,0,3927,247446,6,0,6,38510.3,18046.1,
0,1,0,3934,33006.6,1,0,1,38739.6,18190.6,
0,1,0,3936,70092,1,0,1,1001.05,25135.3,
0,1,0,3941,33950.3,1,0,1,22535.5,24352.2,
0,1,0,3943,74876.1,1,0,1,1252.78,36370.7,
0,1,0,3947,44445.9,2,0,2,25203.3,21933.9,
0,1,0,3949,70949.1,1,0,1,20320.5,14522.1,
0,1,0,3949,38347.1,1,0,1,23653.8,31345.5,
0,1,0,3950,38900.4,1,0,1,10266.1,9751.29,
0,1,0,3952,68361.6,1,0,1,28118.3,16478.1,
0,1,0,3953,71118.8,1,0,1,27340,33862.1,
0,1,0,3953,12560.4,1,0,1,13134.9,38384.1,
0,1,0,3956,217295,4,0,4,32062.2,28978.5,
0,1,0,3956,364353,9,0,9,9712.88,4483.38,
0,1,0,3957,108777,2,0,2,29554.1,39007.1,
0,1,0,3958,73799.4,1,0,1,2607.05,23198.8,
0,1,0,3958,34293.2,1,0,1,22781.6,33038.7,
0,1,0,3958,17573.6,1,0,1,26848,38583.4,
0,1,0,3959,107218,2,0,2,32755.4,28421.9,
0,1,0,3960,110896,3,0,3,19773,35340,
0,1,0,3963,38733.1,1,0,1,16951.8,38365.8,
0,1,0,3963,68329.7,1,0,1,34080.8,33700.2,
0,1,0,3966,130887,4,0,4,27112,9221.37,
0,1,0,3971,64257.6,1,0,1,33328.5,34247.1,
0,1,0,3972,37089.1,1,0,1,38399.8,35691.4,
0,1,0,3974,33784.7,1,0,1,23889.4,27818.2,
0,1,0,3975,69967.6,1,0,1,5680.7,38065.1,
0,1,0,3975,10646.1,1,0,1,7868.87,36827.4,
0,1,0,3976,15252.8,1,0,1,33218.4,29010,
0,1,0,3979,33642.2,1,0,1,33038.7,31577.5,
0,1,0,3982,72215.5,1,0,1,9573.09,37270.2,
0,1,0,3987,74001,1,0,1,17744.2,6327.69,
0,1,0,3987,33260.6,1,0,1,31555.1,27890.5,
1,2,1,3990,136309,4,1,3,19905.2,5869.15,
0,1,0,3992,26641.6,1,0,1,35211.6,27016.5,
0,1,0,3996,66217.8,1,0,1,34425,27850.4,
0,1,0,3996,76589.2,1,0,1,33193,27519,
0,1,0,3999,35515.8,1,0,1,38745.7,10808.3,
