density,frame,intensity,sigmaXY,x,y,
0.00257302,163,3460.04,0.938836,7161.98,26646.4,
0.00274473,192,3959.66,0.873923,7149.14,26651.4,
0.0133628,193,6069.61,0.942776,7156.72,26735,
0.0039364,194,8306.57,1.30452,7141.63,26664.6,
6.47274e-06,195,5336.69,1.04075,7102.89,26754.5,
0.00194557,196,6452.93,0.872684,7223.07,26705,
0.00256686,197,4092.46,0.682759,7190.36,26750.5,
5.41508e-05,198,3787.58,0.667716,7215.65,26666.5,
0.00971929,199,4159.97,0.711633,7119.39,26727.6,
3.09419e-05,200,6403.4,1.06843,7184.97,26757.5,
0.00928299,201,5923.47,1.01933,7139.25,26716.4,
0.00693391,202,5812.29,0.987947,7188.56,26668.9,
0.00989413,203,4808.82,0.845065,7190.79,26678.8,
0.000535152,249,6659.15,0.9705,7108.58,26725.9,
0.0120143,250,4381.32,0.908734,7199.63,26737.5,
1.94084e-05,251,11090.3,1.468,7225,26768.3,
0.00381504,252,5843.74,1.01002,7179.98,26662.3,
0.00995896,253,5831.74,1.00679,7120.24,26703.9,
0.0101852,254,6321.51,1.21057,7125.88,26721.9,
0.0036679,255,5491.98,1.11303,7109.03,26691.1,
0.0221101,256,5234.06,0.916411,7174.43,26687.8,
0.0119636,257,6476.15,0.951405,7123.23,26733.6,
0.0146823,258,9158.59,1.0508,7176.05,26715.7,
0.00772484,259,7596.23,1.24649,7117.45,26731.3,
0.0101198,260,5866.69,0.945558,7131.69,26720.7,
5.88397e-05,261,5707.76,1.04149,7142.75,26646,
0.00790436,262,4382.33,0.778606,7167.51,26682.1,
0.00745964,263,5267.13,0.877012,7156.25,26744.9,
0.0140778,264,7715.09,1.11664,7169.52,26723.8,
0.0073568,265,3678.79,0.577969,7129.21,26736,
0.0036898,271,5649.25,0.896393,7100.37,26703.6,
0.0253962,272,5498.09,1.02947,7175.94,26688.6,
0.0147128,273,5770.55,0.955944,7157.04,26723.9,
7.90411e-06,274,6909.19,1.25171,7127.6,26627.9,
0.0153348,275,5081.74,0.877824,7167.73,26686.2,
0.00427355,276,4626.39,0.964111,7198.07,26679.1,
0.0180229,306,5188.86,0.804134,7156.7,26729.2,
0.0172986,307,7049.91,0.981938,7167.82,26699.7,
1.43785e-05,308,3981.3,0.846274,7093.21,26746.3,
0.0141922,309,4257.76,0.738834,7175.76,26718.6,
0.00535484,310,6010.52,0.992973,7176.32,26750.6,
0.00447277,345,3935.01,0.772427,7206.21,26703.7,
0.0183836,346,4640.5,0.794136,7196.3,26732.3,
0.00859827,347,7695.68,1.27359,7187.88,26738.4,
0.015801,348,8807.86,1.24027,7164.86,26698.5,
0.0111079,349,5966.63,1.01238,7179.01,26734.5,
0.0119447,350,4672.27,0.772083,7130.38,26729.3,
3.11667e-05,351,6291.77,1.06369,7158.35,26769.8,
0.00997766,352,5954.38,1.08826,7192.95,26702,
0.00940122,353,5329.32,0.986676,7150.32,26702.3,
0.0110698,354,5422.04,1.07361,7148.23,26705,
0.00815569,355,4381.09,0.698325,7182.08,26667.7,
1.87931e-05,356,4351.07,0.754819,7091.9,26700,
0.00863233,357,5455.29,0.827275,7194.87,26712.8,
9.70754e-05,358,4528.32,0.862653,7187.65,26636.9,
0.0128238,359,5835.56,1.11411,7176.07,26724.7,
0.00600896,360,5239.52,0.896325,7208.63,26733.6,
0.0153224,361,10270.5,1.31311,7173.87,26707,
0.0182283,362,8057.07,1.1561,7178.57,26706.7,
0.000102875,363,5310.72,0.943949,7117.56,26742.6,
0.0144495,364,8845.04,1.13669,7163.29,26739.1,
0.00282404,365,8123.04,1.2224,7221.32,26706.9,
0.0153888,366,5539.99,0.839032,7158.63,26739.2,
0.0103041,367,5588.06,1.08276,7115.85,26700.6,
0.0109157,368,4031.2,0.855385,7146.92,26727.8,
0.00223524,369,4207.09,1.02368,7212.2,26736.7,
0.0119268,370,2878.81,0.82481,7185.79,26675,
7.59123e-05,377,2924.76,0.653704,7229.92,26708.2,
0.00957532,412,6502.16,1.22592,7158.73,26684.4,
5.88391e-05,413,4912.11,0.903142,7118.81,26675.7,
0.00801913,414,6231.82,1.09397,7130.39,26694,
0.00852725,415,8785.66,1.13931,7124.94,26734.2,
3.02383e-05,416,3457.59,0.70079,7154.51,26769.8,
2.28085e-05,418,3591.6,0.857609,7134.94,26771.3,
0.0200095,419,5704.98,1.09339,7184.1,26683.6,
0.0103082,420,6098.68,0.92279,7111.63,26709.8,
0.00552102,421,6126.12,1.27843,7152.11,26673.3,
2.53836e-05,422,4860.82,0.927562,7252.57,26690.3,
0.00357854,423,7638.71,1.12873,7193.22,26660.4,
0.0125588,424,5426.35,0.90113,7147.03,26726.9,
0.0117739,425,6517.62,1.37399,7187.07,26694.1,
0.0106038,426,8196.91,1.20268,7200.66,26729.1,
0.00238576,427,5248.13,1.14101,7200.7,26744.2,
4.10238e-05,428,4673.58,0.949134,7099.87,26673.9,
0.0148696,429,4761.74,0.869873,7185.58,26734,
0.000110978,430,6315.3,1.03743,7124.16,26746,
3.91854e-05,431,7660.3,1.01739,7159.83,26642.9,
0.00711801,432,8090.34,1.27751,7196.7,26697.7,
0.00700163,433,8541.26,1.39025,7209.52,26710.6,
0.0189862,434,3375.39,0.677672,7181.17,26705.1,
0.0052926,435,6751.78,1.08431,7142.12,26676,
0.0112742,436,7373.17,0.934743,7193.69,26727.3,
0.0178657,437,6324.87,1.00987,7149.46,26711.7,
0.00700533,438,6100.19,0.992998,7135.73,26737.9,
0.0136178,439,5977.47,0.852235,7174.88,26682.8,
0.0125145,440,7950.17,1.22821,7157.75,26711.2,
0.0202358,441,4156.08,0.74702,7180.22,26694.5,
0.00374802,442,3130.39,0.823133,7136.14,26670,
0.0327861,443,6335.82,1.07439,7180.8,26687.9,
0.00770355,444,5216.75,0.820108,7133.59,26693,
0.0179898,445,8253.14,1.32915,7154.39,26718.2,
0.015981,446,6700.85,0.911903,7161.7,26731,
8.83102e-06,447,9994.82,1.41297,7165.12,26791.6,
0.0153655,449,4841.27,1.04986,7143.44,26714.6,
0.0132647,450,6119.68,1.09637,7154.99,26695.9,
0.00975578,451,7822.5,1.45991,7195.49,26699.7,
1.13067e-05,452,5769.16,1.01645,7086.33,26677.6,
0.0137778,453,5583.47,0.83106,7164.39,26705.9,
0.00880625,454,6328.92,0.982792,7163.59,26739.9,
0.00121701,455,6198.85,0.946862,7109.19,26686.9,
0.00788537,456,7640.59,1.12832,7153.14,26688.9,
0.00863603,458,4413.22,0.687757,7123.35,26690.8,
1.22865e-05,459,6812.09,1.15589,7201.14,26625.7,
2.58165e-05,460,8155.02,1.2152,7200.27,26771.7,
0.00649593,461,6309.74,1.01271,7175.95,26671.1,
0.00992479,462,4712.64,1.00475,7120.21,26707.7,
0.0160287,473,5650.93,0.879518,7161.52,26695.9,
0.00498669,474,5006.59,0.961982,7123.13,26678.7,
0.0049037,475,5127.63,0.966189,7160.6,26754.8,
0.0126403,476,4903.14,0.786708,7184.51,26717,
0.0111905,477,5545.24,0.932459,7190.12,26738.4,
0.0134801,486,5909.69,1.00634,7174.79,26727.9,
7.40349e-05,487,5780.79,1.0942,7216.67,26751.9,
0.0165162,488,5094.61,0.855803,7152,26727.1,
0.0163933,489,7990.62,1.26313,7195.58,26730.2,
0.0238044,490,3516.22,0.801282,7148.36,26712.3,
0.022561,504,6317.49,0.989702,7185.58,26693,
0.00277097,505,10450,1.36558,7208.7,26669.3,
0.0214011,506,6684.05,0.974917,7147.25,26712.2,
9.74991e-05,507,5248.2,0.905619,7192,26655.3,
0.0135852,508,5386.47,1.2739,7186.19,26702.2,
0.0292942,509,6179.37,0.925822,7178.89,26686.1,
0.000927329,510,4040.42,0.849964,7152.29,26750,
0.00586626,511,6462.32,0.935955,7107.08,26714.8,
0.033435,512,8087.62,1.20475,7181.62,26686.8,
9.34187e-05,513,6357.54,1.1412,7229.17,26674.5,
1.10833e-05,514,14879.9,1.69288,7262.73,26653.3,
0.0134753,515,5268.25,0.841598,7155.36,26692.6,
0.00987054,516,6836.63,0.783601,7111.14,26695.4,
0.000431177,517,5203.11,0.965488,7101.68,26714.3,
0.0137955,596,5368.01,0.962003,7181.57,26712.8,
0.00939783,597,6074.88,0.855214,7205.88,26731.3,
