# seq OFF,# seq ON,blinks,frame,intensity,lifetime,total OFF,total ON,x,y,
45,46,45,1,1.80716e+06,766,467,299,36296.1,26204.6,
5,6,5,1,492184,187,112,75,6718.86,5504.16,
10,11,10,1,729480,440,321,119,9024.15,19787.9,
13,14,13,1,172268,99,69,30,15676.4,514.293,
2,3,2,1,46118.9,387,379,8,33435.9,1004.59,
0,2,1,1,1.93549e+07,3000,1,2999,5079.18,16059.9,
0,2,1,1,1.84799e+07,3000,1,2999,35493.6,18946.6,
59,60,59,1,495104,1234,1153,81,2164.6,30286.4,
16,17,16,1,525369,1232,1138,94,6257.07,37798.7,
0,1,0,1,119142,16,0,16,20756.3,17279.1,
680,681,680,1,1.21428e+07,2998,1084,1914,34257.6,26678.9,
4.29497e+09,1,0,1,1.9419e+07,3000,0,3000,33942.2,30948.1,
0,1,0,1,8521.73,1,0,1,7019.13,25410.9,
534,536,535,1,1.31302e+07,3000,926,2074,24266.7,1526.43,
10,11,10,1,345727,311,256,55,28902.7,929.734,
16,17,16,1,1.2713e+06,341,158,183,10262.9,33438.2,
0,1,0,1,13775,2,0,2,20990,12726.9,
0,1,0,1,14731.6,2,0,2,27209.7,1653.16,
1,2,1,1,14784.6,4,2,2,29848,16954,
0,2,1,1,1.88731e+07,3000,1,2999,36489.8,29255.2,
4,5,4,1,258945,1429,1388,41,12647.7,11984.1,
72,73,72,2,3.1327e+06,2281,1775,506,13140,4200.14,
32,33,32,2,285184,881,834,47,3120.71,21414.6,
2,3,2,2,135062,47,27,20,26667,17750.1,
21,22,21,2,1.34731e+06,238,25,213,6413.79,25959.5,
0,1,0,2,20767.4,4,0,4,32488,29469,
4,5,4,2,59509.1,26,15,11,19670.3,37612.2,
1,2,1,2,111322,21,2,19,13900.2,15994,
39,40,39,2,399796,276,208,68,19036.4,33337.9,
6,7,6,2,310749,108,54,54,11615.2,33209.5,
29,30,29,2,722567,496,374,122,5384.52,7317.87,
18,19,18,3,210011,193,158,35,9349.72,13810.8,
9,10,9,3,379192,193,134,59,34377.9,23586,
42,43,42,3,363566,288,228,60,40287.6,33490.8,
0,1,0,4,6003.85,1,0,1,23628.7,5851.3,
6,7,6,4,63929.2,29,20,9,9826.33,6568.77,
44,45,44,4,817814,2969,2830,139,24261.8,1523.51,
60,61,60,4,1.57828e+06,1058,799,259,28437.3,9061.76,
0,1,0,4,4593,1,0,1,25340.6,16029.9,
5,6,5,5,76937.5,71,58,13,24333.2,13391.7,
2,3,2,5,165786,63,35,28,27154.8,15264,
0,1,0,5,52584.7,9,0,9,25559.2,16108.9,
11,12,11,6,74177.5,376,364,12,37583,29106.6,
6,7,6,6,235841,105,65,40,6852.35,28156.5,
13,14,13,7,111364,49,32,17,36508.9,27612.5,
9,10,9,7,157171,185,161,24,39981,20932.9,
0,1,0,7,33658.2,5,0,5,22104.9,27185.8,
45,46,45,7,1.29558e+06,2644,2429,215,25942.1,31587.2,
1,2,1,8,49322.4,22,15,7,6400.85,15600.1,
1,2,1,8,19554.2,35,31,4,24940.8,34654.5,
0,1,0,8,96334.4,16,0,16,12157.6,7625.36,
3,4,3,9,131846,56,37,19,2674.05,22420.2,
14,15,14,9,209846,155,122,33,17660.6,15090,
0,1,0,9,4964,1,0,1,9848.78,6577.55,
4,5,4,9,68103.3,56,46,10,11173.3,24703.8,
17,18,17,9,862037,291,158,133,37922.6,24662.7,
12,13,12,10,550131,149,56,93,22279.3,24648,
11,12,11,10,522175,309,224,85,25647.2,2380.31,
2,3,2,11,49050.6,121,113,8,26872.6,5611.34,
53,54,53,12,2.06185e+06,900,554,346,29940.3,24180.3,
1,2,1,12,7544.9,10,8,2,40084.7,20928.5,
47,48,47,12,457907,1228,1147,81,28476.5,9752.15,
0,1,0,13,97645.3,17,0,17,16059.4,7260.81,
0,1,0,13,4904.27,1,0,1,40190,9144.89,
49,50,49,13,557041,413,316,97,29441.3,613.159,
37,38,37,14,1.9359e+06,497,186,311,28257.9,21733,
0,1,0,14,34111.2,5,0,5,35405.6,1365.58,
20,21,20,14,449033,1698,1622,76,35049,19594.6,
38,39,38,15,443276,1470,1396,74,32006.5,31894.9,
1,2,1,15,11003.2,92,90,2,28454.6,9347.89,
0,1,0,15,3182.43,1,0,1,8414.71,32349.6,
11,12,11,16,561761,329,240,89,33999,3059.58,
0,1,0,16,9477.17,1,0,1,40083.3,5740.19,
0,1,0,18,9513.13,2,0,2,39305.4,15458.1,
8,9,8,18,260403,264,220,44,8596.96,12360.2,
7,8,7,18,412335,122,64,58,28451.4,22925.9,
6,7,6,18,219880,43,9,34,6036.89,30968.5,
6,7,6,19,156515,2368,2345,23,36795.4,3449.34,
13,14,13,19,696766,432,319,113,675.85,27926.9,
14,15,14,19,142568,137,111,26,30867.1,14200.4,
0,1,0,19,5462.13,1,0,1,17320.7,10699.5,
2,3,2,20,58065.4,19,10,9,33394.2,16787.1,
17,18,17,21,521212,452,370,82,13029.6,7227.43,
7,8,7,21,79825.6,236,225,11,8264.72,9409.52,
4,5,4,22,339468,76,25,51,6524.58,11358.2,
1,2,1,22,26377.3,7,3,4,6470.56,1226.27,
0,1,0,22,3747.44,1,0,1,35499.5,35058,
1,2,1,23,15435.8,60,58,2,24569.3,28852.3,
27,28,27,23,648781,548,440,108,7523.41,40156.8,
5,6,5,23,293608,75,30,45,15741.7,5901.55,
0,1,0,24,7146.75,1,0,1,38898.3,6042.68,
1,2,1,25,13975.9,21,19,2,10880.6,4396,
2,3,2,26,127094,47,28,19,39201.2,11719.9,
0,1,0,27,7053.81,1,0,1,39063.5,6175.08,
14,15,14,27,1.11612e+06,937,757,180,7199.13,9731.59,
0,1,0,28,57239,8,0,8,7248.72,9697.83,
97,99,98,29,943392,2972,2820,152,32052.2,3989.14,
1,2,1,29,10035.2,965,963,2,28648.6,22965.6,
6,7,6,30,89009.5,109,95,14,35407.1,34676.6,
6,7,6,30,340504,1806,1756,50,20549.8,22200.9,
0,1,0,31,6038.69,1,0,1,30044,763.861,
0,1,0,31,4903.47,1,0,1,33979.9,5277.61,
1,2,1,31,20899.9,39,35,4,4285.32,17214.1,
22,23,22,34,187345,984,951,33,38300.4,33730.6,
7,8,7,35,141883,127,106,21,24179,32736.2,
5,6,5,35,276039,213,169,44,5699.55,15745.7,
4,5,4,35,133477,78,58,20,4363.31,39043.2,
9,10,9,35,68735.4,361,350,11,24174.7,2546.13,
87,88,87,35,2.24639e+06,2264,1901,363,6764.11,29622.5,
11,12,11,36,200519,440,410,30,30835.9,17616.4,
0,1,0,37,2043.2,1,0,1,21006.9,37611.1,
7,8,7,37,289233,190,144,46,7364.51,30938.5,
2,3,2,38,92363.6,24,9,15,20946.3,22003.7,
2,3,2,38,15517.5,101,98,3,5264.31,15398.9,
4,5,4,39,529420,166,85,81,11669.6,25447.8,
0,1,0,39,3590.72,1,0,1,6024.08,31126.9,
4,5,4,41,37531.2,218,213,5,25028.2,13436.1,
8,9,8,41,780853,281,154,127,27172.6,5794.83,
7,8,7,41,43206.6,97,89,8,24633.6,38613.2,
0,1,0,45,8827.15,1,0,1,32800.8,37888.7,
5,6,5,45,84202.4,118,104,14,26264.1,5728,
32,33,32,45,1.14225e+06,1948,1771,177,29949.4,17829.1,
0,1,0,47,167634,23,0,23,11393.8,18254.7,
2,3,2,47,56235,12,3,9,30066.4,4895.02,
3,4,3,47,483750,172,95,77,2468.2,2784.38,
0,1,0,48,215377,35,0,35,29308.9,12320.8,
28,29,28,51,700011,304,196,108,17366.4,28305.7,
8,9,8,51,174625,79,51,28,16208.3,27520.6,
38,39,38,52,958554,340,193,147,24710.3,37641.5,
1,2,1,52,96213.9,30,16,14,26884.5,1340.01,
10,11,10,52,297045,295,252,43,29639.9,24040.5,
25,26,25,53,1.49575e+06,699,463,236,36004.2,10340.3,
0,1,0,53,5192.69,1,0,1,39377.5,4829.24,
0,1,0,53,5753.26,1,0,1,35522.2,17517.8,
0,1,0,54,17780.5,2,0,2,9247.91,8689.31,
0,1,0,54,4242.26,1,0,1,28180.3,9153.95,
14,15,14,57,968679,389,236,153,26269.2,978.894,
0,1,0,58,9294.72,1,0,1,33542.6,21861,
3,4,3,58,143870,53,29,24,6950.11,3057.07,
24,25,24,58,319545,223,172,51,27396.4,32759.1,
0,1,0,58,46929.5,6,0,6,12737.3,39195.4,
5,6,5,58,329602,133,82,51,22843.7,7749.9,
4,5,4,59,101697,33,16,17,10713.2,12931.9,
17,18,17,60,137321,384,360,24,22715.9,3143.28,
61,62,61,63,1.12358e+06,928,749,179,17168.2,39651.4,
1,2,1,65,128915,39,19,20,1204.19,29539.5,
1,2,1,65,11430.8,326,324,2,32941.9,1052.03,
3,4,3,66,51346.8,40,33,7,30508.2,5553.43,
9,10,9,68,1.68541e+06,402,139,263,17005.8,9182.83,
0,1,0,68,7899.33,1,0,1,32636.2,39374.6,
0,1,0,70,5819.31,1,0,1,10579.3,12922.3,
1,2,1,70,3970.39,242,240,2,29788.1,24118,
1,2,1,71,15540.1,11,8,3,21237.2,36380.8,
17,18,17,72,925003,683,534,149,18042.6,17620.2,
0,1,0,72,4515.22,1,0,1,22380.6,3701.26,
5,6,5,72,151568,220,195,25,16823.4,33187.8,
0,1,0,73,4783.45,1,0,1,35270,19226.2,
3,4,3,74,32322.4,349,345,4,30013.4,24233.4,
7,8,7,74,64554.5,222,214,8,40228.9,26665.9,
1,2,1,75,29483.6,371,366,5,35020.1,19613.2,
0,1,0,76,2682.66,1,0,1,29153.6,829.011,
6,7,6,76,292865,142,98,44,26168.7,12640.5,
11,12,11,77,505787,326,244,82,14076.6,31030.1,
14,15,14,78,262765,219,182,37,2555.4,866.869,
0,1,0,78,4585.3,1,0,1,6510.81,11515.1,
2,3,2,79,20290.2,25,22,3,22534.4,29958.9,
0,1,0,79,4480.94,1,0,1,30622.5,27041,
1,2,1,79,205816,1190,1159,31,15596.9,15195.5,
0,1,0,79,3825.36,1,0,1,26542.1,9202.18,
20,21,20,80,331724,1737,1682,55,25420.3,17665.4,
1,2,1,80,11821.6,67,65,2,18024.9,17531,
0,1,0,80,10332.1,1,0,1,2029.4,16113.5,
6,7,6,82,165331,42,20,22,38397.8,30750.7,
7,8,7,82,853967,261,121,140,40142.2,2064.35,
0,1,0,84,7845.25,1,0,1,40248.6,33622,
1,2,1,85,18269.5,244,242,2,23997.3,2570.79,
9,10,9,85,64602.2,1010,999,11,27331.2,29073.1,
4,5,4,88,277129,96,50,46,8502.72,34430.1,
6,7,6,88,61618.7,2779,2772,7,24321.3,1377.53,
16,17,16,89,167861,1370,1344,26,33566.2,23333.1,
2,3,2,91,21282.8,2880,2877,3,27106.7,29046.4,
0,1,0,91,8940.74,1,0,1,19343,33337,
0,1,0,92,5349.4,1,0,1,28492.1,22801.9,
13,14,13,94,558175,318,229,89,26605.7,17024.5,
0,1,0,95,6849.37,1,0,1,27492.4,13304.1,
72,73,72,96,918175,2222,2076,146,34345.7,4189.89,
0,1,0,96,170185,28,0,28,12221.8,5066.72,
18,19,18,96,123685,2471,2452,19,34199.4,26580.7,
2,3,2,96,31370.1,50,45,5,8837.22,14152,
4,5,4,97,119154,395,377,18,3447.21,18542.1,
0,1,0,98,2314.48,1,0,1,4295.54,38954.5,
0,1,0,98,3780.17,1,0,1,22355.1,24513.3,
7,8,7,100,48224,1136,1128,8,27863.5,16880.4,
9,10,9,101,304655,187,140,47,38249.1,13697.4,
10,11,10,104,191153,2647,2619,28,22875.8,2960.7,
16,17,16,104,810344,441,306,135,4934,26704.1,
0,1,0,105,2267.29,1,0,1,24455.7,7907.24,
6,7,6,105,326896,165,117,48,28340.1,11795.7,
1,2,1,108,11218.2,74,72,2,19133,33500.2,
0,1,0,110,10857.7,2,0,2,9957.46,17091.3,
0,1,0,112,2391.7,1,0,1,22171.4,24757.2,
3,4,3,112,127664,75,54,21,31172.6,12228.1,
0,1,0,114,4568.17,1,0,1,22249.5,28782.5,
2,3,2,114,314633,86,36,50,20856.8,20385,
0,1,0,115,23037.1,4,0,4,6610.33,28056.5,
1,2,1,115,17133.3,4,1,3,12302.1,25950.4,
0,1,0,115,7389.44,1,0,1,17633.4,14868,
11,12,11,117,189033,320,295,25,23297.3,3600.16,
0,1,0,118,3468.03,1,0,1,25467.7,3385.37,
2,3,2,119,346112,117,63,54,25787.7,23900.9,
0,1,0,124,8728.52,1,0,1,34419.4,23402.2,
21,22,21,126,573533,223,134,89,39650,28288,
6,7,6,126,125000,229,211,18,33689.8,12457.6,
0,1,0,128,12441,1,0,1,40012.3,15804,
4,5,4,128,33709,50,44,6,12671.5,26567.1,
1,2,1,129,9647.46,140,138,2,38188.9,13798.6,
59,60,59,132,1.04594e+06,568,399,169,27368.4,34154.1,
0,1,0,133,4869.81,1,0,1,25296.4,19549.8,
0,1,0,136,4594.22,1,0,1,34767.5,8807.19,
13,14,13,139,175554,71,43,28,8205.71,36915.8,
4,5,4,139,215715,204,165,39,28410.6,15479.9,
2,3,2,141,209401,78,45,33,26863.1,2678.03,
0,1,0,141,13242.8,1,0,1,5766.64,24376.9,
11,12,11,142,131462,277,253,24,19165.8,37303.1,
2,3,2,143,53151.6,31,22,9,28329,28200.7,
18,19,18,144,238816,253,216,37,11685.5,33635.1,
2,3,2,145,28055.4,10,6,4,24703.1,24082.4,
8,9,8,147,87956.8,148,134,14,14806.8,31971.5,
0,1,0,148,4216.44,1,0,1,30193.1,9033.74,
32,33,32,148,1.11618e+06,2357,2178,179,35642.5,13399.3,
0,1,0,149,6232.6,1,0,1,12821.8,26587.5,
6,7,6,149,260617,85,47,38,2040.16,35618.1,
0,1,0,149,9359.27,1,0,1,22500.9,2210.86,
0,1,0,151,7637.56,1,0,1,5255.91,15946.5,
0,1,0,151,15170.3,2,0,2,35534.5,7630.13,
0,1,0,151,6260.87,1,0,1,9382.49,13656.9,
21,22,21,152,500106,371,292,79,12282.7,39609,
0,1,0,152,5571.1,1,0,1,4590.75,18174.4,
0,1,0,154,7716.69,1,0,1,18474.7,2321.79,
24,25,24,156,898844,480,347,133,14040.3,1288.24,
5,6,5,157,34748.1,261,255,6,14973,5517.46,
23,24,23,157,617939,457,361,96,10019.7,3912.57,
17,18,17,160,974188,634,500,134,12216.8,31663.5,
16,17,16,160,571580,380,283,97,30959.1,24744.1,
0,1,0,160,10119.2,1,0,1,18828.7,33212.8,
13,14,13,163,900278,435,292,143,7162.67,26707.9,
27,28,27,164,401386,2300,2243,57,24137.8,1749.4,
8,9,8,166,591791,144,47,97,29922.5,3254.61,
0,1,0,166,2362.78,1,0,1,10356.9,33590.9,
0,1,0,166,10426.2,1,0,1,18942.3,16863.7,
8,9,8,166,520238,2827,2747,80,34049.5,3949.39,
2,3,2,167,21034.4,326,323,3,5541.39,7303.63,
2,3,2,168,123621,88,68,20,4667.36,15491.5,
1,2,1,168,28656.7,27,22,5,25664.6,29519.5,
0,1,0,172,7676.12,1,0,1,509.209,6506.19,
11,12,11,172,510795,2761,2685,76,37292.4,15590.5,
1,2,1,176,30463.6,29,25,4,26335.2,13174.9,
0,1,0,176,9181.21,1,0,1,28269,28302.9,
2,3,2,178,20250.7,286,283,3,34072.2,26602.4,
0,1,0,178,2727.76,1,0,1,35198.1,1721.8,
0,1,0,178,9852.71,1,0,1,39872.7,20822.8,
29,30,29,179,1.84558e+06,936,644,292,11235.6,26351.9,
0,1,0,180,4991.85,1,0,1,21684,22480.5,
0,1,0,183,5564.4,1,0,1,32134.4,14470.3,
0,1,0,185,5142.33,1,0,1,37989.3,24761.8,
0,1,0,186,7507.85,1,0,1,33241.3,38597.1,
0,1,0,186,7257.94,1,0,1,26038.7,12579.7,
0,1,0,186,11823.7,1,0,1,37048,20463,
2,3,2,186,105547,44,27,17,20580.6,25710.2,
9,10,9,187,129574,95,76,19,31330.3,37055.2,
1,2,1,187,16578.1,122,120,2,39690.1,28425.4,
3,4,3,190,171936,32,3,29,8302.73,30720.8,
0,1,0,192,13298.5,1,0,1,13936.3,21753.1,
19,20,19,193,863255,759,637,122,888.604,11881.5,
0,1,0,193,6494.38,1,0,1,37546.2,26230.3,
19,20,19,195,311554,1979,1927,52,31545.7,37252.6,
0,1,0,195,3617.31,1,0,1,27475.6,32576.3,
0,1,0,197,3772.51,1,0,1,10187.9,33311.2,
1,2,1,198,8752.86,6,4,2,33444.6,36365.4,
0,1,0,199,6328.24,1,0,1,5240.39,7254.24,
0,1,0,201,6326.06,1,0,1,33277.4,36456.1,
0,1,0,203,5522.97,1,0,1,2158.39,35496.5,
0,1,0,205,4886.11,1,0,1,23865.9,4360.79,
8,9,8,206,56205.1,2644,2635,9,34227.4,26816.4,
10,11,10,206,81356.5,1332,1319,13,25923.8,40007.8,
0,1,0,207,12875.3,1,0,1,29029.6,2305.34,
0,1,0,207,4099.94,1,0,1,26547.3,26667.9,
18,19,18,210,620684,578,477,101,1222.32,15460.2,
7,8,7,213,88776.5,84,71,13,7813.68,35727.6,
84,85,84,214,925373,2234,2083,151,28155.8,33966.2,
1,2,1,214,12726.2,88,85,3,12001.6,13215.3,
8,9,8,214,63576.9,1808,1797,11,25375.2,32136.7,
0,1,0,215,44850.8,6,0,6,6621.44,12186.5,
27,28,27,218,984822,623,460,163,14027.1,14223.5,
1,2,1,218,12914.1,9,7,2,25439.7,32240.1,
20,21,20,222,413162,183,118,65,23672.8,15185.9,
0,1,0,223,3455.09,1,0,1,16147.8,15865.5,
0,1,0,227,2453.13,1,0,1,6441.14,26196.8,
0,1,0,228,4359.16,1,0,1,38649.5,24518.6,
7,8,7,228,269870,635,593,42,27463.1,7283.52,
0,1,0,229,3659.01,1,0,1,20147.4,4344.05,
2,3,2,236,96355.4,51,33,18,8901.56,17604,
4,5,4,237,125295,62,40,22,36338,22571.7,
1,2,1,238,224879,2194,2158,36,38738.5,2629.1,
4,5,4,238,63455.6,42,34,8,27395.9,5224.23,
0,1,0,239,8815.83,1,0,1,29102.1,7541.51,
6,7,6,242,613993,155,51,104,837.496,15740.8,
0,1,0,243,5582.17,1,0,1,17987.5,31641,
14,15,14,244,281410,236,188,48,16839.6,38252.8,
0,1,0,244,6948.77,1,0,1,31143.7,24748.9,
10,11,10,245,442962,229,151,78,31968.2,747.507,
0,1,0,252,11396,2,0,2,22152.7,12407.7,
0,1,0,253,3720.51,1,0,1,25270.8,13265,
1,2,1,254,28439.2,13,7,6,25321.7,6122.33,
0,1,0,257,5504.42,1,0,1,27504.4,34123.7,
13,14,13,257,156866,229,203,26,38954.3,13782.7,
0,1,0,259,2905.02,1,0,1,27512.7,5278.54,
0,1,0,264,5710.47,1,0,1,20853.5,3543.62,
1,2,1,266,147560,28,2,26,20603,7468.66,
0,1,0,268,4229.3,1,0,1,35569.5,37394.8,
14,15,14,270,595740,346,244,102,35289.1,7460.72,
0,1,0,272,5746.25,1,0,1,40194.9,26555.3,
8,9,8,273,74026.7,84,70,14,16048.2,16283.7,
6,7,6,275,147058,261,237,24,14905.4,3286.05,
1,2,1,275,13365.7,4,2,2,38718.5,11885.1,
0,1,0,278,3217.2,1,0,1,10044.4,35832,
21,22,21,279,354150,960,897,63,27678,12090.4,
1,2,1,280,8006.99,92,90,2,1007.09,15622.9,
0,1,0,281,3082.97,1,0,1,13988.7,11824.5,
21,22,21,283,297033,2713,2665,48,22380.4,4372.06,
1,2,1,283,42626.9,23,15,8,5926.47,19322.4,
1,2,1,284,24175.9,470,466,4,24246.2,30239.2,
0,1,0,284,3193.86,1,0,1,33492.2,12338.5,
13,14,13,285,205568,246,208,38,37035.6,17561.7,
2,3,2,290,193808,47,17,30,17819.9,3042.49,
8,9,8,290,77183.9,97,84,13,28689,14890.7,
0,1,0,291,2903.07,1,0,1,24859.4,37764,
1,2,1,293,7620.28,379,377,2,28264,33877.4,
0,1,0,294,8279.7,1,0,1,19024.2,37185.5,
2,3,2,294,167960,1141,1112,29,33717.6,18069,
2,3,2,294,16434.9,186,183,3,8704.42,26776.5,
0,1,0,296,20166,3,0,3,2776.81,1557.76,
0,1,0,296,7930.94,1,0,1,37809.1,17840.2,
0,1,0,298,6491.01,1,0,1,21665.5,36146.4,
3,4,3,301,31886.8,120,116,4,36187.3,19147.8,
0,1,0,301,5340.9,1,0,1,40211.6,31623.5,
0,1,0,303,6953.49,1,0,1,31029.5,8727.43,
8,9,8,305,461588,238,163,75,8257.48,7770.34,
0,1,0,306,5487.42,1,0,1,28980.1,777.093,
14,15,14,306,143062,258,235,23,18899.4,14580.4,
9,10,9,306,167998,213,182,31,3675.87,29201,
0,1,0,308,4510.29,1,0,1,16907.8,38190.8,
0,1,0,309,3525.25,1,0,1,25076,13640.4,
50,51,50,309,1.60527e+06,1064,810,254,7882.51,17253,
17,18,17,310,195794,2067,2033,34,11724.9,13600.4,
0,1,0,310,4909.36,1,0,1,31981,16376.9,
2,3,2,311,19838,37,33,4,23974.2,23238.4,
0,1,0,311,7914.53,1,0,1,28592.3,16317.1,
0,1,0,312,5400.43,1,0,1,18929,870.501,
0,1,0,312,2882.05,1,0,1,7884.48,17097.7,
0,1,0,312,18801,3,0,3,27417.9,6043.68,
10,11,10,312,150643,945,919,26,18249.3,37846.7,
23,24,23,312,620526,316,209,107,34982,22468.1,
0,1,0,312,7388.28,1,0,1,12435.9,10418.4,
2,3,2,314,19044.7,23,20,3,14497.3,5521.19,
4,5,4,315,165116,98,72,26,4405.68,34216.1,
6,7,6,317,204939,300,268,32,14062.7,1300.2,
4,5,4,318,173009,105,77,28,27246.8,809.56,
0,1,0,322,3996.53,1,0,1,6127.23,16728.8,
0,1,0,322,4546.11,1,0,1,13033.3,4320.69,
4,5,4,322,203765,244,210,34,27154.8,5772.3,
0,1,0,325,5621.82,1,0,1,15008.2,3525.1,
0,1,0,327,7930.19,1,0,1,34256,4173.7,
0,1,0,329,7852.05,1,0,1,27228.9,34223.4,
0,1,0,329,8924.09,1,0,1,9825.43,5597.48,
7,8,7,329,105087,2263,2247,16,12168.5,22363.9,
7,8,7,332,145920,101,75,26,13096.8,3929.81,
104,105,104,332,1.2638e+06,806,599,207,18551.8,39292.5,
11,12,11,333,66206.5,273,259,14,38527.3,39036.9,
2,3,2,333,124452,54,32,22,29883.3,18768.1,
0,1,0,337,2994.24,1,0,1,10160.1,4047.11,
1,2,1,338,26519,5,1,4,29928.7,26880.4,
0,1,0,339,3926.7,1,0,1,8901.17,38982.5,
38,39,38,339,1.3216e+06,635,423,212,25372.6,24892.6,
4,5,4,341,91249.9,78,64,14,9382.58,10468.5,
0,1,0,345,10535.2,1,0,1,11254.4,26161.2,
0,1,0,345,4753.32,1,0,1,29642,8539.59,
0,1,0,346,31308,5,0,5,24390.6,2647.79,
14,15,14,348,648836,418,312,106,12933.8,21955,
15,16,15,349,210124,218,181,37,12419.8,4947.7,
0,1,0,350,1622.37,1,0,1,30955.7,14558.9,
4,5,4,351,158248,67,42,25,34798.3,9609.45,
0,1,0,351,17552.8,3,0,3,30334.8,2011.92,
0,1,0,353,7814.82,1,0,1,28149.5,21669.9,
0,1,0,353,5338.98,1,0,1,37755.1,6807.76,
2,3,2,357,65317.5,83,73,10,14537.2,10323.7,
3,4,3,358,28454.9,9,4,5,38217.6,16634.7,
1,2,1,360,20292.5,27,24,3,33323.7,39707.9,
1,2,1,361,106727,26,8,18,30195.8,19974.3,
15,16,15,361,629203,705,595,110,32064,20881.7,
7,8,7,362,232446,216,177,39,6220.27,20204.4,
18,19,18,363,687551,335,210,125,34674,15296.5,
10,11,10,363,141110,197,173,24,11653.7,22200.6,
0,1,0,364,10487.9,1,0,1,19841.3,7772.81,
13,14,13,365,197813,201,165,36,30949.8,24093.6,
0,1,0,366,5116.11,1,0,1,31100.9,24029.1,
18,19,18,367,728383,508,381,127,10952.6,25767.2,
3,4,3,369,26580,355,351,4,7667.1,26356.4,
0,1,0,372,3392.51,1,0,1,9921.06,3771.79,
19,20,19,374,365855,1184,1121,63,15495.1,34631.8,
0,1,0,374,5548.92,1,0,1,3809.18,13311.1,
0,1,0,374,5779.6,1,0,1,38495.1,3201.6,
9,10,9,375,1.24136e+06,321,120,201,32620.4,22551.5,
1,2,1,378,16946.3,1288,1285,3,13113.8,4054.79,
3,4,3,381,29449,595,591,4,31870.3,31842.8,
0,1,0,382,6807.22,1,0,1,29403.8,476.925,
0,1,0,383,7078.44,1,0,1,30093,24055.8,
0,1,0,384,5590.81,1,0,1,24478.5,2349.49,
0,1,0,387,2680.41,1,0,1,35141.5,5429.46,
0,1,0,389,7865.77,2,0,2,1077.18,8467.62,
0,1,0,390,6253.56,1,0,1,23499.2,5754.18,
3,4,3,391,142506,81,57,24,26590.5,2107.19,
0,1,0,392,3510.39,1,0,1,38358.8,38854.2,
0,1,0,394,4947.71,1,0,1,17126.4,9118.19,
0,1,0,397,3901.05,1,0,1,16866.2,9243.16,
0,1,0,397,8464.55,1,0,1,11636.3,33756.6,
0,1,0,398,7024.38,1,0,1,34867.4,15227.3,
33,34,33,403,1.67898e+06,913,629,284,5311.38,28196.7,
0,1,0,403,128222,20,0,20,19918.2,2756.99,
1,2,1,407,11274.3,219,217,2,5073.96,4371.49,
0,1,0,410,4679.17,1,0,1,39689.1,15741.5,
22,23,22,411,359378,295,234,61,23979.6,38998.5,
6,7,6,416,130416,270,248,22,4441.98,19935.7,
7,8,7,417,164617,73,44,29,22388.3,14681.7,
21,22,21,417,651424,334,224,110,39016,22931.6,
0,1,0,418,73511.5,10,0,10,12069.1,19939.8,
2,3,2,421,104211,49,31,18,27995.9,3567.7,
30,31,30,422,502539,231,146,85,13622.2,37255.2,
4,5,4,425,411474,106,37,69,15609.4,3729.31,
0,1,0,425,8837.16,1,0,1,32164.8,22616.9,
1,2,1,428,76122.1,21,9,12,806.097,19713.7,
0,1,0,428,6379.92,1,0,1,37138.5,17467,
2,3,2,429,16687.4,439,436,3,11095.6,25954.3,
15,16,15,429,329503,1553,1500,53,7613.16,34511.4,
31,32,31,430,309490,561,511,50,30382.8,29747.9,
0,1,0,433,3459.65,1,0,1,38364.8,1002.8,
3,4,3,433,239050,82,44,38,13137.9,18412.7,
5,6,5,433,50999,32,24,8,32731.2,24729.8,
0,1,0,434,6581.61,1,0,1,14227.9,18055.7,
0,1,0,435,4180.62,1,0,1,37706.2,10858.7,
0,1,0,436,4636.36,1,0,1,15682.3,2594.02,
20,21,20,436,1.3395e+06,622,416,206,30596.2,7181.85,
0,1,0,437,4526.76,1,0,1,34376,21690.9,
46,47,46,438,1.30263e+06,529,317,212,34177.4,29704.8,
0,1,0,438,5388.54,1,0,1,11554.2,7513.79,
14,15,14,439,187256,2543,2514,29,40276.3,29553.6,
3,4,3,439,39690,790,786,4,14796.9,30669.9,
4,5,4,440,33173.5,1670,1665,5,34367.6,26802.8,
0,1,0,442,5345.25,1,0,1,18429.1,39294.8,
0,1,0,443,3763.46,1,0,1,15747.1,33392,
0,1,0,445,5450.38,1,0,1,34992.1,38902,
0,1,0,449,5619.89,1,0,1,5802.97,32307.3,
15,16,15,449,584258,1676,1579,97,36403.3,2536.57,
5,6,5,450,447373,119,43,76,20104.8,17892.9,
2,3,2,450,20731.3,1673,1670,3,32074,3867.47,
80,81,80,450,612863,1246,1152,94,10524.8,31513.2,
1,2,1,453,19586.9,11,8,3,29464.2,17332.2,
7,8,7,454,116360,498,489,9,1181.08,32970.9,
4,5,4,456,441575,110,36,74,19814.8,26602.7,
0,1,0,459,9073.36,1,0,1,10243,2123.66,
13,14,13,460,207996,94,62,32,27245.2,37985.8,
12,13,12,462,577478,220,129,91,24444.4,24531.9,
15,16,15,464,1.01897e+06,394,230,164,36934.9,1174.45,
0,1,0,466,2972.83,1,0,1,18520.2,39155.1,
74,75,74,468,2.20696e+06,2042,1691,351,10149.1,30419,
0,1,0,468,8121.07,1,0,1,19671,22965.5,
0,1,0,469,4380.88,1,0,1,2627.84,466.409,
2,3,2,470,20877.6,51,48,3,10230.4,30459.2,
62,63,62,474,863141,524,380,144,22088.3,3000.11,
0,1,0,474,4004.9,1,0,1,24130,21486.5,
0,1,0,475,5656.76,1,0,1,36822.3,29938.9,
0,1,0,477,9251.52,1,0,1,18267.7,12945.5,
11,12,11,479,428320,2514,2474,40,32704.7,23161,
8,9,8,479,383841,135,71,64,22454.8,24219.8,
13,14,13,480,523220,227,147,80,34973.6,16900.7,
0,1,0,482,5959.93,1,0,1,27978.5,33963.4,
0,1,0,483,9821.63,1,0,1,3167.22,4947.79,
5,6,5,488,319568,124,74,50,37409.4,20910.1,
4,5,4,489,283892,115,70,45,32961.3,2508.5,
2,3,2,491,29464.8,1016,1012,4,27703.1,11897.1,
0,1,0,491,5825.25,1,0,1,2418.83,10802,
0,1,0,492,7603.56,1,0,1,25274.4,25805,
18,19,18,492,193017,70,38,32,20537.3,4483.1,
14,15,14,492,718393,2386,2277,109,6995.52,15681.2,
0,1,0,493,2309.35,1,0,1,38729.6,7618.95,
0,1,0,493,6189.09,1,0,1,13228.2,4216.42,
7,8,7,494,458462,180,130,50,24822.1,11667,
0,1,0,494,6648.65,1,0,1,26542.9,11708.9,
4,5,4,495,102215,361,347,14,17349.3,1008.69,
8,9,8,496,384437,199,135,64,19840.2,10495.3,
0,1,0,499,5468.18,1,0,1,14038.2,4459.16,
0,1,0,499,7195.87,1,0,1,13258,4418.29,
0,1,0,499,6637.47,1,0,1,15626.5,25780.2,
0,1,0,502,5176.56,1,0,1,22415,1334.24,
0,1,0,503,14861.1,2,0,2,14062.4,1301.08,
5,6,5,503,68576,74,64,10,7207.6,5082.31,
0,1,0,503,5599.29,1,0,1,14897.9,3302.63,
0,1,0,504,4726.31,1,0,1,7715.82,34463.2,
0,1,0,508,7590.09,1,0,1,32610,22706.8,
3,4,3,509,265825,82,40,42,10813.2,16658.1,
1,2,1,512,8176.75,192,190,2,34992.5,11915.8,
0,1,0,513,6298.62,1,0,1,13974.4,1044.51,
0,1,0,518,8637.2,1,0,1,18614.8,39356.6,
9,10,9,521,201068,122,93,29,19200.6,37674.6,
1,2,1,524,17256.1,1435,1433,2,15087.4,3157.65,
0,1,0,525,8623.07,1,0,1,16970.9,7146.08,
57,58,57,525,580102,882,790,92,34551.8,31659.8,
0,1,0,527,5809.83,1,0,1,2485.2,12335.4,
1,2,1,527,50178.5,46,40,6,23169.2,28566.3,
1,2,1,530,9988.5,328,326,2,22139,2843.66,
0,1,0,530,10271.9,1,0,1,36223.8,26353.1,
7,8,7,531,355169,191,132,59,18065.5,32393,
0,1,0,534,2631.07,1,0,1,10341.3,30298.1,
17,18,17,538,239343,158,118,40,39963,34145.5,
54,55,54,539,1.03165e+06,1073,910,163,10583.4,12366.2,
0,1,0,539,2301.73,1,0,1,33580.5,28022.3,
0,1,0,540,4260.78,1,0,1,35182.3,9383.41,
1,2,1,541,35223.1,6,1,5,22456.6,39610.9,
0,1,0,543,8692.66,1,0,1,11650.3,15360.4,
37,38,37,544,573216,232,137,95,37854.9,31657.1,
21,22,21,546,168659,198,170,28,32091.2,39517,
3,4,3,547,199236,79,46,33,5656,5692.38,
20,21,20,551,396180,1070,1006,64,21060.6,1877.33,
0,1,0,552,4771.25,1,0,1,6305.78,37937.6,
13,14,13,554,426573,343,268,75,6334.72,35853,
0,1,0,555,4069.45,1,0,1,3000.11,21540.6,
1,2,1,556,41971.7,19,12,7,25650,19265.7,
4,5,4,557,123683,58,37,21,34938,16764.6,
0,1,0,560,8345.93,1,0,1,5735.3,5705.4,
9,10,9,561,154166,122,95,27,3525.35,29886.3,
11,12,11,576,189048,215,186,29,4622.03,10979.4,
0,1,0,583,7605.34,1,0,1,39192.1,1306.14,
11,12,11,584,375267,324,263,61,9981.5,19552.8,
0,1,0,584,5081.16,1,0,1,19425.2,39780.4,
4,5,4,586,41838.3,693,684,9,26513.7,18096,
6,7,6,588,182302,95,65,30,22479.7,1865.2,
19,20,19,590,478049,1662,1589,73,5114.96,38650.2,
3,4,3,591,96164.7,27,13,14,39804.3,27341.3,
25,26,25,593,1.17657e+06,442,252,190,23792.2,28732.5,
0,1,0,593,18449.8,1,0,1,34818.2,22575.5,
65,66,65,593,1.0229e+06,1257,1082,175,29095.3,19243.2,
3,4,3,595,106288,74,56,18,15489.4,32837,
0,1,0,598,3241.86,1,0,1,24362.3,6473.51,
2,3,2,599,166697,31,2,29,35998.8,12355.6,
0,1,0,601,6775.96,1,0,1,35981.6,12165.5,
0,1,0,601,4843.49,1,0,1,35131.1,22535.5,
3,4,3,603,50212.7,44,36,8,35038.4,17058.2,
1,2,1,603,24730,27,23,4,6099.2,3924.66,
1,2,1,604,10526.5,103,101,2,10363.4,31483.4,
7,8,7,605,67834,133,121,12,30447.4,34248.9,
3,4,3,606,34937.6,50,44,6,3941.83,7299.06,
0,1,0,606,6106.42,1,0,1,6416.14,35972.5,
0,1,0,606,6895.13,1,0,1,37290,20907.5,
8,9,8,606,357252,169,109,60,38105.8,1271.06,
65,66,65,607,783359,1059,930,129,38713.7,14630.9,
0,1,0,609,7894.06,1,0,1,3111.37,21268.3,
0,1,0,610,3166.74,1,0,1,4819.21,6996.23,
3,4,3,613,31207.8,37,32,5,30347.8,28641.4,
5,6,5,613,190645,123,94,29,22131.7,6818.18,
6,7,6,614,72576.9,103,91,12,5757.53,12823.6,
47,48,47,615,537224,1056,976,80,39803.3,24592.6,
0,1,0,616,4854.15,1,0,1,20896.1,14729.2,
0,1,0,618,9781.12,1,0,1,20897.7,1888.99,
2,3,2,621,41797.9,50,44,6,33630,25555.7,
0,1,0,622,6610.81,1,0,1,13429.8,37356.1,
8,9,8,625,598811,421,319,102,4432.15,599.714,
0,1,0,627,6522.09,1,0,1,39964.3,34324.3,
0,1,0,628,4752.18,1,0,1,20067.2,8455.98,
0,1,0,629,6077.63,1,0,1,37998.8,31627.3,
64,65,64,630,1.59582e+06,1195,929,266,25433.3,10157.9,
0,1,0,631,9811.1,2,0,2,32099.4,5766.29,
0,1,0,632,3710.25,1,0,1,4295.89,19847.3,
41,42,41,636,606475,321,225,96,22700.5,19367.6,
0,1,0,638,5780.24,1,0,1,28705.5,3360.26,
10,11,10,638,284353,1725,1675,50,14939.4,7413.52,
0,1,0,639,8804.62,1,0,1,31350.7,2936.97,
0,1,0,639,5443.82,1,0,1,11085.5,26158,
1,2,1,640,6599.45,179,177,2,34044.9,29730.7,
0,1,0,642,4486.56,1,0,1,6885.76,29669.1,
1,2,1,645,9903.53,91,89,2,17968.3,32590.3,
1,2,1,645,61675.9,10,1,9,30014.8,35669.3,
25,26,25,647,205987,988,954,34,16571.6,17606.1,
0,1,0,647,8939.19,1,0,1,34920.1,17005.7,
4,5,4,648,183804,80,48,32,11827.9,40165.4,
0,1,0,649,3045.81,1,0,1,23810.5,1036.16,
0,1,0,649,7524.76,1,0,1,22698.3,7429.83,
16,17,16,652,345633,260,207,53,14488.6,40255.5,
2,3,2,653,101935,61,42,19,1502.98,19570.1,
33,34,33,656,624915,187,83,104,39179,30550.8,
12,13,12,657,115133,136,116,20,31876.2,27383.2,
0,1,0,657,5819.91,1,0,1,21454.8,25580.4,
0,1,0,658,7735.9,1,0,1,22612.6,15477.6,
0,1,0,658,8031.93,1,0,1,11217.8,21513.8,
0,1,0,661,6788.06,1,0,1,34634.6,28270,
2,3,2,664,18681.9,120,117,3,6466.72,36592.3,
2,3,2,667,27855.7,6,3,3,15498.8,1316.79,
0,1,0,667,6813.37,1,0,1,35147.8,19389.2,
0,1,0,668,6295.44,1,0,1,23297.8,11213,
1,2,1,669,11577.6,272,270,2,38766.8,14558.2,
0,1,0,670,7083.35,1,0,1,29111.5,29087.8,
18,19,18,670,838068,584,447,137,9743.5,4584.75,
1,2,1,671,321247,58,1,57,26400,23456,
0,1,0,675,5701.55,1,0,1,8517.38,17874.4,
0,1,0,675,5637.11,1,0,1,18521.5,11330.8,
3,4,3,676,70630.5,125,114,11,40141.7,29051.1,
7,8,7,678,93330.7,963,951,12,14748.9,6984.41,
0,1,0,680,2288.92,1,0,1,28876.6,26943.9,
8,9,8,680,66639.8,72,61,11,23138.5,25647.2,
18,19,18,682,608763,451,351,100,29474.3,5095.94,
13,14,13,684,293513,2074,2027,47,5058.8,7590.55,
0,1,0,687,7023.77,1,0,1,30422.3,34054.3,
1,2,1,688,13469.3,7,5,2,6837.55,12583.2,
9,10,9,688,145874,505,484,21,28464.6,9848.74,
0,1,0,688,4902.23,1,0,1,30884.9,3531.82,
0,1,0,690,6362.45,1,0,1,33238.5,12233.1,
0,1,0,692,9028.79,1,0,1,28974.8,486.501,
0,1,0,693,7066.29,1,0,1,7001.73,12588.4,
39,40,39,694,790232,849,741,108,29176.7,31772.9,
0,1,0,697,6835.91,1,0,1,37104.5,27405.2,
0,1,0,698,3144.24,1,0,1,23332.4,25697,
3,4,3,702,186031,129,100,29,20756.5,16569.9,
24,25,24,703,262161,733,694,39,11822,32005.9,
1,2,1,705,15557.9,9,7,2,21226.4,28948.5,
11,12,11,706,137239,1813,1790,23,6525.33,19858.9,
3,4,3,710,26380.3,701,697,4,9974.82,30414.1,
0,1,0,714,5581.43,1,0,1,20888.9,28719.4,
2,3,2,716,15438.3,1203,1200,3,31948.5,4009.19,
0,1,0,718,4556.41,1,0,1,38782.1,14437.4,
0,1,0,719,3318.61,1,0,1,33772.2,16666.8,
6,7,6,719,226384,207,165,42,27779.9,26274.8,
0,1,0,719,34490.5,6,0,6,26390.7,22146.9,
0,1,0,720,9747.29,1,0,1,13259.5,18278.3,
0,1,0,723,5768.63,1,0,1,38746.7,14808.8,
2,3,2,724,110871,68,50,18,18708.7,22584.1,
0,1,0,724,3698.05,1,0,1,39305.2,30635.3,
0,1,0,726,6103.91,1,0,1,16129.9,27302.4,
18,19,18,729,420367,234,170,64,25517.2,8212.29,
0,1,0,729,6100.4,1,0,1,30607.5,7039.5,
0,1,0,730,3154.05,1,0,1,3162.48,3262.28,
38,39,38,731,676244,544,448,96,26867.9,15787,
1,2,1,733,80813.6,15,2,13,4620.48,9669.19,
0,1,0,733,5933.85,1,0,1,37907.6,1274.05,
0,1,0,734,3247.58,1,0,1,30246.6,34213.9,
37,38,37,735,509144,1183,1094,89,32644.7,1889.83,
0,1,0,735,5069.34,1,0,1,29892.9,6022.89,
0,1,0,739,2446.38,1,0,1,31843,27594.3,
0,1,0,740,4041.69,1,0,1,22733.4,19227.8,
14,15,14,741,1.1014e+06,493,305,188,25914.2,13707.8,
4,5,4,743,246057,57,17,40,23997.8,22598.4,
9,10,9,743,597894,284,190,94,655.531,26234.1,
1,2,1,744,10652.3,1752,1750,2,6534.19,19960.4,
0,1,0,744,5211.84,1,0,1,6775.57,29790.7,
48,49,48,746,792792,476,353,123,30038.9,31650.8,
0,1,0,746,54681.1,10,0,10,32010.9,22743.1,
1,2,1,749,100401,16,1,15,27784,5213.58,
6,7,6,750,171822,692,663,29,40050.6,10570,
0,1,0,751,8046.09,1,0,1,14330.4,12008.9,
28,29,28,753,2.61539e+06,887,464,423,11687.2,12719.4,
0,1,0,753,3819.54,1,0,1,15349.5,33547.7,
0,1,0,754,5050.31,1,0,1,39847.7,27627.9,
0,1,0,754,5985.5,1,0,1,39768.5,11306.6,
2,3,2,757,198720,57,25,32,14735.6,17691.9,
45,46,45,759,935893,522,364,158,29249.1,36052,
15,16,15,759,853436,339,205,134,6895.14,9028.23,
0,1,0,760,7479.28,2,0,2,4304.47,11740.2,
5,6,5,762,302145,128,80,48,23519.6,7347.59,
16,17,16,763,460329,469,393,76,3799.49,39313.9,
5,6,5,764,432967,121,46,75,31312,12448.5,
0,1,0,764,7492.87,1,0,1,6077.57,1979.08,
0,1,0,766,8490.67,1,0,1,22707.1,26397.9,
8,9,8,767,296274,154,106,48,31653,11301.1,
8,9,8,769,400195,1070,1009,61,16324,14009.2,
0,1,0,769,32827.3,6,0,6,4143.98,704.688,
2,3,2,772,318782,1544,1492,52,14899.3,7457.95,
1,2,1,773,17315.5,2182,2180,2,14605,22437.6,
0,1,0,773,3545.18,1,0,1,24137.7,22608,
2,3,2,774,43963.6,18,10,8,959.924,20427.5,
0,1,0,775,4430.52,1,0,1,38072.5,1549.49,
3,4,3,776,32568.7,472,467,5,30130.3,6839.35,
0,1,0,778,2626.64,1,0,1,18745,24605,
10,11,10,778,486758,220,145,75,24007.1,8472.25,
0,1,0,781,3788.06,1,0,1,18427.8,30069,
1,2,1,781,10937.8,768,766,2,10477.5,12445.9,
2,3,2,782,16578,358,355,3,29980.4,31827.3,
1,2,1,782,41380,19,12,7,33787,14024.3,
0,1,0,785,6129.42,1,0,1,14581.5,3075.1,
1,2,1,786,10287.3,342,340,2,30110.2,31481.2,
3,4,3,786,102683,81,63,18,31420.3,3576.2,
2,3,2,786,230708,82,42,40,35206.8,20505.8,
0,1,0,787,3187.88,1,0,1,39082.8,30426.2,
0,1,0,787,11828.4,1,0,1,31942.7,20774.7,
0,1,0,789,4406.28,1,0,1,10890.1,30410.2,
0,1,0,791,6014.18,1,0,1,13867.4,14116.6,
7,8,7,791,70601.7,173,161,12,32022.4,19005.3,
0,1,0,793,5903.6,1,0,1,22011.9,2896.82,
0,1,0,795,4346.51,1,0,1,15240.7,7135.29,
29,30,29,795,980878,744,584,160,11212.7,14684,
0,1,0,798,12583.6,1,0,1,16495.5,13301.8,
1,2,1,800,94969.9,50,35,15,13266.2,22911.5,
9,10,9,806,530870,243,155,88,18690.8,23853.1,
0,1,0,807,4088.08,1,0,1,39213.3,2681.92,
9,10,9,812,107416,177,159,18,22277.8,6144.74,
17,18,17,812,315916,458,401,57,24595.9,4603.19,
1,2,1,812,40360.3,15,8,7,16447.6,29172.4,
0,1,0,815,2503.46,1,0,1,30089.5,18014.5,
26,27,26,815,911665,1719,1575,144,25497.2,12557.5,
0,1,0,818,3742.03,1,0,1,31793.6,35551.1,
24,25,24,819,499698,406,328,78,21698.2,27486.9,
0,1,0,821,4619.86,1,0,1,39208.6,3152.25,
31,32,31,821,463228,854,772,82,5604.62,26214.4,
0,1,0,821,3955.89,1,0,1,24476.3,1449.64,
0,1,0,822,4512.07,1,0,1,39113.4,30691.2,
0,1,0,823,10268.7,1,0,1,40304.5,21693,
0,1,0,830,4772.35,1,0,1,3812.82,39141.8,
56,57,56,831,1.77598e+06,935,631,304,17445.9,30134.1,
0,1,0,836,6606.63,1,0,1,4813.15,27042,
3,4,3,837,100816,1193,1189,4,10675.3,12297.2,
0,1,0,838,5792.2,1,0,1,30102.2,29694.9,
2,3,2,842,24291.9,2066,2063,3,38893.3,9471.47,
2,3,2,842,17034.5,1031,1028,3,25491.5,8320,
27,28,27,843,226050,215,175,40,35237.5,39292.9,
0,1,0,844,23324.3,1,0,1,37768.5,9908.8,
27,28,27,847,651880,935,835,100,13099.3,14323.2,
5,6,5,848,37667.1,143,137,6,26388.1,37001.6,
0,1,0,850,4979.02,1,0,1,30690.9,7267.97,
0,1,0,850,7315.64,1,0,1,34378.6,31623.9,
11,12,11,851,118022,153,136,17,35690.6,25048.1,
0,1,0,852,4927.6,1,0,1,20282.9,34300.3,
0,1,0,853,3885.14,1,0,1,12644.8,9214.94,
15,16,15,853,873203,364,236,128,4802.94,3778.6,
14,15,14,854,225717,161,127,34,20583.8,9414.88,
10,11,10,860,99647.6,91,75,16,25099.4,22375,
0,1,0,861,7884.19,1,0,1,22230,6312.04,
1,2,1,862,5770.38,654,652,2,25445.1,9995.91,
13,14,13,863,173885,137,107,30,29186.6,31995.7,
0,1,0,864,7383.76,1,0,1,35278.2,37613.8,
0,1,0,864,9617.03,1,0,1,621.521,26097.8,
0,1,0,865,8202.68,1,0,1,37612,13209.7,
9,10,9,869,1.07782e+06,213,77,136,34934.6,10060.2,
1,2,1,873,14599.1,93,91,2,27595.8,17567.8,
15,16,15,874,788089,359,230,129,39489.2,10342.1,
1,2,1,874,11852.4,662,660,2,17424,30235.8,
0,1,0,877,5110.82,1,0,1,34691.8,32586.4,
5,6,5,878,236623,70,32,38,17792.9,18507,
72,73,72,879,1.23668e+06,1270,1070,200,25036.9,5284.46,
0,1,0,880,7176.31,1,0,1,30577.2,23637.2,
3,4,3,881,91280.4,1645,1628,17,34057.8,639.501,
0,1,0,884,4937.48,1,0,1,29137.2,16557.5,
0,1,0,886,3467.77,1,0,1,21646.5,27534.4,
3,4,3,887,193252,108,79,29,4458.7,30002.7,
0,1,0,887,11937.4,1,0,1,30241.2,29834.2,
1,2,1,892,9327.07,113,111,2,6575.29,29617,
1,2,1,894,12337.5,13,11,2,28669.2,9807.42,
0,1,0,895,114998,18,0,18,34517.7,5461.93,
1,2,1,901,46226,9,1,8,3926.24,35357,
37,38,37,901,507184,566,484,82,31931.1,20173.7,
1,2,1,904,12036.6,225,223,2,17552.6,30112.7,
0,1,0,907,7408.13,1,0,1,13409.7,7756.68,
17,18,17,908,136489,612,588,24,20346.2,13640.7,
4,5,4,910,62297.5,15,4,11,20923.3,5543.74,
26,27,26,911,942329,360,211,149,991.913,24719.8,
11,12,11,912,349550,304,250,54,9468.07,20064.6,
58,59,58,913,849227,1992,1862,130,17712.3,15738.2,
29,30,29,914,523950,485,403,82,8680.28,20317.4,
40,41,40,915,1.65335e+06,1714,1450,264,34274.9,15193,
0,1,0,915,3346.78,1,0,1,31915.1,2806.81,
0,1,0,919,2410.6,1,0,1,24892.7,14932.4,
61,62,61,919,445888,2071,1997,74,21284.8,30357.1,
1,2,1,921,10149.2,15,13,2,22559.9,19460.4,
0,1,0,926,2477.44,1,0,1,24172.5,1366.06,
5,6,5,929,86193.4,46,32,14,32728.3,35124.2,
0,1,0,930,7762.77,1,0,1,3941.53,23164.9,
4,5,4,930,450795,183,112,71,25844,11319.5,
3,4,3,931,44307.4,86,79,7,28448.3,16025.3,
33,34,33,932,662487,175,70,105,6216.39,40245.7,
2,3,2,934,28923.3,15,10,5,20924.2,25610,
0,1,0,935,8929.99,1,0,1,24881.7,15192.6,
0,1,0,935,6530.88,1,0,1,20783.8,17819.6,
3,4,3,939,28043.3,132,128,4,29206.9,31677.5,
1,2,1,939,12992.6,332,330,2,24733.2,4679.57,
0,1,0,940,3640.7,1,0,1,22886,21098.7,
24,25,24,941,200852,1826,1796,30,39721.6,20117.3,
3,4,3,944,440233,139,66,73,20932.5,14421.1,
0,1,0,944,4131.24,1,0,1,32591.2,2037.54,
0,1,0,945,4879.11,1,0,1,2281.23,30290.9,
0,1,0,946,4271.74,1,0,1,18390.4,4225.53,
5,6,5,947,50812.6,76,68,8,2327.98,17043.1,
0,1,0,950,11910.2,1,0,1,30891.3,3909.27,
56,57,56,951,1.3821e+06,877,651,226,37134.4,18727.7,
5,6,5,954,225631,148,118,30,1999.92,17180.9,
1,2,1,956,12691.2,68,66,2,35363.7,39187.4,
0,1,0,959,3468.59,1,0,1,4855.49,7469.03,
1,2,1,959,14685.5,8,6,2,6445.18,31081.1,
0,1,0,959,6493.44,1,0,1,6106.92,40178.6,
2,3,2,961,75372.2,15,2,13,13215.1,20770.4,
21,22,21,961,1.09242e+06,285,137,148,11226.1,36741.6,
0,1,0,961,8816.4,1,0,1,4272.67,30042.2,
6,7,6,961,359882,112,56,56,5523.36,17654.3,
0,1,0,961,5131.74,1,0,1,34812,10101.3,
2,3,2,963,78295.9,64,51,13,12916.4,1908.74,
0,1,0,963,1884.81,1,0,1,34215.8,29881.4,
0,1,0,963,9449.8,1,0,1,26155.7,33042.3,
52,53,52,964,642281,2016,1933,83,25362.6,23302.7,
0,1,0,964,6716.09,1,0,1,32707.7,8994.29,
0,1,0,967,8037.6,1,0,1,26540.9,36954.8,
0,1,0,969,7410.15,1,0,1,24113.7,2737.89,
4,5,4,972,191907,60,30,30,24371.9,3378.61,
14,15,14,972,375036,187,130,57,39893.8,4694.72,
0,1,0,973,8371.24,1,0,1,25443.9,16641.5,
0,1,0,974,2771.54,1,0,1,18202.1,496.172,
9,10,9,975,387838,194,135,59,18301.6,32884.5,
0,1,0,978,4784.81,1,0,1,8422.45,2322.61,
3,4,3,982,23616.4,1649,1645,4,36081.5,25000.9,
0,1,0,984,4335.22,1,0,1,36835.1,1381.24,
0,1,0,984,4476.45,1,0,1,3151.61,4131.74,
0,1,0,985,6918.62,1,0,1,36895.3,1598.73,
0,1,0,986,9962.23,1,0,1,12102.5,28861.3,
36,37,36,990,304412,2006,1964,42,10712.9,35510.7,
0,1,0,990,6614.95,1,0,1,20171.8,1354.34,
1,2,1,991,14744,515,513,2,5589.73,26389.5,
13,14,13,993,278051,97,53,44,30145.2,22911,
0,1,0,994,6392.14,1,0,1,35516.8,15225.8,
0,1,0,994,4611.58,1,0,1,32093.7,31992.8,
0,1,0,996,7033,1,0,1,29055,14851.9,
4,5,4,997,415393,181,119,62,8054.68,29717.9,
5,6,5,998,236424,150,113,37,10827.7,33816.4,
0,1,0,999,4587.67,1,0,1,34370.5,36650.5,
23,24,23,999,442743,117,45,72,37989.3,6361.67,
41,42,41,1000,1.09303e+06,692,525,167,25415.8,17627.3,
1,2,1,1001,21582.1,38,34,4,23130.9,12883.1,
2,3,2,1002,22265.5,10,5,5,25018.3,23068.7,
0,1,0,1002,7450.47,1,0,1,38057.5,6212.56,
0,1,0,1003,5571.34,1,0,1,30238.8,22795.2,
0,1,0,1006,8906.85,1,0,1,21204.2,10118.9,
0,1,0,1008,9575.52,1,0,1,31903.4,20241.4,
1,2,1,1010,198784,34,9,25,13475.3,2466.08,
3,4,3,1010,88413.5,23,9,14,32726.7,15676.9,
21,22,21,1011,667028,260,160,100,16808.3,8920.51,
0,1,0,1012,7739.04,1,0,1,20987.9,4827.08,
0,1,0,1013,8519.19,1,0,1,37538.3,34977.5,
0,1,0,1013,9288.26,1,0,1,18011,10034.7,
1,2,1,1014,29708.4,5,1,4,18290.1,32933.4,
1,2,1,1015,9144.62,732,730,2,13557.2,23988.8,
0,1,0,1015,9943.88,1,0,1,33033.5,1242.71,
35,36,35,1016,318599,1624,1574,50,16048.6,2248.81,
2,3,2,1017,175292,49,23,26,23050.9,598.84,
4,5,4,1017,213831,111,81,30,9822.96,27994.8,
0,1,0,1019,8460.73,1,0,1,32871.2,15673.1,
37,38,37,1025,808532,426,297,129,38011.6,4303.55,
9,10,9,1026,478332,317,244,73,22275.7,23893,
15,16,15,1026,255602,331,287,44,36351.1,4696,
0,1,0,1029,5442.74,1,0,1,3086.52,5619.68,
0,1,0,1030,7961.72,1,0,1,1418.86,17349.8,
1,2,1,1031,16807.9,198,196,2,29303.9,35944.6,
45,46,45,1032,404995,1966,1897,69,22831.5,4300.92,
1,2,1,1034,12866.4,14,12,2,2931.05,13394.3,
0,1,0,1034,6109.73,1,0,1,2147.24,17106.1,
0,1,0,1034,6388.76,1,0,1,21509.2,27400.4,
12,13,12,1035,668055,1823,1720,103,2773.17,25398.5,
24,25,24,1035,1.14207e+06,390,212,178,23271.4,33639.3,
19,20,19,1035,503874,192,111,81,22515.7,36771.5,
3,4,3,1040,115705,88,75,13,35704.6,32761.5,
6,7,6,1040,146403,112,89,23,35138.2,26327,
16,17,16,1041,366811,182,124,58,17687.9,32742,
12,13,12,1047,585826,287,198,89,40092.1,4435.78,
0,1,0,1047,4685.85,1,0,1,22390.1,36746.2,
8,9,8,1048,76932.8,150,136,14,34725.1,25022.3,
0,1,0,1048,7619.42,1,0,1,8528.96,20399.9,
0,1,0,1049,8210.59,1,0,1,39786,24500.6,
11,12,11,1056,96560.3,99,85,14,39201.9,37346.7,
1,2,1,1056,19718,467,465,2,14726.5,7042.51,
0,1,0,1058,4224.98,1,0,1,3784,34185,
0,1,0,1058,9208.96,1,0,1,31775.9,20072.2,
0,1,0,1058,4206.03,1,0,1,7510.92,1448.39,
95,96,95,1059,993164,1390,1232,158,37978.2,18637.9,
0,1,0,1059,4897.05,1,0,1,28659.4,9293.99,
1,2,1,1065,177995,47,17,30,13075.5,24504.5,
11,12,11,1065,303148,243,193,50,7438.7,36393.2,
16,17,16,1066,591132,819,725,94,24129.8,12360.3,
11,12,11,1071,980102,394,229,165,38262.3,11179.1,
0,1,0,1072,8942.08,1,0,1,2990.25,9505.1,
0,1,0,1072,5651.9,1,0,1,39767.6,4577.53,
0,1,0,1073,5565.75,1,0,1,5401.46,28392.9,
2,3,2,1074,53255.5,50,40,10,11806.3,22842.9,
21,22,21,1075,498824,271,184,87,28050.2,28661.5,
2,3,2,1077,14995.4,300,297,3,17588.9,15767.9,
0,1,0,1077,4798.37,1,0,1,22368.6,23827.8,
32,33,32,1077,1.30212e+06,533,328,205,20227.8,37658.9,
0,1,0,1078,5144.46,1,0,1,7964.98,33705.7,
18,19,18,1078,367751,1306,1244,62,36913.6,13577.9,
8,9,8,1078,794099,239,112,127,25086.6,1508.52,
0,1,0,1079,6178.2,1,0,1,11450.1,36889.1,
0,1,0,1083,5473.98,1,0,1,38611.7,14630.6,
1,2,1,1083,28294.3,23,20,3,22648.2,4143.37,
0,1,0,1085,7209.73,1,0,1,2179.57,30462.5,
0,1,0,1085,7433.9,1,0,1,35791.1,32843.8,
0,1,0,1086,9380.07,1,0,1,10604.7,35552.7,
8,9,8,1087,278206,213,163,50,26756.5,26446.3,
6,7,6,1087,359556,145,82,63,21097.7,17216.5,
0,1,0,1088,15484.2,1,0,1,23423.9,33595.5,
128,129,128,1092,1.90714e+06,1074,761,313,12905.9,5663.93,
4,5,4,1092,180467,167,140,27,1482.44,13536.9,
0,1,0,1093,8082.81,1,0,1,29651.8,10092.4,
0,1,0,1094,13135.4,2,0,2,24675.8,9292.99,
5,6,5,1095,181013,139,111,28,13297.7,38139.8,
5,6,5,1096,76460.8,70,58,12,23342.7,17540.8,
0,1,0,1097,4390.47,1,0,1,22114,1196.19,
0,1,0,1098,4018.56,1,0,1,13316.5,14404.8,
0,1,0,1100,7252.02,1,0,1,26217.5,17397,
0,1,0,1104,8164.36,1,0,1,20259.4,13450.3,
0,1,0,1104,8005.24,1,0,1,22742.1,4063.15,
0,1,0,1110,10025.2,1,0,1,16342,11235,
2,3,2,1112,204196,123,91,32,8424.82,10351.7,
0,1,0,1113,2154.7,1,0,1,35129.3,14910.7,
3,4,3,1114,99967.6,1246,1229,17,34638.6,7534.83,
2,3,2,1114,44320.8,50,42,8,26739,9085.01,
13,14,13,1115,379920,208,142,66,11345.5,2646.95,
0,1,0,1115,2091.22,1,0,1,34502.3,6431.31,
0,1,0,1115,3539.7,1,0,1,37917.3,4460.05,
1,2,1,1116,75084.1,49,37,12,9229.46,11097.3,
0,1,0,1118,7786.48,1,0,1,10329.8,16871.3,
0,1,0,1119,6926.04,1,0,1,9617.83,28114.7,
0,1,0,1119,5002.35,1,0,1,20600.6,13559.1,
1,2,1,1120,70816.4,21,10,11,36465.3,7681.5,
0,1,0,1120,5518.93,1,0,1,26890,9080.06,
7,8,7,1124,248103,159,120,39,16042.8,9548.06,
0,1,0,1124,3734.24,1,0,1,7533.6,36273.3,
2,3,2,1126,18814,75,72,3,38147.2,4230.32,
10,11,10,1128,270908,256,211,45,12241.9,12553.2,
2,3,2,1130,34535.3,23,16,7,15735.8,30740.5,
8,9,8,1131,332716,1406,1351,55,18167.4,9765.28,
1,2,1,1134,14235.9,128,126,2,12069.2,12631.9,
9,10,9,1135,173224,57,30,27,4107.45,36321.2,
9,10,9,1135,644012,287,187,100,27322.3,20845,
2,3,2,1137,21001,14,11,3,9157.31,11022.3,
4,5,4,1138,40027.1,22,15,7,1144.74,18269,
2,3,2,1144,28420.4,1381,1377,4,22901.8,4352.21,
3,4,3,1144,23320.8,343,339,4,28954.3,19287.1,
0,1,0,1145,8271.18,1,0,1,29274.3,19297.7,
60,61,60,1145,1.90955e+06,842,537,305,26483.7,15096.5,
2,3,2,1146,68521.8,39,29,10,28603,14389.5,
0,1,0,1148,4234.87,1,0,1,12457.6,20026.3,
5,6,5,1149,66742.2,1253,1243,10,25739.4,10283.2,
0,1,0,1151,9930.39,1,0,1,25018.8,3125.63,
0,1,0,1151,5020.13,1,0,1,17877,9895.23,
5,6,5,1151,61056.6,81,73,8,36580.3,1484.29,
3,4,3,1151,95685.1,70,55,15,6711.56,32897.4,
14,15,14,1158,263524,116,75,41,33877.7,24198.1,
0,1,0,1160,14534.1,2,0,2,9321.05,3886.01,
6,7,6,1162,54462.7,156,148,8,26604.3,38067.6,
0,1,0,1162,2786.31,1,0,1,14178.1,19038.9,
0,1,0,1163,7068.44,1,0,1,30100.2,22377.8,
0,1,0,1166,8607.57,1,0,1,35727.5,7452.51,
0,1,0,1167,6562.77,1,0,1,27657.8,30594.9,
3,4,3,1168,29631.9,84,80,4,18382.9,14399,
0,1,0,1177,11414.1,1,0,1,28430.2,14386.1,
0,1,0,1180,5848.54,1,0,1,8452.07,9028.36,
1,2,1,1180,22909.2,9,6,3,19834.4,13496.3,
0,1,0,1181,7045.38,1,0,1,38026.7,5759.68,
1,2,1,1183,9354.94,14,12,2,40206.3,4460.38,
4,5,4,1189,125687,72,53,19,31152.5,13178.2,
0,1,0,1191,2969.2,1,0,1,39320.2,17094.1,
11,12,11,1195,345404,262,201,61,11429.9,19812.4,
19,20,19,1196,258585,888,851,37,16681.3,31086.5,
0,1,0,1196,3830.74,1,0,1,15541.4,20005,
0,1,0,1198,8698.15,1,0,1,26526,5998.36,
35,36,35,1198,423072,449,383,66,13575.5,26365.8,
0,1,0,1200,5737.35,1,0,1,37472.2,12741.2,
0,1,0,1200,11937.2,2,0,2,16903.1,8902.05,
1,2,1,1201,13070.5,343,341,2,10695.7,31587.3,
1,2,1,1201,21304.6,6,2,4,23330.7,12594,
12,13,12,1202,121553,513,494,19,4340.77,30942.7,
0,1,0,1211,5864.66,1,0,1,25102.3,545.68,
3,4,3,1211,98838.2,37,21,16,12195,19262.2,
0,1,0,1212,7139.68,1,0,1,14714.9,11732.4,
0,1,0,1212,3866.5,1,0,1,833.883,24595,
0,1,0,1213,9642.92,1,0,1,12316,19194.8,
7,8,7,1216,244072,160,119,41,17700.4,28867.3,
0,1,0,1216,7315.31,1,0,1,28263.3,28546.3,
6,7,6,1217,172709,186,161,25,7647.72,30537.3,
37,38,37,1218,309353,1775,1728,47,29854.9,28374.4,
33,34,33,1223,610575,469,371,98,3614.6,24936.6,
0,1,0,1223,6125.68,1,0,1,29436.5,36191,
0,1,0,1231,7809.75,1,0,1,28350.5,701.245,
10,11,10,1232,353767,197,140,57,22511.7,31902.1,
2,3,2,1232,37248.3,39,31,8,23474,3456.25,
0,1,0,1233,11784.7,1,0,1,10140.8,817.126,
0,1,0,1234,2824.71,1,0,1,25558.5,27407.3,
0,1,0,1237,7753.47,1,0,1,33394.9,6780.75,
7,8,7,1238,199849,108,75,33,35586,3904.49,
5,6,5,1238,46756.8,47,40,7,38953.3,10040.6,
10,11,10,1239,228127,1746,1710,36,23171.7,2356.23,
0,1,0,1240,4974.52,1,0,1,22474.9,31758.6,
1,2,1,1241,17928.9,4,1,3,9454.97,32028.2,
0,1,0,1244,9151.62,1,0,1,23038.5,2403.15,
13,14,13,1244,142009,278,253,25,37063.8,33212.9,
1,2,1,1247,34486.2,14,10,4,21166.2,34671.7,
0,1,0,1248,5931.45,1,0,1,3266.02,19742.2,
5,6,5,1249,50755,38,29,9,26557.1,34734.8,
13,14,13,1250,279136,193,153,40,13998.6,19786.2,
0,1,0,1250,5311.61,1,0,1,37118.8,16045.6,
0,1,0,1253,8208.6,1,0,1,11166.9,9509.37,
2,3,2,1255,41888.2,20,11,9,17107,12006,
11,12,11,1262,1.16649e+06,401,216,185,21304.2,23400.4,
0,1,0,1264,7943.22,1,0,1,33909,24304.1,
0,1,0,1264,8854.86,1,0,1,35492.1,26816.9,
0,1,0,1266,7723.51,1,0,1,14095.5,19850.9,
0,1,0,1269,7728.66,1,0,1,16684.5,8784.47,
10,11,10,1274,149858,69,44,25,4766.41,5991.58,
0,1,0,1274,2643.98,1,0,1,15591.1,640.464,
0,1,0,1275,5103.55,1,0,1,29934.1,21723.6,
5,6,5,1282,108395,71,56,15,11362.4,14418.6,
0,1,0,1282,4191.5,1,0,1,28418.6,39307.3,
0,1,0,1285,3724.38,1,0,1,33224.8,1004.57,
0,1,0,1289,6882.52,1,0,1,39990.3,18504,
6,7,6,1289,415887,275,214,61,10768.8,8541.32,
0,1,0,1292,5083.56,1,0,1,5454.19,26016.7,
0,1,0,1292,4856.48,1,0,1,28280.8,14134.9,
0,1,0,1297,5462.28,1,0,1,29541.5,15773.8,
0,1,0,1297,3345.45,1,0,1,11361.2,14317.2,
0,1,0,1298,5018.86,1,0,1,17253.4,4621.93,
0,1,0,1302,4864.89,1,0,1,28099.6,28802.1,
10,11,10,1303,768611,200,84,116,30170,5794.78,
0,1,0,1305,6431.04,1,0,1,6637.78,9437.01,
0,1,0,1306,6204.33,1,0,1,39595.6,24531,
1,2,1,1308,15943.5,6,4,2,36054.3,32704.6,
8,9,8,1310,332443,198,142,56,17087.2,19835.5,
0,1,0,1310,13157.9,2,0,2,36071.2,32861.9,
0,1,0,1312,4496.83,1,0,1,24190.3,9843.96,
0,1,0,1314,8333.25,1,0,1,28102.4,33802.8,
0,1,0,1314,2068.72,1,0,1,5177.12,28338.5,
0,1,0,1315,16392.5,1,0,1,17739.8,22571.5,
19,20,19,1318,171001,492,464,28,33050.1,36048.7,
0,1,0,1319,2018.46,1,0,1,10933.9,509.727,
2,3,2,1321,15638.7,129,126,3,13494.8,26265.5,
0,1,0,1322,5708.24,1,0,1,26759.3,2193.04,
0,1,0,1323,11637,1,0,1,19277,36243.3,
12,13,12,1324,316090,273,223,50,2163.3,1897.38,
6,7,6,1326,328071,223,172,51,7799.72,22381.1,
13,14,13,1332,257257,96,66,30,31729.5,31153,
0,1,0,1334,7216.82,1,0,1,18822.4,1248.09,
13,14,13,1335,1.29738e+06,452,245,207,28546.4,24035,
0,1,0,1339,9995.18,2,0,2,1801.88,30741.9,
3,4,3,1341,75305.5,17,5,12,40039.6,10556.5,
0,1,0,1342,9011.7,1,0,1,12087.5,30894.7,
43,44,43,1344,428670,810,736,74,28614.9,16905.2,
4,5,4,1345,35448.2,19,13,6,4193.67,11431.7,
0,1,0,1345,6834.53,1,0,1,9902.95,14604.7,
10,11,10,1345,653753,1622,1520,102,27688,10286.4,
0,1,0,1346,8242.08,1,0,1,13693.3,26274.1,
2,3,2,1347,15048.7,476,473,3,28480.9,16905.7,
0,1,0,1351,4606.57,1,0,1,6697.91,14667.2,
0,1,0,1351,10568.7,1,0,1,4598.39,1243.49,
42,43,42,1352,1.0456e+06,706,542,164,13850.6,2833.66,
0,1,0,1353,5237.84,1,0,1,31828.4,31172.9,
12,13,12,1355,354688,276,249,27,32670.5,36131.1,
8,9,8,1355,1.37769e+06,220,19,201,20796,29320.8,
37,38,37,1356,415073,842,785,57,38534.6,10644.3,
0,1,0,1356,2268.73,1,0,1,35667.2,27884.1,
3,4,3,1360,21860.2,264,260,4,21165.6,30262.8,
10,11,10,1361,83287.6,543,531,12,39859.2,6833.79,
6,7,6,1361,132788,140,116,24,38446.2,15551.2,
0,1,0,1363,2785.43,1,0,1,24758.7,3820.39,
7,8,7,1364,45775.4,1096,1088,8,24264.1,1682.58,
0,1,0,1367,1546.01,1,0,1,31773,30998,
0,1,0,1368,6080.15,1,0,1,39756.8,24784.1,
56,57,56,1369,1.3004e+06,1504,1317,187,10641.9,38985.9,
31,32,31,1372,520379,328,252,76,29754.4,39560.5,
19,20,19,1374,331836,1615,1561,54,24044.8,25358.2,
0,1,0,1376,5660.93,1,0,1,32757.6,759.911,
11,12,11,1377,172206,177,152,25,27689,18411.2,
0,1,0,1377,8244.29,1,0,1,35672.1,17611.1,
0,1,0,1378,823.123,1,0,1,38298.8,17207.7,
3,4,3,1381,81059.6,44,31,13,15622.3,5053.92,
0,1,0,1382,6567.23,1,0,1,32750.1,25135.4,
2,3,2,1383,21772,724,721,3,10835.5,35463.1,
0,1,0,1388,2903.72,1,0,1,13361.6,38420.2,
0,1,0,1393,6243.02,1,0,1,20872.9,29238.3,
0,1,0,1393,3807.91,1,0,1,21607.5,7232.15,
19,20,19,1394,555661,357,268,89,24865.6,24516,
21,22,21,1396,265730,686,648,38,23035.2,15501.8,
14,15,14,1398,659139,295,202,93,25298.4,5477.11,
22,23,22,1404,1.05289e+06,580,415,165,34420.5,11999.4,
0,1,0,1405,10621.9,1,0,1,25262.3,5529.37,
1,2,1,1406,15732.5,6,4,2,20535.3,26478.5,
0,1,0,1407,3490.25,1,0,1,36944.6,26834.8,
5,6,5,1407,398271,238,177,61,12952.6,9229.95,
9,10,9,1408,469871,202,126,76,12712.5,35610.6,
6,7,6,1409,92350.1,161,146,15,15104,29648.3,
0,1,0,1410,4083.9,1,0,1,20733.5,29468.9,
2,3,2,1415,63519.1,11,2,9,30553.4,4772.19,
0,1,0,1418,7037.12,1,0,1,35997.8,16563.4,
0,1,0,1418,47853.4,9,0,9,17628.3,22344.1,
0,1,0,1418,3956.28,1,0,1,4534.38,14958.5,
42,43,42,1419,352327,1516,1461,55,21914.4,37930.3,
35,36,35,1420,1.3693e+06,710,499,211,4162.13,35255.8,
0,1,0,1425,3130.78,1,0,1,29850.6,28491.5,
19,20,19,1425,248322,293,253,40,32409.7,25263.5,
7,8,7,1427,368554,150,94,56,4782.9,34010.6,
5,6,5,1430,667242,219,121,98,6694.16,8113.43,
0,1,0,1430,6584.82,1,0,1,16082.8,5350.97,
0,1,0,1433,2979.01,1,0,1,38302.6,10996.2,
0,1,0,1433,4772.81,1,0,1,33874.3,18033.7,
34,35,34,1435,911908,796,652,144,2379.65,8933.87,
0,1,0,1436,8801.66,1,0,1,36386.7,3272.87,
2,3,2,1439,63219.6,25,14,11,25068,969.84,
40,41,40,1442,1.49589e+06,920,699,221,15237.1,37369.6,
1,2,1,1443,29161.2,46,41,5,2286.38,23086.3,
0,1,0,1448,4817.43,1,0,1,38863.7,2421.82,
0,1,0,1448,9287.64,1,0,1,38299.7,11299.8,
1,2,1,1451,11004.4,239,237,2,28558,16717.9,
0,1,0,1451,7182.69,1,0,1,1169.23,34106.5,
1,2,1,1453,9006.82,77,75,2,38905.1,39386.8,
0,1,0,1453,13997.5,2,0,2,6617.24,7700.54,
1,2,1,1454,12086.2,5,3,2,38874.6,39217.3,
22,23,22,1456,851793,419,298,121,19690.6,518.394,
1,2,1,1456,10263.5,5,3,2,24278.1,34835.3,
2,3,2,1457,36813.7,33,27,6,27809.9,11803.7,
0,1,0,1459,8944.38,1,0,1,24178.4,34961.4,
2,3,2,1460,291421,87,45,42,37198,2411.43,
17,18,17,1461,187954,80,50,30,27542.3,39438.5,
0,1,0,1464,5125.12,1,0,1,28915.6,5305.76,
19,20,19,1465,969963,356,201,155,29950.6,6366.52,
0,1,0,1467,7185.63,1,0,1,32371.9,1795.44,
0,1,0,1467,6234.67,1,0,1,17219.3,34751,
0,1,0,1468,7236.86,1,0,1,29729.3,39732.3,
1,2,1,1468,15275.8,3,1,2,32157.3,1725.59,
11,12,11,1468,795549,330,207,123,33110.4,10461.6,
10,11,10,1468,294353,58,11,47,2345.64,19525.3,
19,20,19,1469,239126,513,475,38,29295,27601.4,
4,5,4,1470,75883.7,425,414,11,29341.3,27601.2,
1,2,1,1471,143398,54,30,24,11426.3,10781,
0,1,0,1471,113144,18,0,18,34011.8,13342.5,
0,1,0,1471,6526.47,1,0,1,22325,12634.2,
0,1,0,1471,7162.99,1,0,1,11115.6,14773.6,
0,1,0,1471,5686.3,1,0,1,24507.2,32540.3,
11,12,11,1472,315622,262,211,51,1106.27,26640.4,
0,1,0,1475,9105.04,1,0,1,1559.48,7803.77,
0,1,0,1476,11201.7,1,0,1,24477.6,33413.2,
0,1,0,1476,9071.34,1,0,1,14395.3,14997.2,
0,1,0,1478,8764.71,1,0,1,28479.8,4633.52,
0,1,0,1478,7210.83,1,0,1,15622.7,22536.6,
0,1,0,1480,5153.45,1,0,1,7900.85,8755.72,
0,1,0,1480,6083.97,1,0,1,10996.3,14642.6,
2,3,2,1481,21922.8,16,13,3,11690.3,12632.5,
0,1,0,1485,5489.78,1,0,1,15642.5,28165.8,
19,20,19,1488,430218,191,121,70,23287.7,35323.2,
55,56,55,1490,618492,775,684,91,4380.36,27850.6,
0,1,0,1496,8484.81,1,0,1,37098.8,12390.7,
0,1,0,1497,7556.05,1,0,1,33160,36174.7,
0,1,0,1498,5995.95,1,0,1,27558.7,847.275,
1,2,1,1498,38284.2,54,48,6,32466.2,9715.7,
3,4,3,1499,41227.2,39,33,6,26773.9,24518,
2,3,2,1500,16083.3,29,26,3,12816.9,35484.5,
7,8,7,1501,209274,119,87,32,35563,11926.2,
0,1,0,1502,9657.92,1,0,1,4455.53,27972.9,
0,1,0,1503,8101.37,1,0,1,5089.87,5324.84,
0,1,0,1505,6325.22,1,0,1,12642.6,35653.8,
8,9,8,1508,66791.3,628,619,9,12931.9,5578.31,
2,3,2,1509,14032.8,172,169,3,3592.21,24970.2,
7,8,7,1510,416153,131,63,68,36156.9,8302.57,
0,1,0,1511,5362.55,1,0,1,29382.9,27772.6,
0,1,0,1512,6138.28,1,0,1,38650.3,10761.3,
0,1,0,1512,9499.26,1,0,1,19437.6,20508,
1,2,1,1512,13230.4,61,59,2,4514.97,30933.6,
0,1,0,1514,6676.24,1,0,1,24264.6,15370.3,
0,1,0,1515,7465.74,1,0,1,32241.2,38188.5,
0,1,0,1518,5270.45,1,0,1,32744.8,3006.8,
0,1,0,1521,17026.5,2,0,2,14321.9,1418.59,
0,1,0,1522,6445.89,1,0,1,14787.9,10104,
3,4,3,1523,24145.5,149,145,4,3563.45,25107,
14,15,14,1525,1.27475e+06,339,149,190,31546.7,9958.59,
8,9,8,1526,571137,292,203,89,6412.78,8296.06,
3,5,4,1526,138187,1475,1453,22,25291,13864.5,
0,1,0,1530,3978.03,1,0,1,31596.3,17835.6,
0,1,0,1533,8901.01,1,0,1,13716.5,2825.89,
0,1,0,1535,4747.67,1,0,1,27666,18237.7,
0,1,0,1536,5095.58,1,0,1,15594.8,34525.7,
0,1,0,1538,3402.05,1,0,1,27675.1,39416.7,
3,4,3,1539,32339.5,224,220,4,22821.7,14484.1,
31,32,31,1543,1.25143e+06,742,551,191,5794.46,13381.5,
0,1,0,1545,3421.66,1,0,1,1138.41,26464.3,
30,31,30,1546,1.93276e+06,821,527,294,7882.84,27128.8,
0,1,0,1548,6488.32,1,0,1,39994.9,21987.1,
2,3,2,1549,95353.1,70,53,17,12985.3,35262.8,
18,19,18,1550,719049,575,476,99,781.645,33502.1,
10,11,10,1551,88963.8,196,182,14,31123.2,33211.7,
13,14,13,1551,447138,163,95,68,28447.9,29930.1,
0,1,0,1551,6197.96,1,0,1,27789,18533,
0,1,0,1552,9087.55,1,0,1,3703.04,25071.9,
0,1,0,1552,6701.57,1,0,1,27857.3,8918.18,
3,4,3,1553,53889.8,59,50,9,22075.9,1551,
7,8,7,1555,208985,137,110,27,20222.4,38878.9,
0,1,0,1557,19593.9,2,0,2,28350.5,29979.1,
1,2,1,1559,25965.1,23,19,4,29463,19443.5,
31,32,31,1559,963298,627,477,150,37960.8,25891.9,
0,1,0,1560,8195.52,1,0,1,28514.2,17046,
0,1,0,1562,8633.31,1,0,1,37970.2,26007.5,
0,1,0,1563,4957.34,1,0,1,28366.9,29752.9,
13,14,13,1564,180609,258,230,28,18049.5,26505.3,
1,2,1,1565,43627.6,9,3,6,8989.37,15413.3,
0,1,0,1566,11522.4,1,0,1,23952.4,14879,
1,2,1,1566,17872.3,8,5,3,10168.9,32109.1,
5,6,5,1567,53271.6,150,142,8,20512.7,22213.2,
0,1,0,1573,3416.06,1,0,1,31159.2,11356.3,
0,1,0,1574,3836.94,1,0,1,37839.5,26760.5,
3,4,3,1575,409711,88,27,61,17901.4,35956.3,
66,67,66,1577,578490,1394,1302,92,38172.9,12202.9,
3,4,3,1578,44063.1,14,6,8,32581.4,36167.3,
0,1,0,1578,4662.09,1,0,1,16921.6,23808.4,
0,1,0,1581,5400.31,1,0,1,28439.2,21342.2,
1,2,1,1581,17849.2,121,119,2,38211.8,25919.5,
8,9,8,1581,61762.3,40,29,11,35910.8,29190.6,
0,1,0,1586,7105.65,1,0,1,26912,24610.7,
5,6,5,1588,99047.8,61,44,17,33700.9,32101.6,
13,14,13,1593,812033,285,155,130,25617.3,26292.7,
0,1,0,1594,5120.93,1,0,1,29787.6,4541.45,
0,1,0,1596,4973.47,1,0,1,29054.8,7060.65,
0,1,0,1596,2788.82,1,0,1,3592.27,24759,
12,13,12,1599,148841,136,111,25,28534.1,25183.9,
0,1,0,1599,22203.4,1,0,1,32637,35943.6,
0,1,0,1601,7086.05,1,0,1,38780.3,5397.94,
12,13,12,1604,644753,291,191,100,12856.9,10966.8,
0,1,0,1605,8768.04,1,0,1,39653.3,1103.69,
4,5,4,1607,29873.2,216,211,5,6209.11,13387.5,
6,7,6,1608,229734,152,116,36,4854.4,13291.4,
0,1,0,1610,7552.58,1,0,1,23172.6,16161.4,
0,1,0,1611,10244,1,0,1,36318.7,29185.3,
67,68,67,1612,671544,1235,1122,113,33700.4,10470.1,
0,1,0,1612,5126.4,1,0,1,3488.87,19758.9,
0,1,0,1614,6128.35,1,0,1,16594.9,11281.9,
5,6,5,1618,49081.3,26,18,8,6052.09,37088.2,
0,1,0,1619,3420.6,1,0,1,31533.5,4579.99,
32,33,32,1619,1.97716e+06,1272,971,301,8975.09,23215.5,
1,2,1,1620,12870.6,233,231,2,38043.7,12172.3,
0,1,0,1620,1881.77,1,0,1,35747.5,11941.6,
10,11,10,1622,676204,382,275,107,7709.93,24930.3,
0,1,0,1622,6484.01,1,0,1,16297.1,446.352,
0,1,0,1626,19339.3,2,0,2,5970.36,36965.7,
0,1,0,1626,4925.38,1,0,1,3675.48,4676.07,
0,1,0,1627,6749.5,1,0,1,8855.98,9345.47,
1,2,1,1627,77876,24,13,11,3716.3,14398.7,
3,4,3,1629,33176.3,43,37,6,12723.5,30299.7,
0,1,0,1630,3315.55,1,0,1,6082.85,23802.7,
0,1,0,1632,125614,21,0,21,17999.8,12875.3,
25,26,25,1633,957849,1023,875,148,12836,34575,
3,4,3,1634,29376.1,138,133,5,12811.5,34538.3,
1,2,1,1634,10815.7,468,466,2,2208.33,8945.57,
0,1,0,1636,6838.04,1,0,1,26784.1,5776.1,
24,25,24,1637,480582,359,279,80,20742.3,28454.9,
0,1,0,1637,7665.63,1,0,1,32399.3,25020.3,
1,2,1,1637,155103,28,1,27,1622.37,28869.3,
0,1,0,1639,5323.83,1,0,1,40177.6,6352.94,
0,1,0,1641,2971.61,1,0,1,14906.2,6882.73,
20,21,20,1643,1.12242e+06,518,340,178,16846.8,15589.6,
11,12,11,1645,664116,287,182,105,18189.8,30191.6,
0,1,0,1646,3635.48,1,0,1,7336.45,39850.9,
0,1,0,1647,5849.32,1,0,1,15308.8,13461,
0,1,0,1647,6576.49,1,0,1,23167.2,15982.5,
1,2,1,1647,17444.1,207,205,2,4099.88,35145.1,
0,1,0,1651,3407.8,1,0,1,31258.2,33253,
0,1,0,1654,72961.5,6,0,6,35624.1,20224.4,
17,18,17,1654,181732,362,334,28,24369.1,16053.5,
134,135,134,1656,3.09419e+06,1255,768,487,27305.4,4324.18,
1,2,1,1657,19892.9,4,1,3,39728.3,16373.6,
2,3,2,1660,14322.1,423,420,3,37903,18524.1,
2,3,2,1663,55028.6,14,5,9,21315.3,780.37,
5,6,5,1664,486191,1217,1145,72,38344.6,10106.9,
1,2,1,1664,11239.8,62,60,2,33147,10304.7,
1,2,1,1664,144869,36,17,19,1877.73,9327.33,
0,1,0,1665,7896.43,1,0,1,38258.3,12139.1,
1,2,1,1666,11030.5,111,109,2,17917.7,26462.7,
0,1,0,1667,4001.55,1,0,1,3909.86,9036.19,
0,1,0,1669,12205.2,1,0,1,16747.7,15591,
0,1,0,1669,6364.54,1,0,1,22959.4,5686.03,
7,8,7,1669,370859,247,189,58,20110.5,19471.9,
0,1,0,1674,4098.47,1,0,1,16650.2,4432.9,
0,1,0,1676,5927.51,1,0,1,31165.1,29867.7,
0,1,0,1679,7747.98,1,0,1,9714.17,3369.2,
0,1,0,1682,4061.98,1,0,1,16313.4,18808.2,
0,1,0,1682,4482.9,1,0,1,17425.2,6187.34,
0,1,0,1683,4793.07,1,0,1,36976.8,18577.5,
0,1,0,1685,5430.24,1,0,1,4483.93,10370,
0,1,0,1685,4571.76,1,0,1,1758.1,6118.7,
8,9,8,1685,547822,183,97,86,10236.1,512.253,
0,1,0,1686,8951.19,1,0,1,25082.6,9253.55,
16,17,16,1687,835294,425,300,125,6327.21,5571.27,
0,1,0,1687,6221.82,1,0,1,2178.47,19512.9,
0,1,0,1692,4967.99,1,0,1,25468.8,10301.4,
0,1,0,1693,6301.35,1,0,1,20860.4,4644.4,
1,2,1,1694,11382.8,7,5,2,31446.3,5816.55,
1,2,1,1696,8799.95,106,104,2,25593,17574.4,
0,1,0,1699,6299.57,1,0,1,9050.05,28199,
0,1,0,1701,6073.72,1,0,1,15214.6,37250.4,
0,1,0,1701,10427.9,1,0,1,37885.1,10135.6,
0,1,0,1705,32097.3,5,0,5,9257.12,16530.5,
0,1,0,1706,14575,2,0,2,2601.69,21246.7,
26,27,26,1707,1.11046e+06,757,583,174,8589.02,11151.4,
70,71,70,1708,1.49981e+06,1158,917,241,28183.5,32834.7,
0,1,0,1710,6958.05,1,0,1,33007.9,22242.9,
1,2,1,1712,10404.2,224,222,2,37916.6,25704.8,
28,29,28,1714,1.42126e+06,442,227,215,9279.54,29879.4,
0,1,0,1716,1297.9,1,0,1,26245.4,15252,
0,1,0,1717,7351.59,1,0,1,22838.6,15380.5,
0,1,0,1717,7193.27,1,0,1,25722.9,26424.7,
8,9,8,1718,98185.9,57,40,17,30931.5,20467.2,
0,1,0,1719,5796.63,1,0,1,33807.2,20734.5,
17,18,17,1720,859279,1152,1007,145,37445,8151.92,
4,5,4,1720,209822,1093,1061,32,30706.2,20626,
15,16,15,1723,397436,295,234,61,30986.2,5091.26,
0,1,0,1727,7856.71,1,0,1,24884.4,24336.3,
1,2,1,1731,222786,40,9,31,22688.4,1536.66,
0,1,0,1735,3563.51,1,0,1,6301.44,16720.1,
3,4,3,1743,135377,31,10,21,39216.7,9105.56,
11,12,11,1746,82491.9,289,277,12,21810.4,2350.8,
0,1,0,1748,2848.67,1,0,1,22656.9,1331.73,
24,25,24,1749,687497,310,201,109,32473.7,11091.1,
3,4,3,1751,537594,110,28,82,22304.8,17650.4,
3,4,3,1752,140409,61,37,24,32828.6,6517.22,
2,3,2,1754,15448,253,250,3,24834,6081.5,
2,3,2,1754,67380,84,74,10,3511.51,16315.6,
0,1,0,1756,7298.56,1,0,1,37849.7,3490.97,
3,4,3,1756,174062,99,78,21,16216.9,30100.5,
21,22,21,1758,304819,465,418,47,37225.5,13557.2,
3,4,3,1758,24944.6,565,561,4,28243.3,32989.9,
0,1,0,1761,3257.13,1,0,1,39217.5,9279.84,
1,2,1,1764,224166,84,48,36,9853.09,30976.2,
0,1,0,1765,9854.21,1,0,1,31290.1,2577.46,
0,1,0,1767,8667.13,1,0,1,19508.1,9910.49,
10,11,10,1769,645366,966,870,96,25682.1,7188.5,
2,3,2,1773,14100.9,80,77,3,10541.2,39015.3,
0,1,0,1775,5592.44,1,0,1,31316.4,14464,
0,1,0,1775,7028.83,1,0,1,17910.4,22347.9,
2,3,2,1776,31287.8,47,43,4,38384,38450.4,
14,15,14,1779,333198,393,340,53,15327.4,3047.3,
0,1,0,1780,2366.48,1,0,1,32938.8,35986.1,
31,32,31,1782,498011,1178,1097,81,19737.4,12684.5,
0,1,0,1782,5801.15,1,0,1,21837.3,2163.69,
7,8,7,1785,448945,195,117,78,37827.9,1741.09,
39,41,40,1785,1.25861e+06,1216,1017,199,7984.69,29052.4,
0,1,0,1786,4042.52,1,0,1,18856.9,3446.32,
0,1,0,1787,6690.49,1,0,1,5260.27,13152.8,
3,4,3,1789,34884.1,91,86,5,17650.9,22951.2,
6,7,6,1789,316232,162,104,58,7298.83,2831.82,
0,1,0,1790,5837.83,1,0,1,28757.4,19253,
95,96,95,1793,956211,1138,986,152,36681.4,13675,
0,1,0,1795,6343.23,1,0,1,23144.5,24215.3,
1,2,1,1798,13081.1,25,23,2,28115.6,34124.2,
0,1,0,1802,3406.2,1,0,1,18348.6,1766.79,
0,1,0,1805,5855.66,1,0,1,8576.19,14999.9,
3,4,3,1806,21675.1,24,20,4,13206.1,27056.4,
6,7,6,1807,139354,70,48,22,23898.6,37638.3,
0,1,0,1807,4389.68,1,0,1,33836.6,10567.1,
0,1,0,1807,3234.46,1,0,1,32839.1,6357.73,
8,9,8,1807,622881,230,141,89,10394.7,13737.6,
0,1,0,1817,8226.33,1,0,1,8779.58,23213,
0,1,0,1823,9417.14,1,0,1,13100.7,2385.15,
37,38,37,1823,454475,442,376,66,36214.7,35178.2,
1,2,1,1824,69071.3,1101,1092,9,19683.8,19717.9,
0,1,0,1824,6670.99,1,0,1,12569.6,15941.3,
0,1,0,1825,6102.2,1,0,1,33755.9,15996,
1,2,1,1827,12339.4,3,1,2,36140.3,35173.3,
0,1,0,1827,43306,5,0,5,8798.29,14860,
2,3,2,1828,20271.7,7,4,3,23960.6,37736,
1,2,1,1828,14418.3,983,981,2,8899.22,23470.7,
0,1,0,1830,6706.04,1,0,1,23777.5,37685.5,
1,2,1,1831,13437.8,5,3,2,26640.6,38819.3,
7,8,7,1835,662049,126,26,100,36626,20688.8,
0,1,0,1836,4305.56,1,0,1,15965.2,27954.9,
1,2,1,1839,33025.3,15,12,3,7706.01,20969.5,
2,3,2,1840,14055.6,98,95,3,7235.9,31139.6,
0,1,0,1843,6045.14,1,0,1,7206.29,2647.22,
0,1,0,1846,5940.86,1,0,1,11505.2,16616.5,
0,1,0,1848,3198.71,1,0,1,31347.4,7527.13,
5,6,5,1849,217565,184,152,32,39307.6,16430.9,
0,1,0,1849,6270.96,1,0,1,37639.7,14436.1,
0,1,0,1850,10870.5,1,0,1,38313.3,500.135,
1,2,1,1850,49276.7,9,1,8,39315.1,16471.1,
0,1,0,1851,4806.47,1,0,1,15210.5,6725.95,
0,1,0,1851,3048.86,1,0,1,34263.5,12074.8,
1,2,1,1852,12726.3,885,883,2,1534.58,15611.9,
2,3,2,1852,39374.5,22,17,5,23362.4,9637.14,
0,1,0,1854,7910.77,1,0,1,18379.1,21570.3,
0,1,0,1855,8211.09,1,0,1,27419.5,16850.8,
6,7,6,1860,272480,171,132,39,24132.4,12684.9,
0,1,0,1867,3769.56,1,0,1,36672.4,20826,
1,2,1,1870,12241.5,12,10,2,13001.2,6235.2,
0,1,0,1870,12391.2,1,0,1,12980.4,5921.61,
1,2,1,1871,11335,160,158,2,32620.8,11123.9,
1,2,1,1871,9800.7,351,349,2,34374.4,26585.3,
0,1,0,1873,4048.99,1,0,1,6386.9,36940.7,
23,24,23,1877,567376,880,798,82,25570.4,33333.6,
0,1,0,1879,3344.78,1,0,1,37450.8,3947.38,
0,1,0,1881,10007.7,1,0,1,27774.7,8016.89,
2,3,2,1882,167830,32,9,23,31797.8,21506.3,
11,12,11,1883,646960,715,625,90,2885.23,15709.9,
0,1,0,1886,5155.67,1,0,1,10759.1,38893.6,
0,1,0,1888,3158.19,1,0,1,32343.9,4392.9,
3,4,3,1892,281663,83,44,39,27396.8,21331.1,
1,2,1,1893,7604.05,97,95,2,37106.5,13665.1,
0,1,0,1893,4818.22,1,0,1,16085.4,4644.88,
1,2,1,1901,9192.54,5,3,2,897.659,19000.8,
1,2,1,1903,11473.3,872,870,2,9036.65,23129.1,
0,1,0,1904,5210.03,1,0,1,40172.9,25751.5,
4,5,4,1904,250642,96,58,38,14327.8,10389.1,
6,7,6,1908,146922,98,78,20,29713.9,31009.4,
0,1,0,1910,6844.07,1,0,1,29209.4,4742.15,
0,1,0,1912,91767.4,14,0,14,30936.6,8193.15,
1,2,1,1913,7819.14,72,70,2,36497.4,2414.71,
1,2,1,1914,118659,34,16,18,35733,18112,
6,7,6,1916,65366.2,104,94,10,25292,18721.3,
0,1,0,1918,7893.72,2,0,2,29596.3,30976.7,
7,8,7,1918,531581,158,76,82,24996.7,4065.02,
0,1,0,1919,4695.16,1,0,1,20459.2,7526.57,
0,1,0,1926,8317.82,1,0,1,14609.8,30367.9,
28,29,28,1927,511215,283,202,81,11821.1,12360,
0,1,0,1931,8079.08,1,0,1,4253.63,35305.5,
0,1,0,1937,5174.73,1,0,1,17014.9,13144.8,
1,2,1,1938,16049.9,109,107,2,36210.2,34991.9,
4,5,4,1939,29252.3,111,106,5,32582.5,40122,
0,1,0,1940,8042.7,1,0,1,15431.5,36697.5,
0,1,0,1941,6660.91,1,0,1,38190.6,12293.1,
2,3,2,1943,58978.1,20,10,10,28015.9,20034.3,
9,10,9,1944,155462,69,44,25,30455.4,35833.4,
8,9,8,1946,90993.3,185,170,15,29936,24679.5,
8,9,8,1947,307221,136,87,49,34034.5,27598.8,
4,5,4,1948,352083,124,68,56,1212.37,4887.18,
5,6,5,1948,246456,159,123,36,17555.4,34551,
0,1,0,1949,7502.85,1,0,1,39610.5,3974.66,
0,1,0,1951,5731.23,1,0,1,36766.5,20586.3,
4,5,4,1954,166600,56,31,25,11808.6,32257.4,
0,1,0,1955,3241.17,1,0,1,19070.9,7076.04,
0,1,0,1955,3414.01,1,0,1,11806.9,32406.1,
0,1,0,1955,5613.82,1,0,1,16203.1,11418.6,
0,1,0,1956,5129.83,1,0,1,25486.3,32072.6,
0,1,0,1958,5145.62,1,0,1,7216.29,36606,
15,16,15,1960,308159,297,251,46,3114.47,12807.6,
2,3,2,1961,13173.9,878,875,3,27172.5,4360.74,
0,1,0,1963,4106.18,1,0,1,38117.4,11990.3,
25,26,25,1966,246270,919,884,35,35270.5,3423.36,
0,1,0,1968,4991.05,1,0,1,36882.1,10782.9,
0,1,0,1969,1062.14,1,0,1,6742.22,8838.66,
0,1,0,1971,7398.3,1,0,1,9242.8,29982.9,
4,5,4,1973,302278,177,128,49,26066,10789.8,
0,1,0,1974,8845.3,1,0,1,15740.8,8654.77,
14,15,14,1974,1.0113e+06,339,178,161,21346.4,18224.7,
0,1,0,1975,9059.69,1,0,1,15905.9,8559,
29,30,29,1975,773031,348,228,120,24811.4,36029.2,
5,6,5,1978,351593,122,71,51,38623.9,23653.2,
38,39,38,1978,1.30352e+06,402,211,191,16240.3,39243.5,
0,1,0,1989,13067.2,1,0,1,37037.1,4258.8,
0,1,0,1994,10693.9,2,0,2,16585.4,1211.11,
0,1,0,1995,8566.84,1,0,1,38474.5,10476.4,
0,1,0,1995,7800.64,1,0,1,28513.3,6354.85,
0,1,0,1996,5939.24,1,0,1,13418.3,1329.09,
0,1,0,1997,8090.91,1,0,1,12766.3,5721.07,
14,15,14,1998,525455,241,174,67,30897.3,25680.6,
0,1,0,2000,24147.6,3,0,3,31078.6,9666.62,
10,11,10,2004,575530,458,377,81,18674.5,7587.4,
0,1,0,2004,5257.15,1,0,1,4329.75,14686.4,
15,16,15,2007,883180,318,192,126,1423.79,2937.5,
0,1,0,2008,4930.05,1,0,1,1529.44,1913.22,
11,12,11,2010,390943,890,836,54,4862.09,30183.8,
0,1,0,2010,5308.91,1,0,1,40000,21292.4,
2,3,2,2012,31402.7,57,52,5,11795.5,12926.7,
3,4,3,2014,75719.4,173,159,14,6071.41,31768.2,
4,5,4,2017,286092,148,107,41,7299.76,29487.3,
0,1,0,2019,4674.33,1,0,1,34655,19303.4,
7,8,7,2020,48900.8,103,95,8,34846.8,19165.2,
12,13,12,2022,320335,971,925,46,33975.7,28814.4,
2,3,2,2026,46785.9,17,10,7,24097.5,1828.11,
0,1,0,2027,4230.7,1,0,1,5766.09,10551,
0,1,0,2028,8244.54,1,0,1,26910.1,11785.5,
0,1,0,2029,7234.92,1,0,1,28749,16837.9,
4,5,4,2030,306645,97,51,46,15223.4,23528.6,
0,1,0,2031,14480.4,1,0,1,11927.8,13019.9,
0,1,0,2033,7352.45,1,0,1,13708.7,22122.9,
38,39,38,2038,662649,845,755,90,6934.37,36391.6,
17,18,17,2038,827053,325,209,116,20547.7,2991.15,
0,1,0,2040,9228.54,1,0,1,9421.28,29879.5,
0,1,0,2041,5681.49,1,0,1,23683.8,17496.4,
0,1,0,2041,4939.82,1,0,1,28435.1,13232.3,
0,1,0,2044,7076.09,1,0,1,13781.9,2670.92,
0,1,0,2046,8006.12,1,0,1,34685.3,7527.8,
0,1,0,2046,4937.88,1,0,1,18552.8,6529.47,
6,7,6,2048,232214,106,73,33,37728.3,24869.4,
1,2,1,2051,156920,39,14,25,5386.44,22415.3,
0,1,0,2052,4712.03,1,0,1,32653.7,39949,
0,1,0,2052,6151.61,1,0,1,39472.3,20747.9,
2,3,2,2052,92619.8,45,33,12,35493.7,26481.1,
0,1,0,2053,6959.91,1,0,1,10657.8,12089.1,
4,5,4,2054,25174.8,125,120,5,5347.22,10499.5,
0,1,0,2055,9895.56,1,0,1,13692.4,3011.78,
0,1,0,2057,3693.08,1,0,1,18942.7,24523.2,
6,7,6,2058,453385,205,133,72,2582.24,7457.35,
0,1,0,2058,10690.7,1,0,1,30725.2,8537.77,
0,1,0,2058,4408.93,1,0,1,38879.9,3631.88,
2,3,2,2060,22473.1,96,93,3,27963.6,3268.9,
4,5,4,2062,264174,50,13,37,12361.9,32977.8,
0,1,0,2062,8858.26,1,0,1,9082.11,29938.6,
1,2,1,2062,20677.1,31,27,4,1652.97,30099.4,
3,4,3,2063,249530,78,40,38,1627.28,6809.14,
0,1,0,2064,3558.44,1,0,1,9165.43,28355.3,
0,1,0,2064,9399.86,1,0,1,2282.82,20634,
1,2,1,2065,22609.8,7,4,3,11943.5,18842.6,
8,9,8,2067,370991,264,205,59,14182.3,24938.1,
0,1,0,2068,6753.05,1,0,1,13566.6,10224.6,
0,1,0,2069,4777.14,1,0,1,32756.1,35502.8,
4,5,4,2069,114563,39,21,18,35894.5,24386,
5,6,5,2071,400670,127,65,62,26271.8,23041.5,
0,1,0,2072,7900.77,1,0,1,38863,5673.22,
1,2,1,2073,24940.1,4,1,3,31548.6,37341.1,
10,11,10,2074,413839,220,152,68,26300.1,20259.8,
0,1,0,2074,5849.42,1,0,1,8773.76,4576.53,
0,1,0,2074,10052.4,1,0,1,37574,23832.7,
1,2,1,2075,219140,122,88,34,15031.8,742.66,
0,1,0,2075,5932.13,1,0,1,18190.6,9035.74,
1,2,1,2076,58461.8,11,3,8,37623.2,28102.1,
0,1,0,2077,3158.63,1,0,1,11087.9,13033.8,
0,1,0,2078,24747.6,2,0,2,37553.8,28114.9,
17,18,17,2080,993136,546,379,167,21038.9,14032.6,
0,1,0,2081,8826.45,1,0,1,15276.9,37449.6,
0,1,0,2084,5989.7,1,0,1,39369.9,19165.9,
5,6,5,2084,256438,92,51,41,29710.2,4770.98,
0,1,0,2093,5579.64,1,0,1,17532.6,39029.9,
0,1,0,2095,5463.36,1,0,1,16111.5,39043.9,
0,1,0,2095,10764.6,1,0,1,26557.8,21075.2,
0,1,0,2095,89988.9,14,0,14,15554.3,10284.3,
0,1,0,2097,8579.28,1,0,1,33781.8,28703.3,
0,1,0,2098,5218.44,1,0,1,37382.5,8739.9,
0,1,0,2109,5549.25,1,0,1,24260.1,23176.3,
0,1,0,2109,6892.22,1,0,1,21839,37752.8,
3,4,3,2117,370364,164,104,60,26157.3,29243.9,
3,4,3,2117,25881.2,258,254,4,27409,4491.07,
0,1,0,2118,7937.79,1,0,1,20448,36581.7,
28,29,28,2119,612243,486,396,90,20645.4,15746.9,
2,3,2,2119,17752.1,797,794,3,36565.7,13697.1,
1,2,1,2124,12557.3,12,10,2,36423.3,35084,
7,8,7,2125,469161,235,161,74,29561.3,14196.6,
0,1,0,2129,9716.87,1,0,1,29813.3,24767.8,
0,1,0,2133,8391.45,1,0,1,31404.5,37254.8,
3,4,3,2133,202083,81,48,33,15072.3,24007.5,
7,8,7,2135,419301,184,124,60,19031.9,1098.23,
2,3,2,2139,125187,30,11,19,3836.09,8779.83,
0,1,0,2142,3205.44,1,0,1,20721.3,11264.2,
0,1,0,2145,6845.8,1,0,1,13636.6,14132.7,
20,21,20,2147,479245,791,716,75,13416,9640.19,
0,1,0,2147,4349.82,1,0,1,14791.8,9236.79,
0,1,0,2149,9552.98,1,0,1,35050.6,29822.4,
0,1,0,2150,10908.8,1,0,1,8059.69,32824.3,
0,1,0,2152,5520.26,1,0,1,28486.2,8848.55,
6,7,6,2157,339872,136,84,52,29173.1,4391.09,
0,1,0,2159,5916.32,1,0,1,34163.8,13327.5,
0,1,0,2161,6620.81,1,0,1,32080.1,9663.88,
4,5,4,2162,226393,94,51,43,7395.47,12327,
0,1,0,2163,6281.79,1,0,1,26485.6,20199.4,
0,1,0,2184,5500.52,1,0,1,7031.6,36558.6,
0,1,0,2184,3892.21,1,0,1,39066,1148.31,
1,2,1,2187,20855.8,9,5,4,39983.5,7749.45,
26,27,26,2193,989537,597,451,146,34160.8,20098.2,
0,1,0,2193,12711.7,1,0,1,16456,39332.9,
0,1,0,2196,7604.44,1,0,1,16860.6,1794.79,
11,12,11,2198,696088,281,178,103,37456.7,10707.6,
21,22,21,2199,702695,390,283,107,12299.2,12103.4,
0,1,0,2202,9803.56,1,0,1,11996,12266.9,
46,47,46,2202,1.00033e+06,673,517,156,35060.3,2707.29,
0,1,0,2206,5110.6,1,0,1,18808.6,35881.6,
0,1,0,2208,3130.69,1,0,1,14597.7,4643.39,
5,6,5,2208,376670,98,40,58,19014.2,19802.8,
0,1,0,2210,8568.47,1,0,1,18289.7,7954.56,
0,1,0,2210,4810.17,1,0,1,17405.9,8956.26,
26,27,26,2212,480853,319,244,75,21179.3,26716.2,
0,1,0,2216,5819.1,1,0,1,26900.1,1090.12,
0,1,0,2216,7375.89,1,0,1,32328.3,3890.46,
0,1,0,2217,2929.58,1,0,1,38129,18532.6,
1,2,1,2219,19921.7,4,1,3,28546.1,37752.9,
0,1,0,2221,5043.68,1,0,1,18983.3,26816.3,
2,3,2,2223,65631.3,22,13,9,2425.95,37536.6,
0,1,0,2227,6066.71,1,0,1,38096.5,18791.8,
0,1,0,2228,6281.38,1,0,1,27211.7,4472.4,
1,2,1,2234,30289.8,37,32,5,21077.7,14077.4,
0,1,0,2234,3345.71,1,0,1,26000,31438.3,
0,1,0,2235,5075.15,1,0,1,37568.6,12355,
0,1,0,2236,21004.1,3,0,3,13773.2,3703.66,
0,1,0,2237,3317.25,1,0,1,21873,7544.78,
13,14,13,2237,179174,634,604,30,34890.2,12952.8,
0,1,0,2239,16387.5,1,0,1,22796.5,17371,
19,20,19,2241,722967,330,221,109,9280.43,33239.3,
0,1,0,2246,6849.35,1,0,1,5596.04,13324.5,
6,7,6,2247,147317,380,364,16,34106.7,15251.3,
10,11,10,2248,198803,149,120,29,4034.23,10944.5,
0,1,0,2249,34679,5,0,5,7517.67,2267.82,
0,1,0,2252,5597.77,1,0,1,12503.5,21548.3,
0,1,0,2253,14861.3,1,0,1,3870.33,40069.9,
2,3,2,2253,189284,59,37,22,24790.5,12726.3,
0,1,0,2254,7194.28,1,0,1,26004.7,3199.68,
0,1,0,2254,4503.36,1,0,1,12250.7,8423.16,
1,2,1,2257,14542.6,3,1,2,26570.9,31994.1,
0,1,0,2258,6073.74,1,0,1,37712.3,10586.6,
0,1,0,2261,3795.76,1,0,1,37546,18765.8,
27,28,27,2265,521986,371,288,83,22393.6,11665.1,
0,1,0,2267,9694.79,1,0,1,34025.6,17755.3,
5,6,5,2268,65307.1,266,256,10,22448.1,11684.9,
0,1,0,2275,8698.49,1,0,1,24739.8,35967.1,
0,1,0,2279,14701,1,0,1,25196.1,2381.74,
0,1,0,2282,3245.05,1,0,1,35390.6,18863.8,
7,8,7,2283,76877.8,185,173,12,30196.8,32238.2,
0,1,0,2283,8991.34,1,0,1,25394.2,24615.1,
0,1,0,2285,36694.8,1,0,1,5653.22,13483.5,
37,38,37,2289,648000,627,526,101,27803.6,9807.22,
3,4,3,2291,64070.8,23,12,11,31826.3,25756.8,
1,2,1,2292,13050.6,3,1,2,31800.5,25701.4,
13,14,13,2303,584517,318,231,87,9230.02,5686.67,
0,1,0,2306,7962.87,1,0,1,13788.1,13810.5,
10,11,10,2308,66971.5,680,669,11,3783.37,15068.8,
0,1,0,2312,2233.09,1,0,1,21405.9,11862.3,
14,15,14,2317,543409,348,256,92,8054.78,14538.6,
0,1,0,2317,5004.45,1,0,1,15050.6,4386.67,
0,1,0,2318,9391.68,1,0,1,17585.1,5174.51,
0,1,0,2319,7468.26,1,0,1,8427.92,11300.1,
0,1,0,2319,6074.49,1,0,1,30176,32125.2,
0,1,0,2321,5999.24,1,0,1,21931.4,5429.32,
0,1,0,2321,7477.4,1,0,1,21622.9,6568.89,
0,1,0,2324,3120.78,1,0,1,11675.2,13700.6,
0,1,0,2324,9606.88,1,0,1,23104.7,2070.43,
0,1,0,2326,8163.56,1,0,1,10843.1,25551.7,
0,1,0,2327,8456.8,1,0,1,16328.1,39174,
2,3,2,2330,68270.2,557,543,14,16256.7,3137.56,
3,4,3,2330,38633.5,132,126,6,9650.56,36524,
0,1,0,2330,4755.56,1,0,1,33028,27838.3,
2,3,2,2331,23590.7,50,47,3,29847.7,8363.05,
0,1,0,2337,7742.13,1,0,1,22911.5,23732.6,
1,2,1,2342,15753.5,543,541,2,27745.1,10029.6,
4,5,4,2344,178220,103,77,26,37198.5,15412.3,
0,1,0,2348,2536.2,1,0,1,31500.1,16249.5,
1,2,1,2351,10899.8,485,483,2,6954.6,36267.2,
6,7,6,2353,163468,127,103,24,35675.1,13277.5,
0,1,0,2355,7212.11,1,0,1,5988.91,33415.6,
14,15,14,2358,313867,277,230,47,11199.5,4450.67,
0,1,0,2358,4897.2,1,0,1,2271.45,7633.06,
0,1,0,2360,5988.82,1,0,1,34009.1,20114.7,
0,1,0,2362,2408.34,1,0,1,39457.1,39807.1,
0,1,0,2364,3427.89,1,0,1,6028.49,25785.1,
0,1,0,2368,6202.71,1,0,1,31398.6,10157.4,
0,1,0,2368,3939.47,1,0,1,39662.2,19955.8,
34,35,34,2369,491002,536,469,67,12994.6,30727.8,
1,2,1,2370,75108.3,13,1,12,8185.98,31985.1,
0,1,0,2373,3569.78,1,0,1,32674.6,27662.3,
3,4,3,2374,459226,77,28,49,2683.09,2560.29,
2,3,2,2374,237492,46,11,35,15726.5,12918.6,
3,4,3,2374,109815,23,8,15,24024.1,38038.6,
0,1,0,2375,6007.83,1,0,1,27101.9,10116.5,
1,2,1,2375,33385.2,6,1,5,24077.6,38061.2,
0,1,0,2376,16480.2,1,0,1,11950.5,22397.6,
1,2,1,2384,141727,40,18,22,8057.73,9350.13,
4,5,4,2384,196626,57,45,12,13150.2,23414.3,
7,8,7,2387,84888.9,503,495,8,26935.1,29100.2,
0,1,0,2390,5783.9,1,0,1,30334.2,15850.5,
30,31,30,2391,1.00725e+06,492,340,152,2181.8,20296,
0,1,0,2391,7407.19,1,0,1,26681.4,20901.2,
0,1,0,2392,14755.4,1,0,1,19370.2,9497.41,
14,15,14,2399,729734,351,246,105,23239.9,19074.5,
0,1,0,2400,2366.38,1,0,1,23401.3,19038.1,
0,1,0,2404,9322.78,1,0,1,27035.8,18540.9,
0,1,0,2405,4898.65,1,0,1,38296.1,22116.5,
0,1,0,2407,5933.79,1,0,1,21971.5,14816.7,
0,1,0,2407,4854.41,1,0,1,30331.1,32174.1,
19,20,19,2408,454995,315,250,65,38072.8,30479.7,
0,1,0,2412,9296.31,1,0,1,2543.18,1294.87,
0,1,0,2413,3762.29,1,0,1,39517.6,2219.94,
0,1,0,2413,7677.61,1,0,1,18310.5,9759.28,
0,1,0,2423,7559.16,1,0,1,8367.74,17974.5,
0,1,0,2425,7674.49,1,0,1,37976.7,5453.94,
3,4,3,2431,430465,118,68,50,9799.51,8823.76,
0,1,0,2431,9926.28,1,0,1,22428.2,5934.83,
0,1,0,2431,14443.4,1,0,1,6360.82,7074.69,
0,1,0,2435,8430.08,1,0,1,34284.9,15210.8,
4,5,4,2436,41037.1,49,41,8,7951.22,35135.6,
0,1,0,2442,5478.8,1,0,1,24512.6,9917.08,
0,1,0,2444,8821.75,1,0,1,26029.1,6767.12,
0,1,0,2445,5298.73,1,0,1,23230.6,31706.3,
0,1,0,2445,3830.03,1,0,1,14659.3,15059.5,
0,1,0,2450,3009.75,1,0,1,31376.7,23312.1,
10,11,10,2451,849941,225,95,130,39332.1,19744,
6,7,6,2455,63587.5,173,165,8,8757.14,488.955,
0,1,0,2461,3605.53,1,0,1,7873.23,13576.3,
10,11,10,2461,668595,178,78,100,14712.9,5030.39,
11,12,11,2464,442896,240,179,61,19683.3,2148.99,
0,1,0,2464,6246.96,1,0,1,29630.8,33424.6,
24,25,24,2467,370155,292,234,58,722.864,34603.3,
10,11,10,2468,558765,245,160,85,28660.8,7732.7,
3,4,3,2473,131314,91,70,21,10234.2,26065.6,
0,1,0,2473,5518.29,1,0,1,14876.1,5060.05,
3,4,3,2475,24041.9,443,439,4,36659.1,13794.5,
12,13,12,2476,422669,279,213,66,617.088,5696.77,
31,32,31,2477,350310,338,284,54,39577.5,24123.4,
0,1,0,2483,4610.56,1,0,1,10612.3,9558.24,
0,1,0,2488,10143.3,2,0,2,7974.72,19568.2,
0,1,0,2491,5216.44,1,0,1,23134.3,19149.3,
0,1,0,2492,6608.67,1,0,1,11213.1,7370.9,
0,1,0,2494,4841.3,1,0,1,991.433,8735.05,
0,1,0,2500,4843.97,1,0,1,8069.62,29296.8,
0,1,0,2506,26057.5,3,0,3,23696.3,1813.25,
0,1,0,2508,4026.47,1,0,1,6159.54,29449.3,
0,1,0,2510,6424.61,1,0,1,14194.4,24452.6,
0,1,0,2511,5741.53,1,0,1,6190.73,38418.1,
0,1,0,2512,4412.73,1,0,1,32590.3,14374.3,
0,1,0,2515,9965.66,1,0,1,26933.4,28862.7,
0,1,0,2518,6939.85,1,0,1,12153.2,2360.91,
0,1,0,2521,4545.85,1,0,1,9610.48,8869.29,
0,1,0,2524,6991.1,1,0,1,17284.3,7533.64,
0,1,0,2526,5688.28,1,0,1,40009.2,1675.33,
0,1,0,2528,5148.48,1,0,1,21274.3,26852.4,
2,3,2,2529,14646.8,108,105,3,10975,37488.6,
2,3,2,2533,67610.4,212,201,11,25529.2,33298.4,
0,1,0,2534,2144.82,1,0,1,11246.4,4576.05,
2,3,2,2535,252634,125,84,41,15947.1,8326.3,
0,1,0,2544,9506.15,1,0,1,27979.1,1760.17,
0,1,0,2545,6845.81,1,0,1,13667.7,7485,
4,5,4,2545,333006,125,75,50,30239.6,2860.55,
3,4,3,2550,158034,47,21,26,26072.4,2078.52,
4,5,4,2552,50473.6,394,388,6,33470.2,33401.5,
0,1,0,2554,7318.1,1,0,1,14960.9,9244.9,
0,1,0,2558,7033.88,1,0,1,33860.5,10393.5,
10,11,10,2563,243712,104,70,34,38761.7,26332.3,
0,1,0,2563,3859.49,1,0,1,566.29,2851.96,
0,1,0,2565,51224.6,8,0,8,35903.7,16334.7,
2,3,2,2566,94341.6,24,11,13,3973.56,6078.58,
4,5,4,2568,72221.7,53,43,10,16124.9,4917.02,
1,2,1,2568,25512.4,38,35,3,36195.4,25014.3,
0,1,0,2569,7156.87,1,0,1,16179.8,4867.52,
0,1,0,2570,9565.88,1,0,1,6607.66,3452.1,
0,1,0,2574,6755.5,1,0,1,33640.5,10395.7,
4,5,4,2576,371307,123,70,53,6141.74,3460.15,
0,1,0,2576,7655.66,1,0,1,12097.5,3704.32,
3,4,3,2577,32918.1,58,53,5,37286.3,15660.5,
0,1,0,2581,9857.9,1,0,1,33327.1,33250.2,
10,11,10,2586,625364,271,180,91,30266.2,20677.6,
0,1,0,2588,5708.27,1,0,1,22101.1,37789.4,
0,1,0,2593,9078.11,1,0,1,20650.3,15488.1,
3,4,3,2594,128988,72,50,22,36103.4,17489.6,
4,5,4,2594,267843,101,59,42,2179.9,29670.2,
3,4,3,2597,29672.9,55,50,5,30239,20653.6,
6,7,6,2601,99311.5,147,132,15,15472.1,18159.8,
0,1,0,2602,7344.34,1,0,1,14134.1,27631.5,
4,5,4,2604,139641,85,62,23,23330.7,16877.9,
0,1,0,2608,7307.85,1,0,1,7623.05,4374.89,
0,1,0,2610,13143.1,2,0,2,22825.3,2883.18,
0,1,0,2611,7867.81,1,0,1,2149.51,11835.1,
0,1,0,2613,3892.73,1,0,1,5659.6,25700.5,
0,1,0,2617,6339.15,1,0,1,2248.77,23464.8,
0,1,0,2623,3061.1,1,0,1,3020.59,8919.83,
4,5,4,2627,35002.3,225,219,6,27725.1,34392.3,
0,1,0,2629,8166.51,1,0,1,5491.89,2472.29,
0,1,0,2630,7222.13,1,0,1,17813.5,5966.69,
2,3,2,2631,62976.5,85,77,8,4932.98,30202.9,
19,20,19,2633,406997,365,305,60,19009.8,10732.8,
0,1,0,2634,8507.11,1,0,1,13023.3,20425.7,
0,1,0,2636,6509.16,1,0,1,6427.17,35465.5,
0,1,0,2637,4358.48,1,0,1,588.117,11707,
18,19,18,2638,481593,334,258,76,18369.1,29231.8,
14,15,14,2638,490668,276,215,61,8032.3,6467.1,
0,1,0,2640,7763.55,1,0,1,26243.2,12435.4,
0,1,0,2642,7285.88,1,0,1,35083.9,3421.01,
7,8,7,2648,110340,151,135,16,30504.3,25030,
36,37,36,2650,495518,350,277,73,15436.3,40278.8,
1,2,1,2650,19642.2,7,4,3,26149.2,2278.33,
21,22,21,2651,268055,120,79,41,12987.2,25594.1,
0,1,0,2653,2870.69,1,0,1,13236.5,25501.2,
0,1,0,2653,6333.03,1,0,1,11165,15354.5,
0,1,0,2661,8197.63,1,0,1,23189.6,18940.8,
24,26,25,2665,294363,336,293,43,38029.3,37599.3,
1,2,1,2666,135871,31,8,23,30593.8,15833.6,
0,1,0,2668,19731.1,2,0,2,30058.9,38743.3,
2,3,2,2676,17782.6,32,29,3,15384.6,18190.5,
23,25,24,2679,376657,322,267,55,27304.9,36669.7,
1,2,1,2680,9376.55,6,4,2,15449.6,18327.4,
7,8,7,2682,278851,121,77,44,29880.5,25384.6,
1,2,1,2682,35185.8,183,181,2,27437,4319.73,
0,1,0,2684,4717.81,1,0,1,37587.1,21626.4,
6,7,6,2687,224511,162,123,39,23576,6257.57,
15,16,15,2689,152487,302,277,25,33996.9,17321.2,
8,9,8,2692,74546.2,145,131,14,37951.8,28081.4,
0,1,0,2697,9936.91,1,0,1,37917.7,30425.7,
0,1,0,2697,6271.68,1,0,1,25233.2,23233,
0,1,0,2701,9046.09,1,0,1,15808,7010.22,
0,1,0,2701,6796.55,1,0,1,39666.6,24235.4,
0,1,0,2701,6614.41,1,0,1,9356.19,11388.5,
1,2,1,2702,223726,20,2,18,40158,8331.54,
7,8,7,2703,79210.8,126,113,13,31392.3,1241.1,
1,2,1,2704,16548.8,194,192,2,19511.2,1855.99,
4,5,4,2705,189416,122,93,29,10018,22519.1,
0,1,0,2707,8946.44,1,0,1,5940.33,12871.1,
0,1,0,2713,7278.99,1,0,1,3723.09,14896.9,
3,4,3,2714,22082.5,215,211,4,8445.3,26078.9,
0,1,0,2715,3545.01,1,0,1,31245.1,1252.56,
0,1,0,2716,7604.17,1,0,1,8077.75,28936.8,
0,1,0,2720,89597.5,15,0,15,4391.61,15429.5,
2,3,2,2721,44351.6,63,55,8,37859.8,4930.22,
20,21,20,2723,264566,272,227,45,12981.2,30208.7,
0,1,0,2728,3454.35,1,0,1,30468,25205.7,
0,1,0,2729,6639.05,1,0,1,26807.6,28992.4,
3,4,3,2731,26234.3,50,46,4,2568.67,7851.91,
2,3,2,2731,43173.4,16,9,7,13300.5,19709.5,
0,1,0,2731,12063,2,0,2,38270.3,10058.8,
1,2,1,2735,62390.4,25,12,13,37170.2,8936.58,
0,1,0,2735,4196.46,1,0,1,37459.6,6899.63,
0,1,0,2735,5232.85,1,0,1,29331.1,29501.2,
29,30,29,2737,282580,230,186,44,38089.7,31138.8,
0,1,0,2738,4679.2,1,0,1,26868.7,29339.2,
7,9,8,2741,683835,260,147,113,35890.4,11205.9,
2,3,2,2744,52149.8,38,30,8,39775.3,2207.5,
2,3,2,2744,33246.6,8,3,5,30546.3,20645.1,
8,9,8,2744,238423,200,161,39,11829.2,16277.5,
1,2,1,2747,13598.3,74,72,2,23560.1,6414.57,
2,3,2,2747,102847,34,19,15,26856,8634.99,
0,1,0,2749,5142.84,1,0,1,26729.2,31133.1,
0,1,0,2751,5602.91,1,0,1,15222.4,3293.91,
5,6,5,2753,53659,153,145,8,13014.1,30459.4,
0,1,0,2754,9035.42,1,0,1,17707.8,4870.2,
2,3,2,2756,13368.3,78,75,3,30639.3,32645.4,
0,1,0,2760,7432.83,1,0,1,11001.9,28964.7,
0,1,0,2761,7449.56,1,0,1,39490.1,23974.7,
3,4,3,2762,198509,67,36,31,21882.1,25735.5,
0,1,0,2765,7408.07,1,0,1,37782.6,27970.5,
0,1,0,2766,3418.97,1,0,1,39498,24261.8,
0,1,0,2767,4199.39,1,0,1,31407.7,8576.93,
1,2,1,2768,12168.7,6,4,2,12977.8,30508.7,
9,10,9,2774,449756,166,97,69,10377.1,15140.8,
0,1,0,2776,10070.3,1,0,1,12444.2,31106,
0,1,0,2777,8172.33,1,0,1,35025.8,2560.04,
0,1,0,2777,6421.08,1,0,1,32605.4,23223.4,
8,9,8,2780,353217,138,85,53,4561.63,17295.9,
0,1,0,2782,9171.59,1,0,1,20281.3,29718.8,
0,1,0,2782,7994.35,1,0,1,29483.8,3264.09,
1,2,1,2786,161240,48,22,26,21424,11156.2,
0,1,0,2788,17422.6,2,0,2,19973.1,5530.88,
0,1,0,2789,7690.92,1,0,1,39600.2,3591.21,
1,2,1,2794,338044,55,4,51,9677.75,27692.3,
0,1,0,2794,5486.2,1,0,1,8328.93,26060.4,
1,2,1,2794,168167,33,6,27,14195.2,3602.55,
0,1,0,2795,3487.95,1,0,1,15934.8,30574.2,
7,8,7,2799,356798,168,116,52,8377.08,14098,
4,5,4,2800,306572,156,105,51,12071.2,24686.2,
2,3,2,2802,26116.4,53,49,4,33483.4,39450.5,
0,1,0,2802,3133.09,1,0,1,34212.2,19997.9,
37,39,38,2803,506271,198,123,75,35573.6,19754.2,
0,1,0,2805,6942.93,1,0,1,34916.5,2828.6,
0,1,0,2807,6404.48,1,0,1,4384.48,17337.1,
0,1,0,2809,7003,1,0,1,27287.2,4201.07,
0,1,0,2810,7208.74,1,0,1,20205.3,12452.3,
0,1,0,2811,351382,51,0,51,15735.9,14745.1,
0,1,0,2811,8892.1,1,0,1,20980.5,2817.07,
13,14,13,2812,471289,168,103,65,23304,14620.4,
9,10,9,2812,397206,184,121,63,5291.82,27260.8,
5,6,5,2814,479134,174,100,74,15409.3,19659.3,
2,3,2,2814,21306.6,16,13,3,7652.07,13253.7,
4,6,5,2815,569443,186,93,93,39901.1,6239.98,
0,1,0,2816,7279.15,1,0,1,19029.8,7712.91,
12,13,12,2816,129620,144,122,22,30286.8,20952.6,
0,1,0,2819,28108.9,4,0,4,37100.2,14220.1,
0,1,0,2820,5807.37,1,0,1,17747.5,27068.3,
5,7,6,2822,166060,179,152,27,20743.1,33853.7,
16,17,16,2823,395994,124,65,59,1514.87,40182.7,
8,9,8,2824,287066,155,106,49,30056.7,5542.52,
5,6,5,2825,309620,126,77,49,10112.4,1088.63,
0,1,0,2826,7338.21,1,0,1,37919.8,12422.9,
0,1,0,2829,5805.51,1,0,1,2551.61,10572.8,
0,1,0,2829,20100.9,3,0,3,4798.62,23615,
0,1,0,2830,2543.25,1,0,1,39537.5,18672.6,
5,6,5,2832,285415,142,98,44,23445.8,5510.97,
9,10,9,2833,152128,167,142,25,17277.6,1512.79,
0,1,0,2834,7829.34,1,0,1,37840.7,5781.29,
0,1,0,2835,222156,21,0,21,28318,4443.88,
0,1,0,2835,4947.92,1,0,1,38267.8,31139.5,
0,1,0,2836,4696.96,1,0,1,33752.6,12042.2,
0,1,0,2837,3424.34,1,0,1,21555.3,19543.7,
0,1,0,2837,7811.54,1,0,1,40170.3,31033.1,
3,4,3,2839,313921,109,59,50,18412.1,2739.43,
7,8,7,2839,236956,161,126,35,28008,20906.9,
0,1,0,2840,6119.59,1,0,1,2546.46,30004.3,
4,5,4,2842,311305,128,79,49,24990.1,13175.2,
3,4,3,2844,149169,151,127,24,5350.09,14577,
0,1,0,2848,5948,1,0,1,12014,3898.72,
3,4,3,2848,164079,86,60,26,1778.43,10866.6,
0,1,0,2851,4334.9,1,0,1,32963,21808.8,
4,5,4,2851,91054.7,56,42,14,8751.17,33985.3,
0,1,0,2854,6839.4,1,0,1,9280.14,7347.17,
22,23,22,2859,316643,136,83,53,33484.5,37130.5,
0,1,0,2860,4097.07,1,0,1,1160.69,3736.23,
6,7,6,2860,63513.1,136,128,8,9073.51,7160.58,
8,9,8,2861,303916,123,76,47,40270.5,13199.7,
5,6,5,2863,320164,124,70,54,30297.7,18803.7,
1,2,1,2863,84546.2,37,22,15,16678.1,22145,
0,1,0,2868,2617.1,1,0,1,2231.55,20191.9,
0,1,0,2868,8370.44,1,0,1,36223.3,23503.6,
1,2,1,2873,12472,4,2,2,1488.27,40098.9,
2,3,2,2877,134437,26,2,24,25983.8,28032.9,
0,1,0,2878,4385.18,1,0,1,16476.3,527.033,
1,2,1,2880,93599.5,16,1,15,36016,6190.57,
1,2,1,2885,196260,66,33,33,22846.1,20175.7,
0,1,0,2886,5135.99,1,0,1,23195.9,15441.2,
8,9,8,2886,67248.6,109,99,10,21848,31300.9,
1,2,1,2887,14485.6,48,46,2,21720.3,31348.8,
0,1,0,2888,8325.61,1,0,1,34132.3,17209.4,
0,1,0,2890,3551.05,1,0,1,26066.5,11306.6,
7,9,8,2894,98659.3,107,92,15,3108.52,29494.7,
0,1,0,2897,7756.75,1,0,1,30592,26377.6,
0,1,0,2902,4191.46,1,0,1,8538.03,14165.9,
0,1,0,2903,9362.71,1,0,1,33210.6,40084,
4,5,4,2905,301874,95,51,44,16672.4,26690.7,
0,1,0,2908,6952.87,1,0,1,20691.5,19501.5,
0,1,0,2909,5225.82,1,0,1,606.11,24697.5,
0,1,0,2910,1944.88,1,0,1,8738.23,34121.3,
0,1,0,2910,5029.92,1,0,1,4766.4,36779.9,
0,1,0,2910,7987.87,1,0,1,27644.8,9760.16,
3,5,4,2912,469051,89,20,69,27527.7,29384.4,
8,9,8,2915,101198,85,69,16,17771.4,40133.6,
0,1,0,2923,10437.3,1,0,1,39406.5,23644.2,
0,1,0,2923,13496.5,1,0,1,18630.5,20310.3,
0,1,0,2926,12290.9,2,0,2,10623.2,34664.6,
0,1,0,2927,8474.07,1,0,1,21119.5,25897.3,
4,5,4,2929,250171,64,26,38,14967.1,27852.6,
0,1,0,2929,25370.9,5,0,5,15001,16674.7,
0,1,0,2933,6882.43,1,0,1,37136.6,15642.4,
0,1,0,2934,6622.68,1,0,1,29757.7,32208.1,
0,1,0,2934,4514.51,1,0,1,18961,10052.7,
0,1,0,2937,7245.74,1,0,1,33805.9,17240.8,
0,1,0,2939,13897.1,2,0,2,9633.71,19873.6,
0,1,0,2943,11058.5,1,0,1,2960.14,29532.6,
0,1,0,2944,3085.03,1,0,1,29082.7,15457.4,
0,1,0,2944,5405.47,1,0,1,12942.6,21210.9,
0,1,0,2949,5077.44,1,0,1,15528.7,8203.01,
3,4,3,2950,127933,47,22,25,30998.7,25159.6,
0,1,0,2951,13111.9,1,0,1,14362.2,23666.9,
1,2,1,2956,197741,32,1,31,36740.1,14086.7,
1,2,1,2959,32092.6,6,1,5,38653.6,35298.1,
0,1,0,2961,61381.7,11,0,11,7611.07,27804.7,
0,1,0,2972,3363.99,1,0,1,27380.9,36745.9,
0,1,0,2973,7676.54,1,0,1,9129.74,4349.58,
0,1,0,2973,6939.19,1,0,1,15327.8,5145.45,
0,1,0,2973,4955.11,1,0,1,34002.3,28688.3,
1,2,1,2974,35161.8,26,22,4,36024.4,30108.5,
0,1,0,2975,3731.23,1,0,1,23637.4,4126.06,
0,1,0,2976,4607.91,1,0,1,12530.6,11890.6,
0,1,0,2977,142289,23,0,23,12558.7,16893,
0,1,0,2981,5720.23,1,0,1,2352.33,21246.8,
0,1,0,2984,4932.38,1,0,1,33327.8,37072.5,
0,1,0,2984,4931.47,1,0,1,14233.3,7640.31,
0,1,0,2985,6153.12,1,0,1,33208.3,1652.1,
0,1,0,2986,4018.69,1,0,1,37744.5,23135.6,
1,2,1,2993,32275.4,7,3,4,38018.5,29337.6,
0,1,0,2993,12629.5,1,0,1,32940.5,40015.8,
0,1,0,2997,5373.41,1,0,1,27961.9,32787,
0,1,0,2999,5203.56,1,0,1,31755.1,15216.1,
0,1,0,2999,5613.53,1,0,1,7858.53,29254.7,
