# seq OFF,# seq ON,blinks,frame,intensity,lifetime,total OFF,total ON,x,y,
35,36,35,1,1.5578e+06,219,42,177,19996.8,9650.41,
3,4,3,1,90783.8,100,93,7,26786.5,12434.8,
22,23,22,1,245563,75,44,31,22527.2,6639.37,
0,1,0,1,34781.6,3,0,3,1956.31,4819.29,
3,4,3,1,178258,89,70,19,15225.3,36188.1,
228,229,228,1,4.00884e+07,4000,273,3727,15361.8,713.519,
1,2,1,1,10328.6,3,1,2,792.788,9910.27,
0,1,0,1,4.7745e+07,4000,0,4000,22163.5,31605.1,
0,1,0,1,81961.6,5,0,5,27763.4,6673.89,
2,3,2,1,70195,2317,2309,8,26819.9,10575.1,
10,11,10,1,410768,431,398,33,33253.9,34416.4,
0,1,0,1,4561.96,1,0,1,24583.5,4644.3,
1,2,1,1,62008.8,5,1,4,9595.42,36667.8,
0,1,0,1,7242.28,1,0,1,40011.1,12723.4,
0,1,0,1,31909.3,2,0,2,39295.3,22638.1,
1,2,1,1,29951.3,33,31,2,23044.3,25856.8,
0,1,0,1,18465.6,3,0,3,4634.8,37910.6,
41,42,41,1,529694,3993,3944,49,20189,1786.23,
0,1,0,1,40742.2,3,0,3,36923,31068.2,
4,5,4,1,353712,35,6,29,2784.78,15417.6,
0,1,0,1,4.59899e+07,4000,0,4000,34339.3,16636.7,
1,2,1,1,36891.8,1142,1139,3,13312.5,2730.58,
0,1,0,1,64845.6,7,0,7,13423,7556.42,
0,1,0,1,10394.4,2,0,2,16301.9,13128.9,
2,3,2,1,95786.9,11,4,7,39225.6,13655.5,
2,3,2,1,69218.4,19,11,8,15557.1,11148,
0,1,0,1,23168.1,1,0,1,20436,31904.7,
1,2,1,1,126011,11,1,10,24745.5,3401.21,
1,2,1,1,15614.9,3559,3556,3,35462.6,21533.6,
7,8,7,1,411874,708,671,37,34180.2,18200.2,
0,1,0,1,14329.3,2,0,2,33747.8,23101.7,
0,1,0,1,30451.5,5,0,5,30581.2,735.892,
7,8,7,1,478609,823,780,43,16948.4,14932.6,
1,2,1,2,28802.2,19,16,3,23431.8,17678.3,
665,666,665,2,3.6175e+07,3999,848,3151,33401,2261.55,
2,3,2,2,251858,22,2,20,38330.6,5253.63,
0,1,0,2,7816.77,1,0,1,18759.3,26387.4,
0,1,0,2,2895.56,1,0,1,8856.15,37398.9,
0,1,0,2,4035.88,1,0,1,36266.6,699.692,
0,1,0,2,23220.1,1,0,1,805.104,13225.5,
2,3,2,2,57572.3,7,2,5,36614.6,9206.46,
0,1,0,2,13463.6,2,0,2,37521.7,7385.2,
0,1,0,2,7208.17,1,0,1,14280.7,16529.1,
0,1,0,2,8642.37,1,0,1,28406.6,28518.7,
0,1,0,2,20954.6,1,0,1,10841.7,2277.29,
0,1,0,2,21920.5,1,0,1,35961.8,17875.3,
2,3,2,2,47655.6,354,349,5,15089.4,20185.9,
1,2,1,2,49394.8,61,56,5,16096.6,5902.56,
7,8,7,3,135579,560,548,12,629.131,19500.2,
0,1,0,3,9041.71,1,0,1,2394.61,34844.5,
0,1,0,3,3951.66,1,0,1,22703.4,12869,
0,1,0,3,5304.56,1,0,1,14354.3,16326,
6,7,6,3,449680,187,152,35,19351.5,25321.6,
0,1,0,3,7213.99,1,0,1,26880.4,2345.47,
0,1,0,3,5309.29,1,0,1,2509.27,16088.6,
0,1,0,3,28478.2,2,0,2,5630.99,2167.34,
877,878,877,3,1.6578e+07,3995,2525,1470,25362.8,38381.7,
15,16,15,3,441564,158,116,42,26030.2,9003.07,
2,3,2,4,112282,52,44,8,10240.7,10061.3,
0,1,0,4,34532.6,3,0,3,11665.2,18611.5,
0,1,0,4,15364.7,2,0,2,32524,8605.07,
6,7,6,4,114641,28,16,12,19048.6,38522.4,
0,1,0,4,5706.84,1,0,1,840.486,17080.8,
0,1,0,4,4662.48,1,0,1,13178.1,14950.3,
0,1,0,4,4622.93,1,0,1,37417.5,31236.8,
1,2,1,4,26786.3,79,77,2,36489.4,39210.1,
257,258,257,4,3.25628e+06,3948,3672,276,9770.3,38098.3,
0,1,0,4,7690.41,1,0,1,31006.1,10028.9,
0,1,0,4,25460.9,2,0,2,28037.6,7894.53,
1,2,1,4,17667.2,1258,1256,2,3151.9,10701.5,
0,1,0,4,9571.28,1,0,1,10743.1,13053.1,
2,3,2,5,20951,7,4,3,37818.2,13373.2,
0,1,0,5,23550.6,1,0,1,28552,3877.26,
1,2,1,5,18354,5,3,2,2108.21,5148.33,
0,1,0,5,4774.86,1,0,1,8709.37,15832.2,
0,1,0,5,20047.1,1,0,1,689.954,21463.5,
4,5,4,5,79384.3,419,413,6,36628.6,13529.9,
0,1,0,6,3392.25,1,0,1,24386.8,4420.27,
0,1,0,6,7305.24,1,0,1,34785.4,30733.3,
3,4,3,6,35695.8,12,8,4,7714.06,12966.5,
1,2,1,6,25073.9,3,1,2,2207.18,5019.22,
1,2,1,6,15855.3,16,14,2,2822.96,37464,
0,1,0,7,8059.93,1,0,1,30835.4,33012.4,
0,1,0,7,6930.97,1,0,1,27494.2,23173.9,
0,1,0,7,2672.53,1,0,1,8171.66,8875.56,
0,1,0,7,25377.7,1,0,1,28163,31926,
8,9,8,7,412853,375,338,37,11155,31330.8,
0,1,0,8,9166.27,1,0,1,40038.9,6208.87,
1,2,1,8,24764.4,10,6,4,5763.53,37803.7,
0,1,0,8,20890.2,1,0,1,21415.1,24550.5,
0,1,0,8,5738.83,1,0,1,7778.03,18792.7,
0,1,0,9,36450.2,3,0,3,17309.1,22709.1,
0,1,0,9,5576.88,1,0,1,5191.3,4245.06,
1,2,1,9,13497.3,1884,1882,2,2352.09,8419.97,
0,1,0,9,5157.45,1,0,1,9513.48,2305.73,
0,1,0,10,7814.95,1,0,1,13878.8,4070.03,
0,1,0,10,22260,1,0,1,7146.84,14389,
0,1,0,10,36245.3,2,0,2,7646.66,33915.1,
0,1,0,10,57276.4,5,0,5,9819.87,2429.34,
0,1,0,11,15138.8,1,0,1,11316.5,10040.7,
0,1,0,11,4836.45,1,0,1,6648.74,27582.8,
0,1,0,11,21719.3,1,0,1,33774.4,1696.07,
0,1,0,11,88763,9,0,9,28446.2,21820.9,
0,1,0,11,259628,23,0,23,19697.5,22857.8,
2,3,2,11,40767.9,11,8,3,20968.8,36754.6,
0,1,0,11,6521.47,1,0,1,1592.96,22352.8,
1,2,1,12,100300,13,5,8,9009.94,27116.9,
0,1,0,12,5645.49,1,0,1,13771.3,5073.86,
0,1,0,12,6473.54,1,0,1,8282.17,30454.6,
0,1,0,13,20220.4,1,0,1,13423,6184.74,
2,3,2,13,78382,78,72,6,19412.9,25325.4,
4,5,4,13,114268,29,19,10,36627.5,24941.6,
0,1,0,13,5532.61,1,0,1,21541.9,9414.87,
0,1,0,14,22616,1,0,1,9759.04,36720.6,
0,1,0,14,40641.7,5,0,5,12824.2,5498.65,
2,3,2,14,31013.7,228,225,3,2060.5,39358.7,
0,1,0,15,3620.37,1,0,1,2442.74,25158.7,
0,1,0,15,27190.4,1,0,1,35469.3,2560.42,
0,1,0,15,5039,1,0,1,25971.4,8362.61,
0,1,0,16,5152.49,1,0,1,39265.4,11673.2,
0,1,0,16,16900.7,1,0,1,33151.8,36648.8,
0,1,0,17,21254.4,1,0,1,6372.36,31113.9,
28,29,28,17,1.87056e+06,1973,1820,153,29732.6,29973.7,
0,1,0,17,4921.93,1,0,1,16291.7,26417.2,
0,1,0,18,33453.8,2,0,2,13312.8,20915.3,
0,1,0,18,6657.4,1,0,1,33675.4,9429.31,
0,1,0,19,21172.2,1,0,1,12207.2,7848.74,
0,1,0,19,12646.7,1,0,1,29102.5,1746.21,
0,1,0,19,4293.05,1,0,1,11983.7,6292.81,
26,27,26,19,1.32514e+06,795,687,108,25746,20896.6,
16,17,16,19,228579,1776,1757,19,26088.1,17647.8,
23,24,23,20,673034,653,592,61,11766.4,20149,
0,1,0,20,21139.4,1,0,1,9233.9,5432.18,
1,2,1,20,26589.2,6,4,2,36622.4,21590.7,
0,1,0,20,3112.03,1,0,1,12524.3,8313.13,
4,5,4,20,61688.3,139,134,5,24129.7,25787,
0,1,0,21,22186,1,0,1,7330.56,18631.9,
5,6,5,21,49588.8,2921,2915,6,25377.8,38514.8,
4,5,4,21,109618,16,8,8,34397.9,14734.4,
0,1,0,21,22587.1,1,0,1,12451.6,8672.81,
0,1,0,22,6555.75,1,0,1,32379.7,21064.5,
0,1,0,22,6249.67,1,0,1,13431.3,9949.55,
0,1,0,23,4539.16,1,0,1,15295.9,12739.1,
2,3,2,25,62795.3,491,486,5,16670.2,8590.13,
20,21,20,25,659463,1432,1373,59,25964.2,10986.2,
1,2,1,25,28310.9,15,13,2,5085.86,17395.3,
0,1,0,25,14329.6,2,0,2,15076.5,5003.98,
1,2,1,25,69072.6,6,1,5,20402.5,3755.12,
0,1,0,25,4170,1,0,1,29041.6,33464.8,
0,1,0,26,5107.69,1,0,1,4824.3,31648.2,
0,1,0,27,6766.42,1,0,1,20809.7,4796.95,
3,4,3,27,58633,2549,2545,4,10757,31263.5,
0,1,0,27,12123.6,1,0,1,11347.4,14992.7,
0,1,0,28,5004.57,1,0,1,5927.43,16108.3,
1,2,1,28,7656.54,31,29,2,28626,22563.5,
0,1,0,28,6607.59,1,0,1,26928.5,18688.3,
1,2,1,29,43201.7,12,7,5,23754.9,29259.1,
0,1,0,29,24214,1,0,1,15470.9,36623.1,
1,2,1,30,28260.9,137,135,2,20596.1,10196.2,
0,1,0,30,8218.84,1,0,1,1892.87,15348.5,
1,2,1,30,12576.5,45,43,2,2447.64,18469,
0,1,0,30,10317.8,1,0,1,27962.9,16026.3,
2,3,2,31,32279.1,17,13,4,34456.8,19845.1,
0,1,0,31,39858.4,4,0,4,9625.05,1002.99,
0,1,0,31,13681.9,2,0,2,2157.85,5714.66,
0,1,0,31,4348.14,1,0,1,3904.67,6630,
0,1,0,32,23401.3,1,0,1,3519.11,9242.62,
0,1,0,32,6433.44,1,0,1,27482.3,10007.3,
12,13,12,33,160457,363,350,13,26491.8,18880.6,
12,13,12,33,177768,220,203,17,31514.1,7276.09,
1,2,1,34,10724.2,14,12,2,4838.2,13336,
0,1,0,34,8569.34,1,0,1,22665.9,19022.9,
0,1,0,34,12376.4,1,0,1,23523.7,18837.3,
8,9,8,35,381663,623,588,35,24573.5,28665.1,
0,1,0,36,3029.76,1,0,1,37682.6,29273.8,
34,35,34,37,1.10329e+06,437,344,93,21285.6,14511.2,
1,2,1,38,27245.8,43,41,2,36334.3,39172,
6,7,6,38,427765,729,691,38,18009.8,25329.1,
0,1,0,41,23765.7,1,0,1,27157,11970.9,
3,4,3,41,285790,362,336,26,13178.2,1184.63,
0,1,0,41,4406.59,1,0,1,33856.3,15037.4,
0,1,0,41,25594.2,1,0,1,13350.5,20358.8,
1,2,1,42,60799.6,14,8,6,29095.9,20968.1,
0,1,0,42,23256.5,1,0,1,6198.44,25039.5,
0,1,0,43,12204.9,1,0,1,14457.9,22246.1,
0,1,0,45,8083.2,1,0,1,13958.8,26862.6,
0,1,0,46,10119.4,1,0,1,14164.8,26993.8,
0,1,0,46,24044.2,1,0,1,11160.7,26405.8,
0,1,0,47,20976.6,1,0,1,659.48,27529.7,
0,1,0,47,8883.03,1,0,1,39499.7,8083.24,
0,1,0,48,12123,1,0,1,15538.8,19520.4,
1,2,1,49,23297.1,7,4,3,11401.6,14592.5,
0,1,0,49,26826.8,1,0,1,38789.4,6414.25,
0,1,0,49,7547.35,1,0,1,21004.8,16895.6,
0,1,0,49,13541,1,0,1,8954.67,26891.1,
0,1,0,50,10912.3,1,0,1,9220.98,27021.1,
0,1,0,50,5909.36,1,0,1,37207,3303.76,
4,5,4,50,735456,433,375,58,7707.64,22528.3,
0,1,0,50,6430.59,1,0,1,8012.52,1424.43,
1,2,1,50,60063.3,8,3,5,18465.8,34533.9,
1,2,1,51,28649,7,5,2,14642.4,18105.1,
0,1,0,51,9341.81,1,0,1,39003.2,2152.48,
1,2,1,53,42850.8,4,1,3,39191.1,14905,
14,15,14,54,1.39692e+06,1530,1408,122,844.427,14258,
0,1,0,56,21372.4,2,0,2,8951.29,14019.1,
0,1,0,57,14486.9,2,0,2,17258,23445.1,
0,1,0,61,12151.7,1,0,1,8855.18,18538,
0,1,0,62,23258.9,1,0,1,27784.5,1127.58,
1,2,1,62,19783.8,17,15,2,12419,24946,
1,2,1,63,12677.5,4,2,2,15575.2,39050.4,
2,3,2,65,37346.7,41,38,3,1103.52,26025,
1,2,1,68,37227.2,5,2,3,39904.2,16773,
49,50,49,68,1.77196e+06,2688,2523,165,16342.9,14771,
13,14,13,69,1.08887e+06,605,506,99,30358.7,7899.48,
0,1,0,70,5929.09,1,0,1,1459.68,35862.4,
0,1,0,71,10830.6,1,0,1,22424.2,6573.09,
1,2,1,72,15144,55,53,2,4607.85,2917.02,
16,17,16,73,227869,1902,1879,23,884.513,26157.2,
0,1,0,74,22657.5,1,0,1,22323.3,2218.97,
0,1,0,75,11411,1,0,1,21726.7,29198.7,
51,52,51,76,2.23027e+06,3869,3662,207,19609.9,25828.1,
0,1,0,77,15261.7,1,0,1,26664.3,26659.6,
0,1,0,79,25031.6,2,0,2,16123,25580.5,
0,1,0,79,4727.49,1,0,1,28026.8,6486.18,
0,1,0,80,17789.4,3,0,3,21895.5,16111.5,
1,2,1,81,12248.4,1823,1821,2,21309.3,6618.84,
0,1,0,81,12149.2,2,0,2,13456.8,13439.4,
1,2,1,82,65825.2,10,6,4,24875.2,30362.1,
1,2,1,84,12571,4,2,2,19390.9,31072.4,
1,2,1,85,32470.2,590,588,2,4792.35,14288,
3,4,3,85,117505,16,7,9,17805.8,28581.6,
0,1,0,85,4782.97,1,0,1,8131.38,23530,
0,1,0,91,24941.1,1,0,1,9261.11,22772.9,
0,1,0,91,11504,1,0,1,11254,26718.1,
0,1,0,92,2575.34,1,0,1,13181.8,39552.9,
0,1,0,93,23354.5,1,0,1,12715.9,19792.2,
0,1,0,94,5163.03,1,0,1,14564.8,21871.8,
2,3,2,97,79356.5,155,149,6,16009.7,4116.46,
0,1,0,99,25164.8,1,0,1,21995.5,4812.14,
1,2,1,99,33193.2,9,7,2,4723.32,3021.04,
5,6,5,101,430785,287,250,37,25026.8,17903.3,
0,1,0,102,9876.43,2,0,2,16636.8,33026.3,
0,1,0,102,10385.4,1,0,1,4814.5,31018.7,
19,20,19,105,346924,775,747,28,25517.4,26129.4,
37,38,37,105,1.60126e+06,194,53,141,4734.53,5265.17,
0,1,0,106,22256.7,1,0,1,18236,21755.8,
0,1,0,108,26071.2,2,0,2,33787.6,7861.11,
0,1,0,109,6284.38,1,0,1,26560,18605.4,
18,19,18,114,531314,788,747,41,18780.9,8891.92,
1,2,1,114,9581.97,20,18,2,13764.2,26031,
0,1,0,117,23245,1,0,1,17097.4,589.093,
0,1,0,118,24436.3,2,0,2,22924.2,27442.4,
0,1,0,121,21707,1,0,1,36164.3,21860.8,
7,8,7,121,551024,1171,1127,44,14878.4,5801.94,
0,1,0,122,21790.9,1,0,1,24179.2,22098,
1,2,1,126,40550.4,281,276,5,30805.8,12281.8,
0,1,0,127,7237.31,1,0,1,19685,17457.4,
5,6,5,128,454339,66,27,39,28660.9,34063.1,
0,1,0,129,5441.62,1,0,1,32034.5,29220.6,
0,1,0,129,21059.2,1,0,1,3275.91,30038.3,
0,1,0,129,40049.4,3,0,3,19159.6,19779,
0,1,0,131,19614.2,1,0,1,14487,18045.8,
0,1,0,137,5297.65,1,0,1,25803.4,17608.5,
0,1,0,138,4620.28,1,0,1,16485.8,25801.6,
0,1,0,139,24850.2,1,0,1,28696.1,26820.1,
0,1,0,141,34788.4,2,0,2,6960.75,20787,
4,5,4,142,79631,99,94,5,7511.73,17771.5,
0,1,0,142,8862.86,1,0,1,8629.49,822.031,
0,1,0,142,7695.67,1,0,1,6897.85,2790.07,
0,1,0,144,22022.1,1,0,1,37439.7,35045.4,
3,4,3,145,38951.5,3391,3387,4,33367.3,2153.28,
2,3,2,146,30677.8,307,304,3,38534.4,30774.2,
0,1,0,146,6996.22,1,0,1,30401.3,2080.39,
2,3,2,149,46976.8,938,934,4,29828,7216.89,
0,1,0,149,19703.2,1,0,1,21291.3,19598.2,
0,1,0,151,17294.5,1,0,1,2893,25813.4,
1,2,1,152,36638.6,7,4,3,40286.7,25529.8,
0,1,0,159,43532.3,3,0,3,8443.07,8848.02,
0,1,0,163,56013.4,6,0,6,37407.8,25510.6,
1,2,1,164,479069,82,45,37,16594.4,15401.7,
2,3,2,164,48610.6,371,368,3,2215.84,11380,
0,1,0,165,33221.3,4,0,4,31987.8,3460.39,
2,3,2,166,92878.6,173,164,9,37155,10418.7,
0,1,0,168,36646.5,2,0,2,2364.58,4656.5,
0,1,0,173,25110.7,2,0,2,38034.2,12790.2,
2,3,2,176,17735.4,3714,3711,3,15343.7,860.735,
0,1,0,177,21692.9,1,0,1,36162.6,16925.2,
0,1,0,179,28891.1,2,0,2,30471.7,6318.39,
21,22,21,180,1.21724e+06,3328,3222,106,33396.1,15947.1,
5,6,5,183,82437.1,3689,3683,6,25364.6,38286.7,
0,1,0,183,12108.2,1,0,1,15194,17660.6,
8,9,8,185,577757,420,369,51,21616.6,5855.05,
0,1,0,187,25093.9,1,0,1,6704.75,20251.3,
2,3,2,188,86743.8,13,4,9,38003.9,32990.3,
36,37,36,189,2.25919e+06,3700,3487,213,2780.97,33641.6,
23,24,23,194,842736,159,78,81,37336.6,817.275,
0,1,0,195,22300.6,1,0,1,8639.4,10917,
0,1,0,195,10059.3,1,0,1,7646,17770.9,
0,1,0,196,17023.4,2,0,2,6420.92,10158.2,
14,15,14,197,719543,154,84,70,31556.1,13283.3,
0,1,0,197,22208.6,1,0,1,27910.1,13134.6,
0,1,0,199,15368.7,2,0,2,10057.1,12866.2,
0,1,0,200,50204.6,3,0,3,16352.1,15311.9,
1,2,1,202,27107.4,3,1,2,28715.7,4649.15,
1,2,1,216,25253.4,5,2,3,12517.8,36863.5,
0,1,0,218,12969.9,2,0,2,11744.2,4167.31,
0,1,0,220,2506.02,1,0,1,29872.6,16542.2,
0,1,0,220,4773.4,1,0,1,24355.5,9823.57,
0,1,0,221,9390.47,1,0,1,33629.5,30920,
0,1,0,222,7290.57,1,0,1,30987.3,20150.6,
0,1,0,223,19483.4,1,0,1,39000.9,17936.8,
0,1,0,223,7517.77,1,0,1,32514.8,21433.3,
1,2,1,225,41049.6,3220,3216,4,30354.7,19484.7,
0,1,0,226,10693.8,2,0,2,37583.3,22060.9,
0,1,0,226,6845.35,1,0,1,30781.3,26892.9,
0,1,0,227,4900.79,1,0,1,37942.7,23100.8,
0,1,0,228,5949.65,1,0,1,37911,23308.8,
47,48,47,229,1.04953e+06,844,741,103,1274.51,23763.7,
0,1,0,232,5711.56,1,0,1,29987.4,26238.8,
1,2,1,233,18411.5,3,1,2,18412.8,24354.2,
2,3,2,235,33674.9,2550,2547,3,9775.46,37968.2,
2,3,2,236,65404.9,9,4,5,31068.8,28358.6,
6,7,6,236,107503,20,9,11,13608,18887.7,
11,12,11,242,521204,1361,1314,47,4596.68,3269.55,
0,1,0,242,6051.3,1,0,1,11253.9,15614,
0,1,0,243,4682.7,1,0,1,9952.95,16329.1,
0,1,0,248,5441.43,1,0,1,32918.5,16709.6,
0,1,0,249,27778.5,1,0,1,37665.8,20547,
0,1,0,254,37635.8,2,0,2,10022.8,5373.44,
0,1,0,254,38197.5,4,0,4,15193.9,16215.2,
0,1,0,258,25008.6,1,0,1,14847.8,10597.5,
0,1,0,260,8675.15,1,0,1,20485.8,11290.5,
1,2,1,262,26546.6,407,404,3,9693.76,38844.5,
0,1,0,262,18713.5,1,0,1,4603.55,5377.59,
1,2,1,263,23664.7,5,3,2,33887.7,5445.63,
3,4,3,269,113371,14,4,10,37611.7,20820,
0,1,0,277,10541.5,1,0,1,7358.06,9127.66,
0,1,0,277,5761.24,1,0,1,8228.13,27537.6,
1,2,1,279,32408.6,8,5,3,12145.3,30260,
1,2,1,284,25161,173,169,4,9171.54,18731.8,
0,1,0,285,8926.05,1,0,1,40093.4,32620.4,
0,1,0,285,12438.7,2,0,2,594.125,39295.8,
0,1,0,287,22473,1,0,1,14105.9,14887.9,
0,1,0,288,22914.7,1,0,1,36106.6,15559.9,
0,1,0,298,3930.07,1,0,1,2246.91,16563.2,
0,1,0,301,5416.72,1,0,1,25517.2,38264.5,
0,1,0,303,11745.7,1,0,1,36954.7,20015.2,
32,33,32,305,470670,424,376,48,9024.84,26570.1,
1,2,1,311,17859.2,112,110,2,6878.35,10190.3,
9,10,9,312,645830,1960,1906,54,24055.9,34001.5,
4,5,4,313,186178,63,46,17,16322.1,9118.07,
0,1,0,314,23966.5,1,0,1,31233.2,36142.3,
0,1,0,319,21285.6,1,0,1,21109.7,14636,
1,2,1,327,22972.3,3042,3040,2,10843.2,645.375,
2,3,2,333,41279.4,12,6,6,16882.3,18368.5,
8,9,8,336,959898,362,280,82,28525.9,8419.15,
0,1,0,336,27404,2,0,2,36977.6,19101.1,
0,1,0,343,4869.35,1,0,1,26197.4,10896.1,
2,3,2,347,60769.8,161,157,4,18978.3,17604.8,
2,3,2,347,12259.9,2612,2609,3,25256.6,38419.6,
0,1,0,351,3700.96,1,0,1,33784.2,1403.12,
0,1,0,361,4309.75,1,0,1,36728.6,1337.82,
0,1,0,370,26250.8,2,0,2,12137.2,9250.19,
0,1,0,375,36969.6,2,0,2,38900,22663.1,
0,1,0,375,19650.1,1,0,1,35887.7,6050.41,
0,1,0,376,24122.4,1,0,1,36865.7,5709.27,
0,1,0,378,6680.27,1,0,1,39152.8,7843.16,
0,1,0,379,8713.33,2,0,2,39396.8,8829.86,
1,2,1,380,30332.3,1522,1520,2,12143.6,8203.75,
0,1,0,382,5286.1,1,0,1,18166.1,6513.85,
0,1,0,384,5213.69,1,0,1,10224.9,34527.6,
0,1,0,387,8719.98,1,0,1,10074.4,27575.8,
0,1,0,389,17642.6,1,0,1,20505.1,24359.4,
0,1,0,391,6964.67,1,0,1,23551.1,20054.4,
0,1,0,392,24717.7,1,0,1,20387.5,5057.71,
0,1,0,392,30849.8,2,0,2,2562.61,22656.2,
0,1,0,393,4653.81,1,0,1,24160.3,16470.2,
1,2,1,394,12670.3,2942,2940,2,23914,19910.9,
0,1,0,395,6932.53,1,0,1,18657.4,18119.2,
1,2,1,396,212762,54,34,20,29594.7,11299.1,
0,1,0,399,6310.67,1,0,1,20900.6,19285.7,
0,1,0,401,10435.6,1,0,1,29725.6,18030.7,
0,1,0,404,2554.49,1,0,1,26454.4,14400.9,
0,1,0,405,11059,1,0,1,21440,5854.93,
51,52,51,407,1.39502e+06,1625,1509,116,6949.45,34987.2,
0,1,0,408,4764.38,1,0,1,37769.8,12537.9,
2,3,2,408,201530,305,287,18,16828.1,21763.6,
0,1,0,409,10182.8,2,0,2,39371.5,3539.01,
0,1,0,410,6523.83,1,0,1,37877.1,10163,
0,1,0,411,26128.8,1,0,1,37931.7,8860.35,
0,1,0,417,5740.42,1,0,1,11788,16148,
0,1,0,419,67824.4,6,0,6,31371.4,21135.3,
19,20,19,420,1.82107e+06,1436,1282,154,38267.9,8677.74,
2,3,2,431,221022,184,166,18,9429.53,19109.1,
1,2,1,436,19267.2,1394,1392,2,7839.15,30581.1,
1,2,1,439,39686.3,7,4,3,21433.2,34439.5,
0,1,0,449,24155.1,1,0,1,7471.87,4422.7,
0,1,0,450,24000,3,0,3,8511.06,5097.26,
0,1,0,451,4644.76,1,0,1,38195.9,9758.36,
0,1,0,453,21247.7,1,0,1,8077.62,3405.51,
0,1,0,454,23410.9,1,0,1,10522.5,4548.81,
0,1,0,454,4112.38,1,0,1,9205.99,5251.12,
0,1,0,456,3348.78,1,0,1,14427.1,4612.57,
0,1,0,457,9690.45,1,0,1,14117.3,4578.36,
0,1,0,457,25925.8,1,0,1,15549,1678.73,
0,1,0,459,5854.14,1,0,1,12963.9,33014.3,
1,2,1,460,47663.7,7,4,3,34814.4,14338.8,
3,4,3,465,328208,76,52,24,12682.7,15615.9,
2,3,2,469,52670,30,26,4,12808.6,24511.3,
0,1,0,481,5685.14,1,0,1,34278,6537.95,
2,3,2,493,63724.9,45,41,4,16505.9,1465.03,
1,2,1,494,15965,2445,2443,2,18868.1,8200.71,
0,1,0,498,12115.9,1,0,1,39852.9,20884.3,
0,1,0,498,14045.1,2,0,2,38992,22241.9,
0,1,0,499,7373.57,1,0,1,30400.9,14737.3,
0,1,0,500,23607.3,1,0,1,28309.2,18982.5,
4,5,4,500,178385,363,345,18,20890.6,28128.2,
0,1,0,504,9062.64,1,0,1,1678.03,2124.37,
0,1,0,504,18261.3,1,0,1,20215,12558.3,
0,1,0,505,11995.6,2,0,2,21530.7,12858,
0,1,0,507,14086.4,1,0,1,22281,14114.7,
0,1,0,508,21036.8,1,0,1,22103.5,13049.5,
0,1,0,510,9197.58,1,0,1,15267.5,5135.32,
0,1,0,511,25866.1,1,0,1,21129,5035.98,
0,1,0,511,6196.7,1,0,1,1448.03,23696.6,
0,1,0,512,9040.78,1,0,1,16169.9,11097.1,
0,1,0,513,3547.81,1,0,1,32664.7,19955.2,
0,1,0,513,5177.05,1,0,1,16331.3,6511.16,
0,1,0,514,5695.23,1,0,1,16719.9,10759.6,
0,1,0,516,5796.82,1,0,1,38533.7,6345.37,
0,1,0,524,7824.31,1,0,1,2715.07,2387.64,
0,1,0,525,24441.3,1,0,1,3709.8,1945.5,
0,1,0,525,20336.1,1,0,1,31803.8,3557.38,
0,1,0,531,3305.99,1,0,1,16757.9,19753.9,
1,2,1,533,19919.3,793,791,2,6183.67,2794.85,
0,1,0,533,31313.9,2,0,2,25981.4,35601.6,
0,1,0,534,2553.62,1,0,1,6197.64,2382.71,
4,5,4,537,109372,1169,1159,10,39545.7,18493.4,
0,1,0,538,7940.58,1,0,1,6688,8182.56,
0,1,0,541,24149.4,1,0,1,32767.2,23730,
6,7,6,544,387774,437,405,32,38784.3,19248.1,
2,3,2,545,86142.3,16,11,5,24625.2,13788.3,
0,1,0,545,6536.51,1,0,1,22449.9,10490.7,
0,1,0,545,6677.54,1,0,1,930.336,24347.2,
0,1,0,552,32374,2,0,2,28359.5,16923.6,
0,1,0,557,10094.8,2,0,2,35085.8,25940.3,
0,1,0,562,5562.39,1,0,1,4102.37,2319.72,
0,1,0,565,4463.01,1,0,1,1662.97,878.045,
1,2,1,566,54045.2,12,9,3,4717.38,16423.5,
6,7,6,566,144738,39,25,14,17668.2,35924.6,
0,1,0,566,21009.5,1,0,1,1948.6,2212.04,
0,1,0,573,57398,4,0,4,13887.7,13821.9,
0,1,0,574,4460.25,1,0,1,37775.9,30265.7,
0,1,0,576,14849.6,2,0,2,12788.5,23682.2,
0,1,0,578,10095.7,1,0,1,17813.7,13671.5,
0,1,0,578,9420.85,1,0,1,34555.2,6942.35,
0,1,0,579,4522.69,1,0,1,16889,14751.1,
0,1,0,581,21625.5,1,0,1,5752.56,7761.85,
0,1,0,581,20266.1,1,0,1,19262.6,13455.7,
14,15,14,584,363747,3414,3383,31,2160.42,1844.44,
0,1,0,591,13326.8,1,0,1,10593.7,9787.46,
0,1,0,593,4685.44,1,0,1,6485.63,25036.4,
1,2,1,601,29802.4,5,3,2,31309.2,39685.5,
0,1,0,603,13993.4,1,0,1,34888,5207.2,
0,1,0,604,5834.37,1,0,1,7261.88,21815.3,
0,1,0,604,10412.5,1,0,1,35153.1,2478.9,
2,3,2,605,55031.7,691,687,4,35085.1,2682.41,
0,1,0,607,3754.86,1,0,1,12731.4,22819.8,
3,4,3,608,107242,743,734,9,20290.5,14599.9,
17,18,17,609,272749,2486,2460,26,28785.3,537.358,
0,1,0,611,3706.51,1,0,1,37398.6,4107.93,
0,1,0,613,10084.1,1,0,1,19319.9,22548.8,
0,1,0,615,12341.5,1,0,1,28682,15281.1,
0,1,0,615,4258.76,1,0,1,33971.4,4341.01,
0,1,0,616,20142.2,1,0,1,4008.44,990.047,
0,1,0,621,4211.04,1,0,1,31572.2,12316.8,
0,1,0,623,32463.9,2,0,2,20986.6,39968.1,
0,1,0,624,6974.03,1,0,1,20092.5,1961.92,
16,17,16,626,249680,339,319,20,27820.8,14479.2,
0,1,0,627,5783.12,1,0,1,863.109,20494.4,
0,1,0,644,5320.73,1,0,1,23724.2,27680,
0,1,0,653,204963,18,0,18,20507.7,9254.33,
0,1,0,659,6737.94,1,0,1,38600,15296.3,
0,1,0,673,10167,1,0,1,6474.67,14293.1,
9,10,9,673,1.10726e+06,801,710,91,36611.4,16121.6,
0,1,0,674,25384.1,1,0,1,5639.5,13426.8,
0,1,0,677,7234.53,1,0,1,10122,18712.2,
1,2,1,678,81311.6,10,2,8,10389.8,9720.84,
5,6,5,680,114147,1795,1788,7,21261.8,13507,
0,1,0,680,4097.34,1,0,1,26999.7,8908.89,
1,2,1,682,42364.1,152,150,2,22298.8,3169.15,
0,1,0,683,12101.8,1,0,1,23301.8,1704.05,
0,1,0,684,21753.9,1,0,1,22733.1,2223.78,
0,1,0,684,11213.8,1,0,1,6697.54,3353.2,
5,6,5,684,449638,190,156,34,33155.1,8899,
0,1,0,685,27438,1,0,1,4646.6,3708.87,
0,1,0,687,22615.3,1,0,1,5986,1903.49,
0,1,0,687,6730.8,1,0,1,16304.5,20704.4,
1,2,1,689,54578.2,32,29,3,28808.9,3634.41,
0,1,0,693,7453.72,1,0,1,24815.6,4799.01,
0,1,0,697,24782.9,1,0,1,24320.4,3502.07,
5,6,5,710,141661,428,416,12,38576.2,21051.5,
21,22,21,711,1.92328e+06,1938,1779,159,27571.6,10424.5,
1,2,1,713,27304.4,238,236,2,18051.4,11788.7,
0,1,0,724,5239.27,1,0,1,30577.7,20237.6,
1,2,1,729,27534.3,8,6,2,10430.7,2710.45,
3,4,3,733,100008,13,3,10,23247.1,28740.3,
4,5,4,735,67749.4,723,715,8,9992.31,4713.16,
0,1,0,737,5431.99,1,0,1,4657.06,21417.9,
0,1,0,737,26034.3,1,0,1,15081.1,2502.66,
0,1,0,739,5173.66,1,0,1,19023.1,33852,
0,1,0,740,7523.51,1,0,1,15011.3,8464.34,
0,1,0,741,19371.3,2,0,2,25499.7,14815.7,
0,1,0,744,6516.11,1,0,1,12027.1,14740.6,
0,1,0,751,26384,1,0,1,19974.8,38513,
0,1,0,752,34081.2,2,0,2,20520.6,38805,
2,3,2,754,23966.6,26,23,3,28507.5,19744.6,
28,29,28,756,1.03768e+06,833,739,94,36164.1,13691,
1,2,1,759,138715,88,75,13,23326.1,12594,
0,1,0,763,8555.21,1,0,1,18456.1,40305.2,
0,1,0,763,6475.65,1,0,1,38686.4,7168.28,
0,1,0,775,23945.5,1,0,1,31526.4,15626.7,
0,1,0,777,6961.5,1,0,1,20488.7,2396.82,
0,1,0,780,4042.91,1,0,1,20245.5,17048.7,
6,7,6,782,457561,3003,2961,42,38912.1,15887.5,
1,2,1,789,25373,4,1,3,13625.7,9219.8,
0,1,0,796,24936.9,1,0,1,9059.79,14352.9,
3,4,3,801,125936,107,96,11,34912.6,11304.8,
0,1,0,808,7287.27,1,0,1,10100.4,11099.8,
2,3,2,809,55365.8,259,255,4,31810.7,21371,
1,2,1,811,43461.8,1639,1635,4,27548.1,4433.86,
0,1,0,815,4640.76,1,0,1,15328.5,20832.8,
0,1,0,821,21145.9,1,0,1,13831.5,9074.68,
1,2,1,821,39254.1,6,3,3,16154.2,6511.01,
13,14,13,821,1.23107e+06,1107,1007,100,29443.9,4891.55,
2,3,2,823,93201.1,37,29,8,14060,21848.5,
0,1,0,827,15493,1,0,1,33493.5,11470,
0,1,0,831,20307,1,0,1,22283.9,3268.52,
0,1,0,840,9452.37,1,0,1,14157.3,30422.7,
0,1,0,841,6492.6,1,0,1,9929.98,1310.59,
1,2,1,844,28817.2,10,8,2,36618.8,6109.66,
17,18,17,846,1.17401e+06,1238,1133,105,34975.6,10510.5,
34,35,34,847,1.32596e+06,3146,3026,120,30174.5,17036,
2,3,2,849,40684.6,2004,2001,3,33448.3,2380.92,
16,17,16,854,1.35334e+06,1553,1437,116,10329.6,16196.4,
0,1,0,856,22277.7,1,0,1,25442.9,26312.8,
1,2,1,858,41549.9,171,168,3,27887.5,15073.5,
0,1,0,861,8488.3,1,0,1,33594.8,10620.7,
0,1,0,863,29619.3,2,0,2,24145.7,39240.4,
0,1,0,864,6643.77,1,0,1,19297.1,13796.5,
9,10,9,865,604070,2414,2370,44,34631.7,9018.29,
0,1,0,866,4656.56,1,0,1,21001.2,3802.23,
0,1,0,868,23828.9,1,0,1,19473.4,2717.42,
0,1,0,869,4041.05,1,0,1,18231.6,3522.07,
0,1,0,876,22939.6,1,0,1,14150.7,15811.8,
0,1,0,877,11052.4,1,0,1,18735.2,14271,
0,1,0,879,10000.4,1,0,1,19667.7,9059.27,
0,1,0,883,13141.2,1,0,1,2229.38,10528.8,
0,1,0,887,23047,1,0,1,3134.53,2366.05,
0,1,0,888,20662.5,1,0,1,2881.48,2378.62,
0,1,0,890,6129.47,1,0,1,3901.34,3396.65,
0,1,0,891,5190.02,1,0,1,5162.67,4518.02,
2,3,2,892,53733.9,1372,1369,3,11522.3,7119.66,
1,2,1,892,21245.7,35,32,3,10229.5,16548.6,
1,2,1,893,48126.6,1311,1309,2,27188.6,20346.7,
0,1,0,894,4856.5,1,0,1,17759.6,8748.78,
0,1,0,895,9011.21,1,0,1,17157.1,6663.07,
0,1,0,898,46369.3,2,0,2,23108.4,11183,
0,1,0,900,13748.2,1,0,1,24072.1,12615.2,
0,1,0,900,10487.5,1,0,1,32091.5,20288.4,
1,2,1,903,11074.2,328,326,2,6142.25,28024.1,
0,1,0,913,4685.16,1,0,1,32160.7,498.277,
0,1,0,920,6689.04,1,0,1,28623.7,1385.67,
0,1,0,920,11275.8,1,0,1,19724.1,29671.6,
0,1,0,921,3579.86,1,0,1,15993.1,23487.2,
0,1,0,922,7248.39,1,0,1,15879.5,22897.1,
0,1,0,923,20922.1,1,0,1,15676,23403.8,
20,21,20,924,1.17503e+06,674,578,96,19251,26726,
28,29,28,924,2.03702e+06,294,118,176,16449.4,22574.6,
30,31,30,926,814112,2038,1969,69,29106.3,15839.7,
0,1,0,926,9118.89,1,0,1,2330.16,17550.2,
0,1,0,927,8751.39,1,0,1,4171.52,16858.5,
0,1,0,928,13304.5,1,0,1,18073.7,4459.41,
0,1,0,932,9707.59,1,0,1,1048.81,32418.5,
7,8,7,937,456980,1871,1828,43,11463.3,14356.7,
0,1,0,937,5530.2,1,0,1,33342.4,31559.7,
4,5,4,944,388614,2600,2565,35,14069.1,12726,
0,1,0,948,14138.2,1,0,1,34507.7,30383,
0,1,0,950,23437,1,0,1,20625.5,9615.81,
0,1,0,953,6773.25,1,0,1,19565.8,30834,
0,1,0,958,34792.8,2,0,2,39180.2,5648.29,
0,1,0,963,32300.9,3,0,3,21546,10002.2,
1,2,1,964,157271,481,466,15,36564.6,25611.1,
0,1,0,968,22206.9,1,0,1,9496.45,15583.1,
0,1,0,972,5099.52,1,0,1,8481.27,22439.2,
9,10,9,978,758878,93,30,63,22751.4,35443.4,
8,9,8,978,632339,248,188,60,22034.4,26448.4,
0,1,0,985,21341,1,0,1,2519.62,16706.4,
0,1,0,986,6486.38,1,0,1,1894.53,16868.1,
0,1,0,988,43221.8,3,0,3,28168,22026.3,
3,4,3,997,43939.2,624,620,4,11855.6,34208.7,
0,1,0,1005,10009,1,0,1,5930.62,16597.9,
0,1,0,1017,26406.3,2,0,2,23533.6,14299.4,
0,1,0,1021,7270.3,1,0,1,23906,20659.9,
0,1,0,1023,4382.99,1,0,1,24491.1,20424,
0,1,0,1026,7386.54,1,0,1,23178,6241.06,
0,1,0,1027,4218.29,1,0,1,23294.7,6397.63,
0,1,0,1032,21220.8,1,0,1,20569.4,37212.6,
4,5,4,1033,92983.8,16,9,7,25196.7,21195.1,
0,1,0,1034,18683.5,1,0,1,23115.1,1160.78,
0,1,0,1035,20581.1,1,0,1,16868.6,35048.3,
0,1,0,1035,6438.68,1,0,1,11354.5,6720.06,
2,3,2,1035,229606,430,411,19,8398.89,29651.4,
0,1,0,1046,5350.22,1,0,1,21997.3,26632.1,
0,1,0,1051,6997.35,1,0,1,20096.3,33336.7,
0,1,0,1054,4801.14,1,0,1,15434.1,29921.8,
0,1,0,1056,31708.7,2,0,2,15245,26779.7,
0,1,0,1058,12556.7,1,0,1,16498.3,27474.5,
0,1,0,1059,19714.5,1,0,1,14973.7,27108.3,
0,1,0,1061,5127.32,1,0,1,12943.9,31165,
0,1,0,1065,8588.88,1,0,1,21355.9,16054.7,
0,1,0,1065,22117,1,0,1,21581.3,34073.7,
0,1,0,1077,6984.88,1,0,1,10279.8,13396.8,
0,1,0,1077,6390.37,1,0,1,35417.9,27333,
4,5,4,1078,53121,2734,2729,5,29306.1,1470.47,
0,1,0,1079,9600.95,1,0,1,31013.5,1617.95,
4,5,4,1084,68730,1233,1227,6,14238.5,20239.7,
1,2,1,1086,29099.7,349,345,4,9827.58,8133.41,
0,1,0,1088,21743.5,1,0,1,24109.1,1908.05,
2,3,2,1090,54946.2,187,182,5,21583,21729.2,
43,44,43,1092,3.08055e+06,1655,1368,287,19674.1,513.277,
6,7,6,1095,257540,379,355,24,26019,16165.2,
0,1,0,1099,9385.46,1,0,1,23814.2,37327.5,
12,13,12,1111,1.28034e+06,484,376,108,36630.7,12495.6,
0,1,0,1115,19712,1,0,1,30150.3,24138.8,
4,5,4,1119,132896,166,155,11,16915.7,2805.7,
0,1,0,1145,4404.13,1,0,1,9144.04,14503.8,
0,1,0,1146,46868.3,3,0,3,21645.4,4589.49,
0,1,0,1148,3017.92,1,0,1,16410.1,22728.7,
0,1,0,1158,4230.97,1,0,1,29579.9,20440.1,
0,1,0,1161,9271.06,1,0,1,29977.7,25482.1,
3,4,3,1165,110562,20,10,10,15093,1538.05,
0,1,0,1169,7108.17,1,0,1,19082.3,26698,
0,1,0,1174,27021.9,2,0,2,11084.8,33977.7,
0,1,0,1175,23007,1,0,1,8278.07,37275.8,
9,10,9,1177,409832,804,766,38,38138.4,953.855,
0,1,0,1179,11523.3,1,0,1,11968,22077,
2,3,2,1181,49563.5,38,35,3,29056.4,6446.72,
0,1,0,1182,20942.7,2,0,2,26819.4,16399.3,
0,1,0,1184,3322.05,1,0,1,29169.7,6429.91,
8,9,8,1184,174191,2804,2789,15,10047.3,38167.1,
0,1,0,1198,4894.65,1,0,1,21832.5,17367.7,
3,4,3,1201,519372,86,47,39,20404.9,9936.91,
0,1,0,1201,8475.4,1,0,1,6065.7,2861.25,
12,13,12,1204,877585,759,680,79,21056.2,10128,
0,1,0,1205,9045.53,1,0,1,30793.1,3496.06,
0,1,0,1209,71649.6,6,0,6,25261.2,5814.46,
10,11,10,1211,876020,505,432,73,28924.3,17572.1,
0,1,0,1214,13800.7,2,0,2,27175.6,5107.96,
1,2,1,1215,25767.6,72,70,2,27490.2,24639,
0,1,0,1220,7702.48,1,0,1,36847.9,27705.2,
0,1,0,1222,28767.1,2,0,2,36282.1,29329.2,
0,1,0,1223,5770.74,1,0,1,9280.48,7184.9,
2,3,2,1229,31257.6,221,218,3,39695.6,14780,
0,1,0,1230,29293.9,2,0,2,11839.6,10204.2,
6,7,6,1232,135565,68,57,11,32214.6,16459.9,
0,1,0,1232,24061.5,1,0,1,11456.5,10374.6,
0,1,0,1233,3657.14,1,0,1,10766.1,7982.06,
0,1,0,1234,7212.03,1,0,1,11008.6,7906.79,
12,13,12,1235,538745,1905,1864,41,13673.7,6693.01,
0,1,0,1235,6775.48,1,0,1,30450.5,2709.59,
0,1,0,1236,15864.3,2,0,2,14962.3,5561.04,
0,1,0,1236,10340.8,1,0,1,13822.8,6625.5,
0,1,0,1236,9188.62,1,0,1,29936,2562.78,
0,1,0,1239,20835.5,1,0,1,31537.7,14665.1,
0,1,0,1239,25732.5,1,0,1,15882.7,5052.71,
1,2,1,1246,10592.6,49,47,2,3293.43,36863.7,
0,1,0,1256,53569.1,3,0,3,35857.3,31418.2,
8,9,8,1257,310544,1709,1678,31,16801.8,8791.71,
21,22,21,1258,366222,1935,1900,35,6805.01,3707.24,
0,1,0,1261,41881.6,3,0,3,17734.7,17616.5,
0,1,0,1261,22985.8,1,0,1,36930.8,21312.1,
0,1,0,1264,31495.5,2,0,2,38288,23086.1,
0,1,0,1265,7263.44,2,0,2,32907.6,23122.1,
1,2,1,1266,25607.4,1259,1257,2,32465.3,9584.92,
0,1,0,1267,4647.94,1,0,1,32741.1,9070.7,
0,1,0,1268,8193.31,1,0,1,33197.4,8707.09,
15,16,15,1269,390730,76,45,31,10270.6,29516.7,
0,1,0,1276,6696.21,1,0,1,14247.2,1203.21,
0,1,0,1276,22884.4,1,0,1,15287.5,17956.9,
0,1,0,1277,25636.7,1,0,1,12277.6,972.901,
0,1,0,1278,4100.48,1,0,1,11868.2,1081.46,
0,1,0,1279,9259.94,1,0,1,13199.6,7197.68,
0,1,0,1280,17056,2,0,2,12888.6,8732.33,
0,1,0,1280,6729.73,1,0,1,24317.6,22471,
28,29,28,1281,1.00363e+06,1774,1682,92,39345.6,32138.6,
0,1,0,1285,23813.3,1,0,1,10315.7,39199.2,
0,1,0,1287,40404.3,6,0,6,27137.9,25093,
10,11,10,1298,983773,563,488,75,21522.5,24306.3,
27,28,27,1302,1.53008e+06,622,479,143,36155.2,31497.4,
10,11,10,1316,528592,940,887,53,16286.9,2081.23,
25,26,25,1317,878169,658,575,83,26631.7,4337.55,
0,1,0,1334,40726.8,3,0,3,30671.9,18210.8,
39,40,39,1336,685499,1009,951,58,22468.7,26239.4,
1,2,1,1341,45275.6,128,124,4,28467.5,13443.1,
0,1,0,1345,22480.3,1,0,1,35616.1,2001.75,
0,1,0,1350,5531.78,1,0,1,33942.9,569.591,
3,4,3,1358,248895,80,59,21,10710.1,24138.7,
0,1,0,1359,13677.3,2,0,2,7003.07,16072.5,
1,2,1,1361,31331.5,2521,2519,2,8158.9,15654.7,
4,5,4,1363,146869,16,4,12,38111.7,28108.4,
0,1,0,1365,24979.8,1,0,1,3182.1,15750.6,
0,1,0,1365,46932.1,4,0,4,9957.35,16642.9,
0,1,0,1378,23049.5,1,0,1,5426.26,24326.2,
5,6,5,1382,153702,18,5,13,31585.1,26926.6,
0,1,0,1385,14944.7,2,0,2,23480.3,15669.5,
7,8,7,1388,682431,226,172,54,40255.1,22458.2,
0,1,0,1388,4132.57,1,0,1,15994.7,22161.1,
2,3,2,1391,365836,43,10,33,31648.6,3400.53,
1,2,1,1395,67098.8,20,15,5,826.054,36355.8,
0,1,0,1401,4576.65,1,0,1,12709.2,2563.39,
0,1,0,1403,10705.2,1,0,1,16850.9,8384.51,
2,3,2,1415,163975,164,148,16,5779.76,13043.2,
0,1,0,1419,6316.48,1,0,1,4607.73,25069.5,
0,1,0,1420,23601.7,1,0,1,4665.84,37375.3,
0,1,0,1427,6677.43,1,0,1,6364.3,2192.48,
0,1,0,1431,6402.83,1,0,1,13433.2,8814.87,
0,1,0,1433,29712.7,2,0,2,10905.3,15118.6,
0,1,0,1433,28337.6,2,0,2,7611.26,15909.6,
0,1,0,1435,3817.8,1,0,1,19048.3,3293.13,
0,1,0,1437,14438.2,2,0,2,2122.73,22781,
0,1,0,1437,19739.3,1,0,1,19008.1,3873.94,
0,1,0,1441,8521.15,1,0,1,8793.54,9377.17,
0,1,0,1452,24401.9,1,0,1,7011.16,9447.05,
0,1,0,1453,3938.13,1,0,1,12081.8,11458.1,
0,1,0,1455,4169.32,1,0,1,14920.3,8943.5,
7,8,7,1455,287916,850,825,25,4549.72,9943.6,
4,5,4,1457,97559,303,296,7,35031.9,6899.24,
0,1,0,1458,5435.08,1,0,1,12903.2,12263.7,
7,8,7,1459,152351,997,984,13,39825.5,36856.2,
0,1,0,1459,4666.93,1,0,1,12733.1,12149,
0,1,0,1460,4795.08,1,0,1,13551.7,11980.4,
0,1,0,1461,10853.5,1,0,1,35101.7,6846.29,
9,10,9,1462,506421,179,134,45,36833.5,6919.18,
0,1,0,1462,15148.9,2,0,2,3703.61,4242.86,
1,2,1,1469,31242.7,58,55,3,32307.2,12091.3,
0,1,0,1470,8504.11,1,0,1,24414.3,24239,
30,31,30,1480,1.18492e+06,860,752,108,36711.7,4387.18,
4,5,4,1496,503519,943,900,43,4805.23,27478.4,
0,1,0,1497,10224.9,1,0,1,16369.7,12871.7,
9,10,9,1501,140643,157,147,10,867.678,26197.3,
0,1,0,1506,12137.9,1,0,1,11495.1,26536.5,
37,38,37,1507,922224,2488,2405,83,15954,23956.6,
6,7,6,1516,352065,333,300,33,39335.7,27525.5,
6,7,6,1516,161395,993,976,17,34978,35140,
0,1,0,1525,3729.58,1,0,1,12453.6,35851,
0,1,0,1529,8162.32,1,0,1,23565.4,27851.8,
0,1,0,1534,25184.6,1,0,1,32873.6,35025.8,
1,2,1,1544,57379.1,48,42,6,6668.61,7023.91,
3,4,3,1544,40512.8,45,41,4,3499.73,24610.5,
0,1,0,1546,8165.79,1,0,1,18830,28641.8,
6,7,6,1548,500407,825,778,47,37022.8,28272.4,
0,1,0,1548,27714.9,2,0,2,7381,6879.26,
0,1,0,1553,10023.8,1,0,1,9763.05,17960.1,
17,18,17,1554,259568,2312,2288,24,23245.9,33154.5,
1,2,1,1555,17851.9,419,417,2,10792.1,17499.6,
0,1,0,1556,4286.67,1,0,1,33087,1290.03,
0,1,0,1560,6169.18,1,0,1,11403.7,2998.82,
9,10,9,1562,153717,1065,1055,10,15438.5,491.069,
0,1,0,1563,15095.7,2,0,2,12748.9,33141.5,
0,1,0,1563,7464.62,1,0,1,15763.2,3001.8,
0,1,0,1564,7412.37,1,0,1,23297,12781.4,
0,1,0,1564,28253.6,2,0,2,3502.65,24539.8,
2,3,2,1566,21584.7,278,275,3,5552.82,6616.25,
0,1,0,1569,8011.78,1,0,1,36882.4,26065.6,
0,1,0,1575,5140.22,1,0,1,6638.68,4214.56,
1,2,1,1577,136749,616,605,11,13599.7,33553.7,
1,2,1,1584,52756.4,15,12,3,9096.91,16265.7,
0,1,0,1593,10597.4,2,0,2,8993.44,16195.8,
117,118,117,1606,2.00387e+06,1781,1605,176,5640.65,30867.8,
0,1,0,1608,5687.89,1,0,1,4705.83,16955.7,
0,1,0,1609,52880.9,5,0,5,14942.3,21462.7,
0,1,0,1610,5843.23,1,0,1,35711.7,8876.96,
9,10,9,1611,242408,161,139,22,4683.8,4543.51,
0,1,0,1616,24835.3,1,0,1,18654.8,28622.6,
3,4,3,1627,100220,364,355,9,7399.56,5579.82,
0,1,0,1629,16041.5,2,0,2,15622.6,6356.61,
0,1,0,1635,9574.9,1,0,1,13064.4,9492.12,
0,1,0,1644,29886.7,2,0,2,16220.9,10238.1,
3,4,3,1655,62067.9,14,7,7,5381.66,8784.61,
1,2,1,1659,70882.2,24,17,7,20119.8,8035.3,
0,1,0,1668,4107.95,1,0,1,14548.2,34337.9,
0,1,0,1674,18315.4,3,0,3,17718.2,2161.02,
11,12,11,1681,260134,78,55,23,24062.4,21669.1,
0,1,0,1687,7246.41,1,0,1,2143.57,3843.49,
0,1,0,1689,6663.1,1,0,1,6389.16,37292.4,
0,1,0,1695,5132.17,1,0,1,28146.2,6829.9,
0,1,0,1701,8121.68,1,0,1,1063.86,7613.7,
0,1,0,1702,21556.6,1,0,1,6523.22,14847.8,
1,2,1,1703,17084.5,1757,1755,2,7306.38,11958.6,
1,2,1,1708,79062.7,112,106,6,35763.2,16016.2,
0,1,0,1714,23801.6,1,0,1,22426.2,4758.63,
0,1,0,1715,10062,1,0,1,22935.5,5366.73,
0,1,0,1716,3983.91,1,0,1,9899.83,32023.4,
0,1,0,1716,3715.6,1,0,1,25447.3,17902.7,
0,1,0,1717,11076.8,1,0,1,1687.28,34260.9,
3,4,3,1720,112108,209,199,10,38075.4,5506.1,
0,1,0,1722,3382.05,1,0,1,6076.31,26363.9,
18,19,18,1722,853500,1993,1918,75,22212.8,28578.2,
0,1,0,1730,7776.01,1,0,1,9198.75,28562.8,
2,3,2,1731,66772.4,214,210,4,39118.7,37165.5,
0,1,0,1731,5328.2,1,0,1,12496.2,23268.8,
8,9,8,1738,724525,192,136,56,18865.1,5671.55,
0,1,0,1739,24940.4,1,0,1,2202.36,14073.6,
0,1,0,1743,6740.25,1,0,1,1666.17,36832.9,
0,1,0,1745,20867.8,1,0,1,10444.5,16712.6,
0,1,0,1758,6073.36,1,0,1,15977.2,24713.4,
0,1,0,1759,6940.44,1,0,1,19207.4,2020.13,
0,1,0,1762,4966.53,1,0,1,17068.6,32196,
0,1,0,1768,25284.6,2,0,2,38085.3,8754.1,
0,1,0,1773,7963.42,1,0,1,29885.6,35147.1,
0,1,0,1776,27220.5,2,0,2,30923.3,25139.4,
0,1,0,1778,9780.78,1,0,1,38950.9,1095.44,
2,3,2,1782,59893.1,1857,1852,5,18224,33547.7,
0,1,0,1782,6442,1,0,1,28143.9,13037.5,
0,1,0,1785,3672.34,1,0,1,30435.1,12020.6,
1,2,1,1786,43888.5,461,459,2,30532.9,11822.2,
1,2,1,1792,12315.4,3,1,2,4143.36,6090.4,
0,1,0,1794,6985.08,1,0,1,40135.8,14259.8,
15,16,15,1794,358993,449,419,30,40301.6,8812.96,
0,1,0,1796,6248.88,1,0,1,31836.9,10778.3,
14,15,14,1820,1.13528e+06,2179,2084,95,24966.7,24869.9,
35,36,35,1820,710562,926,870,56,36057.3,5549.95,
0,1,0,1836,7956.74,1,0,1,488.553,16603.4,
6,7,6,1839,316218,306,281,25,27759.9,25559.4,
0,1,0,1846,5606.31,1,0,1,22221.8,26541.5,
0,1,0,1847,6947.78,1,0,1,14521,35829,
0,1,0,1848,27480.4,2,0,2,2161.51,32159,
0,1,0,1853,5697.13,1,0,1,15098.5,15262.5,
10,11,10,1857,554501,2031,1985,46,19744.5,34042.4,
0,1,0,1860,8038.89,1,0,1,5696.48,6707.56,
3,4,3,1869,640183,916,857,59,32371.4,18480.5,
0,1,0,1877,6906.24,1,0,1,1601.08,4626.19,
0,1,0,1878,7372.46,1,0,1,21871.9,3495.45,
2,3,2,1891,390059,134,99,35,6617.58,22218,
0,1,0,1892,4043.53,1,0,1,31487.4,39070.9,
0,1,0,1894,21195.6,1,0,1,4743.06,4126.43,
0,1,0,1896,19236.6,1,0,1,6010.81,1367.19,
0,1,0,1897,11478.5,1,0,1,32389.8,15601.2,
0,1,0,1900,7121.34,1,0,1,13192.1,8253.47,
0,1,0,1901,6175.1,1,0,1,25700.9,6247.24,
0,1,0,1902,20007.5,1,0,1,21680.9,7061.95,
9,10,9,1903,1.05211e+06,616,530,86,20436,13339.3,
0,1,0,1904,6836.98,1,0,1,22053.6,9083.17,
1,2,1,1904,7144.4,1169,1167,2,16955,11370.8,
0,1,0,1905,5648.35,1,0,1,17395.8,11212.2,
0,1,0,1905,17880.1,1,0,1,17272.5,18103.8,
0,1,0,1905,4969.28,1,0,1,17159.5,11355.5,
1,2,1,1912,30172.3,13,11,2,12908,20490.3,
0,1,0,1913,22750.8,1,0,1,28252.6,7717.88,
2,3,2,1915,57160.2,260,255,5,9864.73,24854.7,
0,1,0,1921,4735.58,1,0,1,12205,20942.8,
1,2,1,1930,12698.3,20,18,2,26724.4,14090.8,
4,5,4,1930,674710,439,375,64,34104.5,31521.1,
0,1,0,1935,9381.68,1,0,1,9608.38,38085.7,
0,1,0,1944,22888.7,1,0,1,8794.67,3936.63,
3,4,3,1950,40067.1,7,3,4,27501.4,14074.7,
7,8,7,1953,1.4217e+06,1560,1430,130,1892.61,28357.7,
0,1,0,1959,17083.9,2,0,2,1753.17,11408.9,
0,1,0,1965,8942.48,1,0,1,10756.1,16394.3,
0,1,0,1973,5919.3,1,0,1,11187.3,18569.1,
0,1,0,1974,12440,1,0,1,23017.9,12841.4,
0,1,0,1975,25721.4,1,0,1,11806.1,19101.6,
0,1,0,1976,3163.92,1,0,1,9193.2,17800.1,
2,3,2,2001,448677,142,101,41,19210.9,23090.8,
0,1,0,2016,8149.1,1,0,1,36534.8,4436.36,
1,2,1,2021,11816,1463,1461,2,16233.1,19828.3,
0,1,0,2021,4804.02,1,0,1,11341.4,8153.84,
1,2,1,2025,21421.6,1458,1456,2,16313.8,19677,
0,1,0,2026,7385.75,1,0,1,33248.6,27135.6,
4,5,4,2027,73326.2,15,9,6,34978,3270.74,
23,24,23,2029,1.09791e+06,1551,1460,91,4789.32,1810.38,
0,1,0,2031,6062.47,1,0,1,22380.6,1285.56,
0,1,0,2039,28029.3,1,0,1,20566.8,4439.32,
0,1,0,2039,9227.26,1,0,1,17065.9,36369.1,
0,1,0,2041,4580.35,1,0,1,3045.59,6656.56,
1,2,1,2041,183135,127,113,14,15262.7,1363.16,
1,2,1,2053,31238,97,95,2,12573.8,6018.06,
1,2,1,2058,11227,190,188,2,29108,843.575,
0,1,0,2058,11174.1,1,0,1,20672.4,16920.6,
3,4,3,2061,41761.2,228,224,4,28097,9376.28,
0,1,0,2061,6024.29,1,0,1,25917,17260.1,
0,1,0,2061,13189,1,0,1,40207,5587.14,
0,1,0,2063,23939.6,1,0,1,36535,2212.83,
0,1,0,2064,21257.2,1,0,1,14013.6,38173.2,
0,1,0,2065,4796.03,1,0,1,14227.4,37865.5,
0,1,0,2070,13314.1,1,0,1,16213.7,14866.5,
0,1,0,2077,5011.89,1,0,1,10983.7,36499.5,
0,1,0,2079,3189.04,1,0,1,15520.8,38477.2,
0,1,0,2079,21456.3,1,0,1,13632.3,4786.29,
0,1,0,2080,23932.1,1,0,1,17748.4,2750.77,
0,1,0,2081,5527.99,1,0,1,18995.9,4549.08,
0,1,0,2081,2559.6,1,0,1,40287.6,23729.8,
0,1,0,2082,13404.4,1,0,1,7490.61,39726.6,
0,1,0,2086,26068.1,2,0,2,27228.1,12628.9,
0,1,0,2086,38114.1,3,0,3,23840.9,26389.5,
0,1,0,2088,5887.41,1,0,1,20527.6,19068.3,
11,12,11,2089,160917,503,491,12,24945.3,33087.1,
0,1,0,2101,22116.5,1,0,1,37005.5,28252.4,
13,14,13,2105,403806,736,701,35,31567.9,23560.3,
2,3,2,2107,213696,140,122,18,33776.3,16510.1,
14,15,14,2115,1.30518e+06,1448,1329,119,23158.2,39371.4,
5,6,5,2117,164243,35,18,17,36314.6,32552,
0,1,0,2121,12878,1,0,1,18804.7,7817.13,
18,19,18,2124,1.27471e+06,1841,1715,126,39791.7,23193.2,
0,1,0,2129,5154.93,1,0,1,10764.2,21574.5,
4,5,4,2129,66167.9,153,148,5,37580.5,4786.65,
0,1,0,2129,5486.92,1,0,1,11903.5,18433.4,
1,2,1,2130,12633.2,564,562,2,12127.5,17775,
0,1,0,2130,6392.69,1,0,1,39706.1,23527.6,
0,1,0,2131,22479.8,2,0,2,8285.38,18950.4,
0,1,0,2133,22637.2,1,0,1,7613.59,19143.2,
0,1,0,2133,24054.2,1,0,1,38108.4,16454.8,
0,1,0,2134,11373.5,1,0,1,5896.78,19878.5,
0,1,0,2135,6137.68,1,0,1,37552.1,17016.2,
1,2,1,2136,25311.4,47,45,2,26039.3,11634.1,
21,22,21,2140,1.05724e+06,912,817,95,11639.4,31159.1,
0,1,0,2141,5002.53,1,0,1,14240,20100.6,
0,1,0,2144,7769.97,1,0,1,17050.8,29005,
0,1,0,2152,21281.1,1,0,1,22591.8,28636.9,
10,11,10,2155,365415,568,537,31,12271.4,12726.1,
0,1,0,2157,28294.1,2,0,2,4783.63,26100.1,
0,1,0,2160,21415.5,1,0,1,33695.1,25252,
0,1,0,2161,19601.6,1,0,1,23006.7,27703.8,
5,6,5,2161,365125,174,144,30,26428,1066.22,
0,1,0,2162,24610.7,1,0,1,12770.2,22589.2,
0,1,0,2164,5650.36,1,0,1,12595.7,20519.1,
0,1,0,2165,22704.3,1,0,1,18091,27628.7,
0,1,0,2165,4209.39,1,0,1,13918.8,21528,
0,1,0,2166,23815.3,1,0,1,15020.9,20778.4,
0,1,0,2168,6567.56,1,0,1,36176.5,31175.6,
0,1,0,2169,5132.35,1,0,1,18713.5,14527.9,
0,1,0,2172,4265.16,1,0,1,22379.8,11744,
6,7,6,2174,207007,1285,1268,17,34158,1065,
0,1,0,2176,14057,1,0,1,26845.5,13264.4,
2,3,2,2176,22270.9,31,28,3,8541.81,32924.3,
0,1,0,2180,5232.31,1,0,1,22556.6,7001.62,
0,1,0,2181,28254.9,2,0,2,17958.6,37315,
0,1,0,2184,60294,3,0,3,6273.29,6898.68,
0,1,0,2184,25925.8,1,0,1,15727.6,4856.24,
0,1,0,2185,4536.01,1,0,1,16356.5,636.748,
0,1,0,2186,28097.2,2,0,2,11933.3,22312.7,
0,1,0,2187,9787.89,1,0,1,15873.9,27314.6,
0,1,0,2187,5383.59,1,0,1,17913.4,2991.28,
0,1,0,2193,6920.31,1,0,1,30453.5,18173.5,
8,9,8,2194,96945.6,1116,1106,10,30550.9,18663,
0,1,0,2195,14364.5,1,0,1,31044.8,18212.3,
13,14,13,2199,1.37215e+06,1788,1673,115,14134.9,7776.87,
0,1,0,2200,26672.9,1,0,1,4350.09,31281.2,
0,1,0,2202,21692.6,1,0,1,27190.2,20473.6,
0,1,0,2203,5162.98,1,0,1,32475.1,16318.8,
0,1,0,2204,5300.8,1,0,1,26277.1,21543,
0,1,0,2204,7307.91,1,0,1,26531.7,19115.4,
9,10,9,2207,530312,1198,1154,44,39010,8459.02,
8,9,8,2211,182220,593,580,13,16256.6,3227.91,
8,9,8,2218,593467,294,244,50,16939.3,20672.2,
6,7,6,2221,385701,610,578,32,22920.7,26090.4,
0,1,0,2223,10252.4,1,0,1,21286,28328.3,
0,1,0,2224,10434.9,2,0,2,15366.8,24687.5,
0,1,0,2232,5283.89,1,0,1,13150.4,21339.5,
0,1,0,2240,19184.7,1,0,1,26072.3,19188.5,
3,4,3,2246,251371,175,153,22,27470,26398.2,
2,3,2,2251,33006.6,1690,1687,3,10390.4,1662.72,
0,1,0,2255,8238.79,1,0,1,4711.84,14705.6,
0,1,0,2258,5694.57,1,0,1,14965.6,16911.7,
0,1,0,2260,4329.83,1,0,1,13600.7,15623.8,
0,1,0,2262,21297.4,1,0,1,12498.6,38427.5,
6,7,6,2270,272674,305,284,21,10323.4,30928.4,
0,1,0,2275,11468.5,1,0,1,32985.6,24549.9,
4,5,4,2276,309613,516,488,28,19854.2,11122.5,
0,1,0,2286,5022.24,1,0,1,38621.9,19768.4,
5,6,5,2286,602813,224,175,49,27848.2,4308.72,
4,5,4,2293,519247,233,184,49,19235.8,16007.4,
0,1,0,2298,21154.1,1,0,1,13795.1,19318.5,
8,9,8,2298,112428,207,194,13,21638.3,35625.1,
0,1,0,2299,22533.2,1,0,1,13964.5,19398.6,
4,5,4,2303,206719,351,330,21,12294.2,15485.5,
0,1,0,2305,18582.5,1,0,1,10934.7,14727.1,
0,1,0,2306,8354.84,1,0,1,24430.7,15231.7,
0,1,0,2307,14430,1,0,1,24233.8,15317.5,
0,1,0,2309,5477.98,1,0,1,13160.9,19850.2,
0,1,0,2318,7119.37,1,0,1,20214.8,6898.16,
13,14,13,2318,651651,481,417,64,16619.5,9648.07,
0,1,0,2318,5015.01,1,0,1,1861.86,28410.3,
6,7,6,2320,413556,149,114,35,24569.2,11357.2,
0,1,0,2321,5318.84,1,0,1,24893.2,14991.7,
0,1,0,2327,10171.7,1,0,1,3136.7,3073.5,
0,1,0,2328,21798.5,1,0,1,5198.8,2976.38,
0,1,0,2330,6792.22,1,0,1,3004.86,8395.43,
0,1,0,2332,4344.41,1,0,1,3322.81,6544.57,
0,1,0,2332,10162.7,1,0,1,24350.8,37520.2,
0,1,0,2334,21497.8,1,0,1,3758.07,7623.49,
0,1,0,2335,26424.8,1,0,1,7815.21,7871.5,
3,4,3,2335,52457.1,538,533,5,9168.21,12893.4,
0,1,0,2340,26562.6,1,0,1,39399,29967.6,
0,1,0,2341,3211.53,1,0,1,21270,13503.2,
10,11,10,2345,291793,201,176,25,35593.2,33917.4,
0,1,0,2345,20777,1,0,1,23630.7,34910.4,
0,1,0,2345,31763.5,2,0,2,34421,32102.9,
0,1,0,2347,4427.4,1,0,1,34685.8,32481.3,
12,13,12,2347,668718,1004,949,55,17048.4,4494.14,
25,26,25,2354,1.61201e+06,1612,1473,139,10117.1,1760.18,
0,1,0,2363,4976.48,1,0,1,37632.6,13914.2,
1,2,1,2364,11092.9,27,25,2,24586.7,37026.8,
0,1,0,2367,6681.01,1,0,1,39452.9,33558.6,
0,1,0,2368,21605.8,1,0,1,9699.36,19673.4,
7,8,7,2370,262431,133,110,23,35269.1,15266.5,
0,1,0,2375,10719.9,1,0,1,31500.7,4386.22,
0,1,0,2377,23921.8,1,0,1,3998.89,9117.94,
28,29,28,2377,2.75043e+06,1462,1231,231,21058.7,26191.6,
0,1,0,2378,8605.56,1,0,1,21153.9,24975.5,
0,1,0,2378,5152.72,1,0,1,9664.3,12537.5,
0,1,0,2379,7547.97,1,0,1,9210.08,12003.4,
0,1,0,2380,47740.1,2,0,2,16361.3,24966.7,
0,1,0,2380,5824.01,1,0,1,12882.9,10104,
0,1,0,2380,7105.21,1,0,1,5068.91,3854.99,
1,2,1,2381,70246.3,7,1,6,30421.3,3229.02,
0,1,0,2387,23149,1,0,1,28933.9,2382.31,
0,1,0,2394,9566.11,1,0,1,1689.25,1128.81,
1,2,1,2396,199952,121,103,18,31156.6,15048.5,
4,5,4,2401,471251,391,349,42,38011.7,30337.7,
8,9,8,2408,140140,379,368,11,16308.9,4025.74,
3,4,3,2409,237021,78,58,20,11732.8,14157.8,
23,24,23,2409,474988,822,777,45,7469.07,25086,
4,5,4,2417,54457.9,655,650,5,19973.1,37470.4,
0,1,0,2422,5215.03,1,0,1,3520.26,13772.5,
2,3,2,2445,50795.8,76,72,4,33171.5,30694.5,
0,1,0,2450,26674.9,1,0,1,26719.6,2650.87,
0,1,0,2451,5017.72,1,0,1,28784.6,1395.66,
0,1,0,2465,370459,37,0,37,26021.2,10449,
0,1,0,2466,50290.4,2,0,2,29757.5,5783.4,
0,1,0,2469,18787.5,2,0,2,22964.9,1621.42,
0,1,0,2481,20798.9,1,0,1,32808.2,25453.6,
0,1,0,2482,6205.95,1,0,1,3807.51,11477.2,
0,1,0,2483,21264.8,1,0,1,4256.16,11529.3,
0,1,0,2483,7564.88,1,0,1,6410.73,9938.71,
0,1,0,2486,7704.71,1,0,1,23500.8,11072,
0,1,0,2491,5450.15,1,0,1,31270.2,3916.43,
4,5,4,2494,186210,309,292,17,4920.94,10008.6,
0,1,0,2494,4056.21,1,0,1,1395.58,37256.1,
0,1,0,2497,79877.9,6,0,6,18859.5,5273.36,
1,2,1,2506,122484,52,43,9,12308.7,15467.7,
0,1,0,2507,23039.7,1,0,1,8684.41,29710.6,
3,4,3,2510,57426.8,756,749,7,17068.6,32501.6,
0,1,0,2512,19875.8,1,0,1,12567.7,33625.7,
7,8,7,2513,749640,718,649,69,24141.7,7495.94,
0,1,0,2514,22798.4,1,0,1,13688.7,32285.1,
0,1,0,2515,9868.63,1,0,1,22029.2,25113.1,
2,3,2,2524,115873,21,11,10,37923.3,20209.3,
0,1,0,2525,7701.5,1,0,1,33736.6,26969.8,
0,1,0,2554,4563.44,1,0,1,35811.6,21165.3,
0,1,0,2558,4718.4,1,0,1,38512.2,32829.7,
1,2,1,2558,36044.7,86,83,3,34671.7,9049.35,
0,1,0,2560,33325.5,2,0,2,14345.9,12880.1,
0,1,0,2560,11197,1,0,1,20329.5,7115.93,
0,1,0,2569,8434.84,1,0,1,15673.9,11716.4,
0,1,0,2570,23988.3,1,0,1,12893.6,26342.7,
0,1,0,2571,7205.84,1,0,1,10828,30023.6,
0,1,0,2573,6392.14,1,0,1,19754,14858.2,
0,1,0,2573,6129.53,1,0,1,10604.9,29914.7,
0,1,0,2580,24702.3,1,0,1,23602.9,17247.3,
0,1,0,2580,11303.5,1,0,1,33552.1,21285.8,
12,13,12,2590,522242,1409,1362,47,13511.4,8146.45,
1,2,1,2600,13569.6,3,1,2,11323.5,19968.9,
0,1,0,2601,9176.5,1,0,1,15306,28419.8,
0,1,0,2604,4409.62,1,0,1,2454.68,24935.8,
0,1,0,2604,25801.6,1,0,1,10722.5,19542.4,
0,1,0,2606,7228.11,1,0,1,20179.5,32752.9,
17,18,17,2609,1.42098e+06,1381,1259,122,33031.9,9988.39,
0,1,0,2619,6641.59,1,0,1,9364.15,8919.22,
2,3,2,2629,265534,29,8,21,33513.6,11910.7,
2,3,2,2635,38174.9,278,275,3,33069.2,10000.9,
0,1,0,2641,4784.08,1,0,1,18739.6,12226.6,
0,1,0,2652,7506.79,1,0,1,2900.44,34251.4,
23,24,23,2654,750897,1328,1265,63,39536.7,38798.5,
3,4,3,2655,254553,119,95,24,26165.4,6967.97,
0,1,0,2674,23945.9,1,0,1,35780.1,13240,
3,4,3,2691,281115,281,259,22,20285.3,9567.13,
3,4,3,2701,278610,183,160,23,31372.9,2302.37,
0,1,0,2702,4452.9,1,0,1,35421.1,521.671,
1,2,1,2723,191239,52,37,15,36529.5,1762.9,
0,1,0,2742,13255.2,1,0,1,20472.7,16536.6,
7,8,7,2744,405531,797,759,38,3463.23,17989.8,
0,1,0,2750,11968.7,1,0,1,1949.53,12834.5,
1,2,1,2752,401038,133,99,34,10314.8,6054.44,
0,1,0,2753,6503.18,1,0,1,25520.5,951.602,
0,1,0,2753,7735.2,1,0,1,2176.87,12583.9,
0,1,0,2756,27178.3,1,0,1,2987.6,14254.2,
0,1,0,2760,12055.4,1,0,1,6489.96,16721,
0,1,0,2761,22013.8,1,0,1,5757.36,18280.9,
0,1,0,2762,3700.28,1,0,1,4322.08,11692.6,
0,1,0,2765,9055.35,1,0,1,8958.46,9414.56,
0,1,0,2765,8168.24,1,0,1,29274.6,36803.5,
0,1,0,2766,10805.7,1,0,1,6223.74,9356.99,
0,1,0,2767,5211.32,1,0,1,6314.12,9205.57,
0,1,0,2768,9982.6,1,0,1,7562.4,8384.3,
0,1,0,2772,11396.4,1,0,1,32182.4,5022.29,
0,1,0,2775,5394.22,1,0,1,30153.4,4645.75,
0,1,0,2776,7408.65,1,0,1,30843.6,5216.26,
0,1,0,2789,23192.5,1,0,1,5518.41,30976.1,
0,1,0,2798,9346.01,1,0,1,21471.6,28310.9,
10,11,10,2800,869760,428,360,68,14092.2,21063.7,
0,1,0,2802,22623.1,2,0,2,19253.3,1182.89,
12,13,12,2807,614899,271,219,52,38799.5,17057.1,
2,3,2,2818,272916,165,142,23,32742,14204.7,
0,1,0,2831,7535.01,1,0,1,2681.15,17361.9,
0,1,0,2833,6254.81,1,0,1,23330.3,35663.3,
0,1,0,2834,25209.6,1,0,1,32555.4,29901,
0,1,0,2834,2823.92,1,0,1,6257.64,14324.7,
0,1,0,2838,21760.7,1,0,1,7063.88,4486.04,
4,5,4,2842,219329,381,362,19,10495.9,34899.5,
0,1,0,2850,190979,16,0,16,22840.8,21401.9,
0,1,0,2856,12717.1,1,0,1,4102.49,9485.38,
4,5,4,2858,902624,320,237,83,24163.1,23881.8,
0,1,0,2861,3845.22,1,0,1,9100.94,12993.7,
0,1,0,2863,4722.39,1,0,1,23204.2,1528.03,
0,1,0,2866,41787.7,3,0,3,32965.7,8923.85,
0,1,0,2866,6015.59,1,0,1,1682.23,1664.63,
0,1,0,2867,18370.7,1,0,1,1152,2229.27,
0,1,0,2869,9661.8,1,0,1,26413.7,13009.9,
11,12,11,2883,1.10161e+06,623,523,100,38085.3,29569,
0,1,0,2895,4371.49,1,0,1,10158.1,35535.3,
0,1,0,2898,23572.1,1,0,1,22816.7,18062.5,
0,1,0,2903,9181.3,1,0,1,25468.7,35631.5,
1,2,1,2909,73768,167,161,6,32386.6,16556.7,
1,2,1,2910,112532,49,36,13,28451.7,11276.8,
1,2,1,2919,111505,18,10,8,34809.8,3630.35,
0,1,0,2921,15618.8,1,0,1,39867.9,17969.3,
0,1,0,2923,10930.5,1,0,1,11328,30381.7,
2,3,2,2925,37667.6,9,6,3,39387.7,29636.4,
0,1,0,2932,21152.1,1,0,1,23698.4,7155.49,
0,1,0,2934,5826.91,1,0,1,37680.3,866.453,
0,1,0,2937,5484.31,1,0,1,29829.4,22595.2,
0,1,0,2944,23936.8,1,0,1,18604.9,4731.41,
0,1,0,2947,13125.6,1,0,1,11855.7,29213.6,
0,1,0,2952,10500.8,1,0,1,30717.1,22295.8,
0,1,0,2958,8706.49,1,0,1,27081.8,19122.2,
0,1,0,2960,8020.37,1,0,1,24246.9,21208.5,
0,1,0,2961,12193.2,1,0,1,26525.6,23233,
0,1,0,2968,20270.5,1,0,1,892.357,5129.58,
0,1,0,2969,4449.99,1,0,1,28087.1,7637.68,
0,1,0,2971,6146.62,1,0,1,12319.2,1605.99,
0,1,0,2972,20794,2,0,2,21220.2,33926,
0,1,0,2972,24359.9,1,0,1,20121.8,28628.1,
0,1,0,2978,8618.67,1,0,1,677.15,12900.9,
0,1,0,2978,22339,1,0,1,12079,19847.3,
0,1,0,2978,13196.7,1,0,1,20631.6,2887.48,
0,1,0,2981,22958.2,1,0,1,11667.4,18006.5,
0,1,0,2982,10013.6,1,0,1,28539.1,32438.6,
0,1,0,2983,5720.14,1,0,1,7274.24,15818.6,
0,1,0,2985,7835.99,1,0,1,39718.1,27790.1,
0,1,0,2998,40943.9,4,0,4,16185.6,6998.94,
0,1,0,2999,5007.7,1,0,1,29497.8,1246.18,
0,1,0,3005,6571.92,1,0,1,17704.3,2449.46,
0,1,0,3005,4751.13,1,0,1,16162.4,1568.01,
0,1,0,3006,22485.6,3,0,3,16839.6,1025.11,
0,1,0,3008,6438.99,1,0,1,17026.6,946.017,
0,1,0,3017,23765.6,1,0,1,14225.3,29900.7,
2,3,2,3024,238729,257,238,19,2084.9,33965.6,
18,19,18,3028,1.33591e+06,747,649,98,12647,13978.8,
1,2,1,3032,9112.65,38,36,2,3980.24,21490.9,
0,1,0,3035,14937.2,1,0,1,1615.76,17308.6,
0,1,0,3035,3720.8,1,0,1,4447.58,19145.8,
3,4,3,3036,101235,186,178,8,11165.1,23395,
0,1,0,3037,4373.09,1,0,1,1158.29,20401.2,
6,7,6,3051,662631,520,466,54,36367.8,22844.5,
0,1,0,3053,7827.04,1,0,1,16013.1,12481.6,
15,16,15,3055,548410,733,687,46,37294.5,18668.9,
0,1,0,3059,5982.07,1,0,1,10360.2,32398,
1,2,1,3060,29492.3,119,117,2,21060.6,26242.5,
0,1,0,3061,20197.2,1,0,1,31792,7735.3,
0,1,0,3064,5396.26,1,0,1,8430.91,18588.1,
0,1,0,3067,4476.92,1,0,1,23466.3,3441.1,
0,1,0,3067,6377.95,1,0,1,23095.2,2761.44,
1,2,1,3067,54109.4,375,370,5,13726.1,12411.9,
0,1,0,3070,23549.7,1,0,1,14752.7,29496.1,
21,22,21,3071,544888,483,435,48,14952.4,19445.7,
0,1,0,3076,7888.51,1,0,1,20955.8,4213.94,
0,1,0,3077,10827,1,0,1,21188.8,4000.13,
0,1,0,3081,7918.03,1,0,1,30136.8,16577.5,
0,1,0,3081,77664.3,7,0,7,16151.9,30715,
0,1,0,3083,7501.75,1,0,1,35521.7,5354.84,
1,2,1,3093,16181.7,3,1,2,30596,18700.9,
0,1,0,3095,26513.1,2,0,2,36642.8,10975.4,
2,3,2,3099,203110,186,166,20,11723.5,19718.3,
0,1,0,3121,68495.4,5,0,5,19255.5,37344.6,
1,2,1,3126,35909.4,15,12,3,39225.7,26276.8,
0,1,0,3127,7122.12,1,0,1,38477.3,8659.73,
3,4,3,3128,502015,388,340,48,22544,6146.78,
0,1,0,3131,24397.6,1,0,1,18356.8,25269.1,
1,2,1,3132,15456.9,3,1,2,20303.8,36138.2,
7,8,7,3135,676274,792,732,60,34719.8,1214.59,
0,1,0,3137,4579.84,1,0,1,22383.5,7237.3,
26,27,26,3137,751489,859,798,61,8885.43,15086.5,
0,1,0,3138,3674.83,1,0,1,20892.2,5592.28,
0,1,0,3139,9576.9,1,0,1,25229.8,7395.54,
0,1,0,3140,7387.53,1,0,1,25222,6765.57,
0,1,0,3141,6408.28,1,0,1,24273.3,8351.98,
2,3,2,3142,114211,131,122,9,11683.5,10346.4,
1,2,1,3142,29526.6,552,549,3,4182.52,22529,
0,1,0,3144,3531.05,1,0,1,3121.5,26951.6,
0,1,0,3145,4397.09,1,0,1,20267.3,16285.9,
0,1,0,3145,8030.12,1,0,1,20456.5,19989.9,
0,1,0,3147,23498.3,1,0,1,21232.5,18183.4,
0,1,0,3148,26479.4,2,0,2,19024.9,22573.4,
0,1,0,3153,7578.68,1,0,1,16626.8,15674.6,
23,24,23,3153,332868,479,449,30,16016.4,24035.4,
0,1,0,3154,88093.6,6,0,6,24840.9,12898.5,
0,1,0,3154,9920.56,1,0,1,14415.1,15437.3,
0,1,0,3155,9405.85,1,0,1,13072.9,15907.7,
0,1,0,3156,5568.05,1,0,1,11316.1,17128.4,
0,1,0,3169,5195.81,1,0,1,35982.9,21819.1,
0,1,0,3184,206917,17,0,17,24882.5,29114.5,
9,10,9,3196,957495,761,679,82,8236.79,38506,
2,3,2,3200,176376,152,136,16,30580.2,22779.1,
0,1,0,3203,18122.4,1,0,1,8815.77,18098.1,
7,8,7,3230,756767,753,687,66,15569.6,27873.8,
0,1,0,3236,4016.95,1,0,1,4092.42,15347,
0,1,0,3243,11422.1,2,0,2,27284,12223.7,
0,1,0,3248,25139.8,1,0,1,31537.1,28509.9,
0,1,0,3252,4139.29,1,0,1,39980.7,9422.27,
0,1,0,3256,10335.4,1,0,1,24079.7,21063.7,
0,1,0,3263,8685.98,1,0,1,11175.8,36827.3,
0,1,0,3264,7304.95,1,0,1,11334.3,36922.8,
0,1,0,3269,6841.08,1,0,1,15996.8,29216.9,
0,1,0,3271,9196.09,1,0,1,17345.3,23026.5,
0,1,0,3279,22770.3,1,0,1,16171.9,29172.6,
8,9,8,3285,147550,496,484,12,25317.2,35902.9,
0,1,0,3299,2667.61,1,0,1,19364.9,4454.67,
0,1,0,3300,6293.64,1,0,1,23483.3,1422.19,
0,1,0,3303,12043.1,1,0,1,24015.3,26348.9,
0,1,0,3304,5121.52,1,0,1,30086.3,3432.73,
0,1,0,3304,4417.83,1,0,1,23621,26319,
0,1,0,3305,5707.7,1,0,1,34362.7,2010.65,
0,1,0,3305,69303.4,5,0,5,23192.4,23398.6,
6,7,6,3307,210397,670,652,18,16114.6,5609.43,
0,1,0,3309,5077.4,1,0,1,37360.4,1943.48,
4,5,4,3318,631134,256,205,51,15461,9072.78,
7,8,7,3320,427450,660,627,33,23050.7,9730.78,
0,1,0,3322,5893.24,1,0,1,13917.6,39922.5,
0,1,0,3323,7758.33,1,0,1,32195.3,28279.5,
0,1,0,3325,21043.6,1,0,1,12877.5,14027.3,
0,1,0,3325,4996.11,1,0,1,30406,32468.8,
0,1,0,3328,21395.4,1,0,1,932.644,20020.2,
8,9,8,3330,501193,570,526,44,37032.8,1353.11,
0,1,0,3344,7774.68,1,0,1,27693,15562.1,
0,1,0,3344,5882.74,1,0,1,13372.4,1377.71,
0,1,0,3347,6365.91,1,0,1,27445.6,18956.9,
15,16,15,3349,251711,636,616,20,20531.7,36076.8,
0,1,0,3349,10008.1,1,0,1,2519.03,3778.82,
0,1,0,3350,5851.22,1,0,1,23005.9,18061.5,
0,1,0,3350,8011.75,1,0,1,23111.5,19318.7,
0,1,0,3351,4772.98,1,0,1,22770.1,18460.5,
0,1,0,3352,12564.3,1,0,1,24417.2,21328.1,
0,1,0,3355,10012.1,1,0,1,16801.7,23963.3,
0,1,0,3356,6538.63,1,0,1,14011.9,23061,
0,1,0,3359,12624,1,0,1,13131.3,22679.3,
4,5,4,3361,56038.8,451,445,6,768.143,1249.28,
5,6,5,3363,336746,260,233,27,15370,4080.91,
0,1,0,3364,11525,2,0,2,8868.43,4920.77,
0,1,0,3368,3337.24,1,0,1,35896.4,2314.29,
6,7,6,3370,218660,610,595,15,32817.8,22064.4,
0,1,0,3377,40617.9,4,0,4,28735.1,2730.09,
4,5,4,3380,155924,568,553,15,15496.9,33789,
0,1,0,3383,21719.9,1,0,1,15615.4,3599.25,
0,1,0,3385,8809.87,1,0,1,17363.9,2687.25,
0,1,0,3387,5612.56,1,0,1,14021.1,7685.66,
0,1,0,3389,115162,9,0,9,6294.48,19754.1,
0,1,0,3391,7312.74,1,0,1,10212.3,8752.51,
2,3,2,3392,125138,20,7,13,23495.4,7609.23,
3,4,3,3393,85516.5,271,263,8,2443.35,20470.4,
0,1,0,3393,7611.83,1,0,1,6235.08,9595.41,
0,1,0,3394,54215.6,6,0,6,15356.2,14713.8,
0,1,0,3405,22402.5,1,0,1,7987.53,17070.6,
0,1,0,3408,6455.89,1,0,1,25020.4,21631.3,
0,1,0,3415,4586.08,1,0,1,27989,37736.6,
0,1,0,3416,25938.9,2,0,2,14164.2,11013.6,
0,1,0,3421,3378.68,1,0,1,31177.6,2143.48,
0,1,0,3426,14323.6,1,0,1,28539.8,2182.09,
8,9,8,3427,447650,559,515,44,29861.3,4990.63,
0,1,0,3435,53182.3,3,0,3,28292.9,2169.14,
0,1,0,3436,6812.59,1,0,1,5138.43,8067.31,
0,1,0,3436,9326.34,1,0,1,29746.3,19551,
0,1,0,3437,10362,1,0,1,29764.6,19780.7,
3,4,3,3438,62064.2,12,7,5,20676.7,24865.6,
0,1,0,3438,27053.5,2,0,2,27583.2,3615.99,
0,1,0,3439,5915.58,1,0,1,29574.8,19652.8,
4,5,4,3443,49996.3,225,220,5,32474.5,37252.5,
1,2,1,3446,69158.9,10,3,7,30062,19433.4,
0,1,0,3447,36944.4,3,0,3,37607.3,6054.72,
0,1,0,3447,31212.8,2,0,2,13209.8,20655.2,
0,1,0,3447,6915.79,1,0,1,31877.7,11423.4,
0,1,0,3452,6056.44,1,0,1,36808.8,32609,
0,1,0,3455,18188,2,0,2,4913.8,9758.29,
0,1,0,3457,25295,1,0,1,15684.5,35980.9,
0,1,0,3470,10275.4,1,0,1,14459.3,13152.6,
0,1,0,3471,8063.63,1,0,1,10332,33950.4,
0,1,0,3471,24821.2,1,0,1,3053.47,14565.9,
0,1,0,3474,13391.2,2,0,2,9835.67,12704.4,
0,1,0,3475,21657.6,1,0,1,37447.6,20771.1,
0,1,0,3476,5960.62,1,0,1,25463.5,27200.8,
0,1,0,3477,8723.4,1,0,1,5154.67,14461.5,
0,1,0,3509,43020,2,0,2,23612.1,16270.5,
0,1,0,3521,11578,1,0,1,5944.56,896.406,
0,1,0,3523,4468.45,1,0,1,5925.59,3430.59,
0,1,0,3523,72554.3,6,0,6,13036.5,27849.1,
2,3,2,3529,87261.7,407,399,8,25424.8,1910.68,
0,1,0,3532,8165.78,1,0,1,11020.3,6354.48,
21,22,21,3540,382099,415,382,33,34670.1,39644.3,
0,1,0,3559,24631.9,1,0,1,30710.2,2924.97,
0,1,0,3565,165787,13,0,13,2524.13,6661.52,
0,1,0,3567,3614.34,1,0,1,5063.7,9502.15,
0,1,0,3573,20725,1,0,1,36861.5,8500.78,
1,2,1,3574,42377.4,4,1,3,35990.1,20988,
5,6,5,3581,1.08966e+06,152,65,87,35504.1,3623.27,
8,9,8,3583,371058,388,358,30,30020.6,17988.1,
0,1,0,3594,3681,1,0,1,8933.03,11746.2,
4,5,4,3595,141129,109,95,14,34913,8911.5,
4,5,4,3595,796184,249,177,72,9723.18,18970.2,
0,1,0,3596,9757.49,1,0,1,37403.3,10748.1,
0,1,0,3598,21176.9,1,0,1,4641.38,23112.9,
1,2,1,3599,28750,139,136,3,34783.3,1220.86,
1,2,1,3599,219727,180,161,19,3106.66,21880,
0,1,0,3601,10021,1,0,1,2951.59,26459.8,
0,1,0,3602,23289.7,1,0,1,2520.53,24667.8,
0,1,0,3606,8857.55,1,0,1,24831.4,12140.9,
0,1,0,3607,6843.15,1,0,1,37676.5,10687.2,
0,1,0,3608,22418.4,1,0,1,37796.7,10517,
0,1,0,3610,7879.42,1,0,1,24714.4,15988.8,
2,3,2,3621,60966.3,10,5,5,1319.66,16836.7,
0,1,0,3622,5958.34,1,0,1,35901.3,35445.2,
4,5,4,3625,517719,149,100,49,27435.9,15577.9,
6,7,6,3626,385801,372,334,38,5580.48,20057.1,
0,1,0,3631,5687.5,1,0,1,26199.2,25057.4,
0,1,0,3636,9911.12,1,0,1,18123.1,33471.4,
3,4,3,3638,157688,345,332,13,39233.5,15522,
0,1,0,3640,18533,2,0,2,21347,38764,
0,1,0,3645,31827.5,2,0,2,3033.88,37490.5,
3,4,3,3647,247014,263,242,21,20914.1,26481.8,
0,1,0,3648,9681.47,1,0,1,25446.8,19499.5,
0,1,0,3651,4534.93,1,0,1,22303.1,18157.4,
0,1,0,3653,7441.9,1,0,1,24202,18592.8,
0,1,0,3655,5337.06,1,0,1,23453.3,26151.5,
0,1,0,3658,5856.89,1,0,1,14280.8,27258.1,
0,1,0,3665,11134.7,1,0,1,8197.16,19398,
0,1,0,3669,6667.45,1,0,1,27764.1,13003.2,
0,1,0,3669,22402.7,1,0,1,27287.4,11195.9,
3,4,3,3673,48167.1,145,140,5,27769.9,18048.7,
2,3,2,3678,223483,255,232,23,40076.7,7317.53,
0,1,0,3682,9295.44,1,0,1,29255.5,1561.6,
0,1,0,3688,5769.26,1,0,1,18350.6,16537.2,
0,1,0,3689,10974.8,1,0,1,17478.7,22434.8,
2,3,2,3691,370495,121,84,37,39323.8,9794.19,
0,1,0,3693,41720,4,0,4,14062.4,14512.5,
0,1,0,3694,5466.9,1,0,1,1145.77,25206.6,
0,1,0,3696,8514.6,1,0,1,1766.92,25021.9,
0,1,0,3700,28983.9,2,0,2,6179.16,22797.4,
0,1,0,3702,13186.3,1,0,1,4674.17,21984.2,
0,1,0,3718,18958.1,1,0,1,20017.1,1633.46,
0,1,0,3720,28656.6,2,0,2,1729.71,38032.5,
0,1,0,3721,7202.18,1,0,1,30572.7,37225.8,
0,1,0,3727,16974.6,1,0,1,15049.8,23664.6,
0,1,0,3728,7770.22,1,0,1,14756.9,24242.2,
0,1,0,3731,4282.94,1,0,1,19146.4,7667.3,
0,1,0,3742,21004.4,1,0,1,29747.3,4990.48,
0,1,0,3744,12725.1,1,0,1,26749.1,1973.63,
4,5,4,3746,125644,102,91,11,10200.5,38156.8,
0,1,0,3754,7677.48,1,0,1,17450,23423.6,
2,3,2,3756,133638,217,206,11,32632.3,2059.6,
0,1,0,3756,8917.76,1,0,1,39912.1,15992.7,
1,2,1,3759,16686.6,4,2,2,8306.23,623.775,
0,1,0,3769,24795.9,1,0,1,22342.5,35972,
0,1,0,3772,33223.2,3,0,3,13263.3,37154.4,
0,1,0,3773,10055.5,1,0,1,31486.2,21490.4,
4,5,4,3780,197015,125,106,19,14341.3,34744.2,
0,1,0,3780,4594.27,1,0,1,20205.8,8691.88,
2,3,2,3786,477778,165,118,47,7387.49,6614.42,
6,7,6,3793,129268,57,45,12,39084,38976.9,
0,1,0,3798,8331.7,1,0,1,29142.7,30939.2,
2,3,2,3807,321834,136,104,32,25790.4,10439.8,
1,2,1,3816,50512.7,7,2,5,16675.3,26941.8,
0,1,0,3823,27136.4,2,0,2,10534.7,35168.2,
0,1,0,3826,4869.8,1,0,1,21320.6,2909.57,
3,4,3,3837,565996,164,110,54,15226.5,11968.3,
0,1,0,3841,7391.13,1,0,1,38434.7,14630,
0,1,0,3843,4538.23,1,0,1,37248.7,1377.76,
0,1,0,3843,4557.4,1,0,1,33082.2,16683.7,
0,1,0,3854,6854.6,1,0,1,40244.1,17550,
0,1,0,3866,5459.6,1,0,1,632.41,12401.2,
3,4,3,3869,247403,97,73,24,25789,18002,
0,1,0,3870,14266.3,2,0,2,20859.6,35009.7,
0,1,0,3872,5845.6,1,0,1,15925.2,27158.5,
0,1,0,3873,11522.9,1,0,1,11962.7,2192.96,
0,1,0,3880,12671.5,1,0,1,11287.3,14078.9,
0,1,0,3883,24987.8,1,0,1,6582.82,14546.6,
0,1,0,3885,21343.2,1,0,1,7627.97,14170,
0,1,0,3886,8046.5,1,0,1,8645.73,13694.3,
0,1,0,3887,5988.72,1,0,1,9909.68,16883,
0,1,0,3887,7573.24,1,0,1,36151.4,2857.54,
0,1,0,3888,8694.71,1,0,1,38134.8,3403.57,
0,1,0,3888,6710.44,1,0,1,10886.9,16749.6,
0,1,0,3889,22525.8,1,0,1,36442.3,3277.57,
0,1,0,3889,22774.4,1,0,1,25592.2,23789.2,
0,1,0,3891,13876.9,2,0,2,5339.71,21492.1,
0,1,0,3893,157325,14,0,14,29376.1,12718.3,
0,1,0,3894,20544.1,1,0,1,5254.82,15840.8,
0,1,0,3897,6798.4,1,0,1,11812.9,27245.3,
0,1,0,3902,9905.12,1,0,1,17398.8,39343.4,
0,1,0,3927,6903.23,1,0,1,29720,1504.23,
0,1,0,3928,5943.99,1,0,1,39499.8,31417.6,
0,1,0,3930,11443.2,2,0,2,22652.6,929.96,
0,1,0,3931,73796.5,6,0,6,37208.9,27676.8,
0,1,0,3931,17186.6,2,0,2,20667.8,15640.7,
1,2,1,3933,20398.8,12,9,3,33654.9,8468.17,
0,1,0,3934,4085.94,1,0,1,23328.1,2759.34,
0,1,0,3935,7281.2,1,0,1,25463.1,6774.99,
0,1,0,3935,5508.01,1,0,1,25620.5,1429.71,
0,1,0,3936,5464.24,1,0,1,23750.5,16730.5,
0,1,0,3937,21770.2,1,0,1,25142,15204.4,
0,1,0,3937,32874.6,2,0,2,26622.3,804.755,
0,1,0,3939,13226.1,2,0,2,39610.3,19768.8,
0,1,0,3941,6048.62,1,0,1,29539.5,33922.4,
0,1,0,3941,25758.5,1,0,1,24142.4,2231.37,
0,1,0,3943,7020.83,1,0,1,38818,10998.3,
0,1,0,3944,21042.6,1,0,1,39579.6,6370.87,
1,2,1,3950,94243.9,11,1,10,15391.2,17230.2,
0,1,0,3954,4843.3,1,0,1,9812.09,7628.24,
0,1,0,3955,28902.8,3,0,3,2182.19,17840.1,
0,1,0,3955,9169.2,1,0,1,11547.7,9832.8,
0,1,0,3957,5974.13,1,0,1,9652.36,7187.82,
0,1,0,3957,18332.7,1,0,1,8968.03,7213.49,
0,1,0,3958,9816.19,1,0,1,8774.29,8539.38,
0,1,0,3958,24425.9,1,0,1,8258.83,9471.44,
0,1,0,3961,9578.88,1,0,1,4180.71,1478.22,
0,1,0,3966,8257.6,1,0,1,8072.08,8632.34,
0,1,0,3968,37016.1,3,0,3,7139.91,23276.1,
1,2,1,3969,14064.6,19,17,2,24580.1,33335.1,
0,1,0,3969,5253.3,1,0,1,11055.2,16442.4,
0,1,0,3970,5695.24,1,0,1,10550.5,12005.7,
0,1,0,3972,33631,2,0,2,37384,13681.2,
0,1,0,3973,8330.5,1,0,1,4383.26,2882.47,
0,1,0,3978,139872,11,0,11,32458.7,12444.7,
0,1,0,3984,14331.4,1,0,1,5011.25,11285.6,
0,1,0,3988,21547.1,1,0,1,5347.81,24000,
0,1,0,3994,5302.65,1,0,1,4691.37,15079,
0,1,0,3996,3612.57,1,0,1,1969.64,17117,
0,1,0,3997,23451,1,0,1,31566.1,1007.22,
