# seq OFF,# seq ON,blinks,frame,intensity,lifetime,total OFF,total ON,x,y,
0,1,0,1,1766.06,1,0,1,8883.76,29253.8,
0,1,0,1,2.32697e+07,4000,0,4000,21114.2,20454.5,
0,1,0,1,2.3471e+07,4000,0,4000,20724.2,28595.7,
0,1,0,1,2.34537e+07,4000,0,4000,3798.06,39993.6,
1,2,1,2,18857.5,11,8,3,11902.7,39879.9,
856,857,856,2,7.66671e+06,3995,2689,1306,32056.2,11479.1,
0,1,0,2,9007.25,1,0,1,8318.29,28965.5,
0,1,0,4,8160,1,0,1,8257.62,30967.1,
0,1,0,26,12814.1,2,0,2,2876.12,28926.9,
0,1,0,32,7599.82,1,0,1,34038.9,23065,
0,1,0,53,7528.39,1,0,1,6238.81,32796.2,
0,1,0,55,8642.79,1,0,1,4270.98,31797.7,
0,1,0,56,3698.03,1,0,1,3636.77,31931.7,
0,1,0,57,7957.78,1,0,1,3175.09,32055.9,
0,1,0,59,7697.63,1,0,1,1587.62,34584.5,
0,1,0,60,10273.6,2,0,2,1607.76,34391.4,
0,1,0,62,9833.67,1,0,1,1654.7,34145.5,
0,1,0,72,3032.22,1,0,1,5638.79,39941.4,
0,1,0,74,16317,2,0,2,5190.32,39194.1,
0,1,0,79,3464.32,1,0,1,5116.91,38567.4,
0,1,0,104,6588.48,1,0,1,36011.4,15053.1,
0,1,0,107,14687.5,3,0,3,36908.8,13664.9,
0,1,0,108,16526.5,2,0,2,35861.3,32375.3,
0,1,0,110,8316.21,1,0,1,36629.3,31751,
0,1,0,112,12883.9,2,0,2,39771.5,32936.5,
0,1,0,120,2892.83,1,0,1,15955.6,23549.2,
0,1,0,121,8989.4,1,0,1,9733.86,39411.6,
1,2,1,135,15291.6,3,1,2,13076.7,27396.3,
0,1,0,137,8400.49,1,0,1,15834.1,30677.6,
0,1,0,154,2871.31,1,0,1,36907.6,16422.9,
0,1,0,155,7933.44,1,0,1,35011.6,16607.2,
0,1,0,165,2869.58,1,0,1,17722.7,10857.8,
2,3,2,165,169704,31,2,29,25700,18814.5,
0,1,0,181,2487.39,1,0,1,17405.4,31010.6,
0,1,0,188,9204.19,1,0,1,1593.02,40010.3,
0,1,0,199,7386.48,1,0,1,25546.4,25340.6,
0,1,0,200,1232.82,1,0,1,24921.7,25190.4,
0,1,0,204,3297.07,1,0,1,30867.3,18733.5,
2,3,2,206,28859,8,3,5,27188.2,14141.2,
0,1,0,207,11468.7,2,0,2,36938.7,23991.5,
0,1,0,211,8713.48,1,0,1,37973.4,22936,
0,1,0,212,7170.63,1,0,1,34883,5377.42,
0,1,0,215,1015.08,1,0,1,36018.5,24314.5,
0,1,0,217,21345.2,3,0,3,16597,23516.5,
1,2,1,217,23740.3,6,1,5,32714.5,19072.4,
1,2,1,224,15989,743,741,2,34024.1,19686.8,
0,1,0,227,1580.98,1,0,1,33948.6,17416.4,
0,1,0,228,3549.82,1,0,1,35015.6,16235.1,
0,1,0,229,8782.22,1,0,1,34807.4,15712.5,
0,1,0,233,7831.84,1,0,1,39295.2,16608.8,
0,1,0,238,2512.46,1,0,1,6243.45,30044.4,
0,1,0,239,25776.7,6,0,6,6844.5,29930.6,
0,1,0,255,7699.68,1,0,1,22174.4,39512.8,
0,1,0,273,8986.49,1,0,1,17703.6,28539,
0,1,0,288,2815.45,1,0,1,28529.9,4348.53,
0,1,0,292,9793.96,2,0,2,38240.5,16859.9,
0,1,0,341,3706.52,1,0,1,29690.9,12232,
0,1,0,344,13189,2,0,2,14153.8,29534.8,
0,1,0,346,10013.7,2,0,2,36144.2,16193.1,
0,1,0,348,3135.74,1,0,1,14170.2,20909.9,
0,1,0,349,10182.2,1,0,1,14246.4,21266.5,
0,1,0,364,3558.03,1,0,1,2429.33,36963.7,
0,1,0,395,22061.3,3,0,3,21231.1,31622.4,
4,5,4,399,174761,2844,2808,36,18619.6,23656.4,
0,1,0,420,7666.56,1,0,1,30286.6,23573.8,
0,1,0,421,2445.78,1,0,1,35957.9,38894.5,
0,1,0,438,3065.48,1,0,1,37064.3,23371.7,
0,1,0,454,10317.3,2,0,2,16626.1,37178.3,
1,2,1,459,12435.9,12,10,2,11150,38196.3,
0,1,0,497,2734.08,1,0,1,32155,11228.9,
1,2,1,498,10747.4,7,5,2,32186.7,11026.9,
0,1,0,508,1193.22,1,0,1,32137.6,11399.9,
1,2,1,520,11963.5,17,15,2,17672.3,40269.6,
0,1,0,539,4542.69,1,0,1,20171.1,39551.2,
0,1,0,540,8630.31,1,0,1,20199,39794,
1,2,1,541,24181.9,5,1,4,35548.8,29214.6,
0,1,0,541,7866.04,1,0,1,19800.3,39838.5,
0,1,0,601,9113.68,1,0,1,10653.2,35269.7,
0,1,0,629,3088.8,1,0,1,39835.9,31748.7,
0,1,0,658,2505.52,1,0,1,8280.92,33966.7,
0,1,0,677,9624.26,2,0,2,28822.6,27320.3,
0,1,0,683,8466.65,1,0,1,15805.6,26016,
0,1,0,684,3372.28,1,0,1,15683.2,26366.9,
0,1,0,688,7315.34,1,0,1,10406.2,26244.7,
0,1,0,689,3431.01,1,0,1,10965.4,25700.1,
1,2,1,696,11860.9,3,1,2,2854.25,24028.2,
0,1,0,699,1534.43,1,0,1,3222.22,23940.8,
0,1,0,701,7171,1,0,1,2730.54,22860.9,
0,1,0,706,7090.55,2,0,2,2718.88,23452.9,
0,1,0,708,9121.81,1,0,1,32104.4,19581.3,
0,1,0,709,3396.17,1,0,1,34977,18984.4,
0,1,0,710,8609.29,2,0,2,35189.8,18799.1,
0,1,0,712,8996.15,1,0,1,35511.6,19052.5,
0,1,0,736,3751.36,1,0,1,14402.6,22135.2,
0,1,0,753,2879.67,1,0,1,3464.8,20517.3,
0,1,0,764,8554.75,1,0,1,35507,38222.2,
0,1,0,768,8110.98,1,0,1,37237.8,34922.8,
2,3,2,775,27294.9,8,2,6,5574.68,27913.2,
0,1,0,789,2779.07,1,0,1,38145.2,22733.9,
0,1,0,791,39572.9,7,0,7,39708.3,22740.9,
0,1,0,807,2022.36,1,0,1,39323.2,24232.4,
0,1,0,819,7179.59,1,0,1,38042,11015.1,
0,1,0,849,8309.87,1,0,1,33751.8,30981.8,
0,1,0,865,4235.05,1,0,1,18177.3,36372.3,
0,1,0,871,4498.95,1,0,1,35154.2,32353.1,
0,1,0,883,7161.96,1,0,1,34891.8,31998.1,
0,1,0,891,8262.47,1,0,1,1906.39,39509.4,
0,1,0,895,3195.25,1,0,1,8715.26,27168.8,
0,1,0,904,10841.5,2,0,2,35439.4,27373.5,
0,1,0,920,23495,4,0,4,31939.8,29811.7,
0,1,0,925,8706.78,1,0,1,11557.7,15809.5,
0,1,0,929,2962.04,1,0,1,11216.5,20800.6,
0,1,0,936,3157.2,1,0,1,38716,40279.2,
0,1,0,937,1315.31,1,0,1,26452.3,28226,
0,1,0,944,16103.7,2,0,2,5562.23,37928.8,
0,1,0,944,3651.09,1,0,1,38173.9,12778.8,
0,1,0,945,1229.64,1,0,1,38124.6,13094.8,
0,1,0,946,23574.8,4,0,4,26692.8,25814.9,
0,1,0,947,3886.48,1,0,1,22116.7,23813,
0,1,0,950,738.586,1,0,1,40296.3,11667.3,
0,1,0,952,7363.49,1,0,1,16798.8,23082.4,
0,1,0,952,12164.2,2,0,2,26421.8,25099.1,
0,1,0,956,23595.7,4,0,4,20264.3,22891.3,
0,1,0,959,4304.06,1,0,1,5389.72,38043.1,
0,1,0,960,6883.09,1,0,1,24028.5,13386.3,
0,1,0,960,8111.07,1,0,1,5318.05,32423.6,
1,2,1,961,21468.1,5,1,4,26734.6,13120,
0,1,0,964,3517.71,1,0,1,16352.5,10905.1,
0,1,0,967,2116.36,1,0,1,35555.9,18745.8,
1,2,1,971,9346.9,2918,2916,2,22360.7,16925.4,
0,1,0,972,9716.14,1,0,1,22260.1,17186.5,
0,1,0,974,3460.69,1,0,1,2232.51,38317.3,
0,1,0,985,1800.62,1,0,1,14675.6,19997.3,
0,1,0,1006,8105.49,1,0,1,15010,22633.9,
17,18,17,1009,135708,118,93,25,28161.3,5763.07,
0,1,0,1020,9192.33,1,0,1,3725.13,28786,
0,1,0,1021,3180.33,1,0,1,3982.49,28426.2,
0,1,0,1022,10336.9,2,0,2,4502.47,29191,
0,1,0,1024,3569.03,1,0,1,3856.45,30877.3,
0,1,0,1036,2500.61,1,0,1,18883.5,39424.9,
0,1,0,1039,1140.57,1,0,1,15334.4,36833.4,
0,1,0,1059,1682.98,1,0,1,24476.4,39319,
0,1,0,1072,7540.61,1,0,1,6396.23,14719.6,
0,1,0,1076,2147.75,1,0,1,32297.8,24872.4,
0,1,0,1084,8472.38,1,0,1,14396.3,33744.7,
0,1,0,1090,9235.03,1,0,1,30520.2,13375.5,
0,1,0,1096,17444.5,5,0,5,20155,27262.6,
0,1,0,1112,8753.31,1,0,1,31400.4,7159.73,
0,1,0,1123,3473.97,1,0,1,35384.4,11394.1,
7,8,7,1126,73905.7,31,17,14,35144.1,11466.8,
0,1,0,1126,29299.2,4,0,4,11996,23642.3,
0,1,0,1130,7731.31,1,0,1,12637.4,24550.2,
0,1,0,1136,3106.56,1,0,1,11318.6,32279.2,
0,1,0,1154,1707.21,1,0,1,22906.7,20682.8,
6,7,6,1165,68570.6,24,13,11,4183.98,19644.5,
0,1,0,1184,2489.54,1,0,1,20778.4,16190.9,
0,1,0,1188,1481.41,1,0,1,31444.1,35463.6,
0,1,0,1189,8427.6,1,0,1,30633.7,34318.6,
2,3,2,1196,49802.9,10,2,8,37784.9,29573.8,
0,1,0,1207,3248.75,1,0,1,31054.3,36807,
0,1,0,1211,1350.28,1,0,1,31467.7,35045.5,
0,1,0,1214,6337.58,1,0,1,34894.3,39356.4,
0,1,0,1215,8222.02,1,0,1,35996.8,39127.7,
0,1,0,1215,9715.59,1,0,1,28950.1,37101.3,
0,1,0,1216,3599.92,1,0,1,35963.3,40081.9,
0,1,0,1216,1158.81,1,0,1,29316.4,37461.5,
0,1,0,1218,7891.93,1,0,1,17826.7,17196.6,
0,1,0,1221,9019.71,1,0,1,16609.2,18021.1,
0,1,0,1223,3906.34,1,0,1,37227.7,38036.8,
0,1,0,1304,4415.18,1,0,1,17223.4,22692.1,
0,1,0,1305,7902.27,1,0,1,17167.8,23040.2,
0,1,0,1307,10040.4,1,0,1,1667.91,33653.9,
0,1,0,1309,2903.63,1,0,1,21689,27690.5,
0,1,0,1310,7014.18,1,0,1,10069.6,20142,
0,1,0,1310,9187.65,1,0,1,22356,29167.3,
0,1,0,1313,11109.4,2,0,2,8533.64,23048.1,
0,1,0,1315,8374.02,1,0,1,8969.53,22821.2,
0,1,0,1317,11102.8,3,0,3,9010.78,21500,
0,1,0,1321,9907.18,1,0,1,10499.1,23316.3,
0,1,0,1323,4239.12,1,0,1,11065.6,24373.7,
0,1,0,1324,7846.97,1,0,1,12460.2,25923.4,
0,1,0,1325,9845.04,1,0,1,10822.2,27351.9,
0,1,0,1327,2210.96,1,0,1,8645.6,22849.1,
0,1,0,1329,1084.71,1,0,1,11032.3,23638,
0,1,0,1329,1091.49,1,0,1,18528.6,20120.8,
1,2,1,1331,92663.3,163,147,16,10548.1,22387.9,
1,2,1,1373,13968.3,5,3,2,21451.4,32942.4,
0,1,0,1374,1474.5,1,0,1,26482.3,14909.9,
0,1,0,1409,1239.91,1,0,1,32055.5,37142.8,
0,1,0,1425,7008.06,1,0,1,26655.3,25063.1,
0,1,0,1426,3181.47,1,0,1,20556.3,39343.2,
0,1,0,1432,2350.7,1,0,1,22543.3,16579.2,
2,3,2,1434,54020.8,14,3,11,27078.2,27452.3,
0,1,0,1441,8824.47,1,0,1,37875.1,27396.6,
0,1,0,1443,15103.9,2,0,2,34938.9,36033.2,
0,1,0,1454,9112.4,1,0,1,6843.29,37700.2,
0,1,0,1464,2872.46,1,0,1,27755.6,36235.1,
0,1,0,1465,7479.34,1,0,1,26905.6,37245.6,
0,1,0,1465,3613.6,1,0,1,29790,34811.4,
0,1,0,1466,18216.2,2,0,2,28585.6,38017,
0,1,0,1467,8894.75,1,0,1,29325.4,37909.1,
0,1,0,1468,3128.91,1,0,1,29361.9,37732.8,
0,1,0,1468,6330.09,1,0,1,32713.6,31052.1,
0,1,0,1469,8562.21,1,0,1,31493.6,40082.6,
0,1,0,1469,3832.47,1,0,1,31143.2,31973.2,
0,1,0,1472,2595.95,1,0,1,28807.7,39017.8,
0,1,0,1472,8856.71,1,0,1,30547.9,35159.4,
0,1,0,1474,9051.23,1,0,1,34690.8,15822.4,
0,1,0,1475,36949.1,9,0,9,26427.7,35670.5,
0,1,0,1476,8772.76,1,0,1,14746.6,19842.2,
0,1,0,1477,3481.25,1,0,1,38592.8,32890.6,
0,1,0,1478,1586.12,1,0,1,11524.5,21807.6,
0,1,0,1478,17522.6,3,0,3,12669.1,11802.3,
0,1,0,1478,6791.54,2,0,2,30380.2,24420.5,
0,1,0,1479,1017.61,1,0,1,10719.8,22337.5,
0,1,0,1485,6725.2,1,0,1,26713.5,35348.4,
0,1,0,1494,9094.64,1,0,1,10424.1,23083.8,
0,1,0,1495,3272.37,1,0,1,11812.6,22982.2,
0,1,0,1502,3424.5,1,0,1,4115.67,2895.12,
0,1,0,1502,9516.24,1,0,1,2456.98,3187.16,
0,1,0,1502,7891.9,1,0,1,27411,28706.8,
0,1,0,1515,1622.72,1,0,1,29801.5,32136.6,
0,1,0,1532,8075.33,1,0,1,19070.8,26713,
0,1,0,1536,9020.9,1,0,1,22331.5,28678.2,
0,1,0,1537,3597.88,1,0,1,20834.9,30578.7,
0,1,0,1540,7010.15,1,0,1,10786.6,30254.6,
0,1,0,1540,8231.44,1,0,1,29396.6,7121.27,
0,1,0,1541,2777.79,1,0,1,10518.6,30363.8,
0,1,0,1542,7648.77,1,0,1,10417.3,30553.5,
0,1,0,1544,9265.62,1,0,1,12179.4,31843.6,
0,1,0,1548,2932.98,1,0,1,4496.07,30430.7,
0,1,0,1562,1679.28,1,0,1,10976.1,22190.8,
0,1,0,1564,6786.56,1,0,1,10180.2,24907.7,
0,1,0,1567,9889.46,1,0,1,8090.6,20602.8,
0,1,0,1568,3734.66,1,0,1,7796.61,21113.5,
1,2,1,1568,4917.23,346,344,2,25965.8,34194.3,
0,1,0,1569,8312.24,1,0,1,7903.66,21247,
0,1,0,1572,68736.6,10,0,10,6396.45,19232.6,
0,1,0,1575,1264.47,1,0,1,17422.1,38073.7,
0,1,0,1584,7570.92,1,0,1,15501.2,31433,
0,1,0,1585,8047.51,1,0,1,36852.5,40301.7,
0,1,0,1589,3500.81,1,0,1,10879.5,25864.9,
0,1,0,1593,7904.13,1,0,1,11129.5,19707.3,
0,1,0,1595,8456.54,1,0,1,11410.6,22054.6,
0,1,0,1596,3566.43,1,0,1,12201.8,21485.5,
0,1,0,1596,9782.38,2,0,2,38938.8,38981.9,
0,1,0,1598,7641.01,1,0,1,39225,39514.4,
0,1,0,1598,2941.22,1,0,1,39810.6,17007.9,
0,1,0,1599,7723.94,1,0,1,38077.4,40340.2,
0,1,0,1602,9186.04,1,0,1,13591.6,22825.3,
0,1,0,1603,4283.95,1,0,1,11970.3,23837.4,
0,1,0,1607,2003.41,1,0,1,11555.8,17449.9,
0,1,0,1607,1174.96,1,0,1,12583.1,29223.6,
0,1,0,1608,8665.92,1,0,1,12068,29199.1,
1,2,1,1609,12718,130,128,2,17520.1,24220.5,
0,1,0,1609,10792.4,2,0,2,11849.7,29515.3,
0,1,0,1609,8311.04,1,0,1,27346.4,26434.1,
0,1,0,1612,8040.99,1,0,1,9237.62,29300.9,
0,1,0,1613,9429.01,1,0,1,9408.26,29459.1,
0,1,0,1615,11515.3,2,0,2,9283.3,30506.7,
0,1,0,1619,3066.53,1,0,1,10123.6,30234.4,
0,1,0,1621,22313,3,0,3,9580.69,30772.3,
0,1,0,1626,3393.73,1,0,1,10274.8,28945.1,
0,1,0,1630,1622.86,1,0,1,5140.07,15605.8,
0,1,0,1655,6811.01,1,0,1,5962.17,39967.5,
0,1,0,1670,10002.4,1,0,1,16100.7,37682.2,
0,1,0,1682,3786.63,1,0,1,6220.07,17656.4,
0,1,0,1760,1590.83,1,0,1,23776.2,29676.3,
0,1,0,1796,7989.49,1,0,1,6824.03,38429.6,
0,1,0,1798,2709.4,1,0,1,7226.2,39036.6,
0,1,0,1800,1130.87,1,0,1,10033.5,26109.2,
0,1,0,1809,9691.19,1,0,1,12881.3,13402.9,
0,1,0,1819,1239.49,1,0,1,10984.7,19181.8,
0,1,0,1830,3061.53,1,0,1,22412.3,38453,
0,1,0,1844,16226.3,2,0,2,28859.3,24347.3,
0,1,0,1846,1575.15,1,0,1,29475.3,24235.1,
0,1,0,1847,8496.78,1,0,1,29432.2,24422.7,
0,1,0,1848,8158.12,1,0,1,28023.6,24345.9,
0,1,0,1852,3245.71,1,0,1,23954.9,22252.4,
0,1,0,1855,1365.92,1,0,1,23639.9,23216.9,
0,1,0,1858,7655.36,1,0,1,24158.9,24524.5,
3,4,3,1862,53254.8,1705,1696,9,34213.1,35380.2,
0,1,0,1887,7840.84,1,0,1,30484.5,4826.5,
0,1,0,1891,8595.64,1,0,1,29987.9,5090.44,
0,1,0,1905,3588.47,1,0,1,20049.3,26015.9,
0,1,0,1906,7984.79,1,0,1,20331.6,26619.9,
0,1,0,1907,9634.94,1,0,1,20144.7,26802.6,
0,1,0,1915,3299.92,1,0,1,24770.7,33335.6,
0,1,0,1941,8116.56,2,0,2,899.931,28881,
0,1,0,1945,8441.62,1,0,1,30262.1,34211.6,
0,1,0,1948,4707.7,2,0,2,38831.1,35912.6,
0,1,0,1948,2225.16,1,0,1,4231.15,23615.4,
0,1,0,1953,8005.59,1,0,1,31172.7,33300.1,
0,1,0,1958,12230,2,0,2,31377.8,39068,
0,1,0,1960,8012.18,1,0,1,31114.6,39347.9,
0,1,0,1965,8340.01,1,0,1,33571.8,38982.5,
0,1,0,1978,2884.15,1,0,1,6812.59,26802.6,
0,1,0,1981,6597.87,1,0,1,6203.68,25214.6,
0,1,0,1982,8567.41,1,0,1,6779.72,27315.2,
0,1,0,1984,3757.75,1,0,1,6192.9,26382.1,
0,1,0,1987,7568.46,1,0,1,6218.32,25428.7,
0,1,0,1991,9832.31,1,0,1,37341.7,32297,
0,1,0,1995,37051.9,6,0,6,2428.82,22276.1,
0,1,0,2007,3735.94,1,0,1,19614.9,28426.7,
0,1,0,2068,1068.06,1,0,1,29059.9,34569.8,
0,1,0,2079,9303.65,2,0,2,3455.13,37556.6,
11,12,11,2080,79802.5,54,40,14,30274.8,11057,
0,1,0,2107,16774.8,2,0,2,36365.4,17446,
0,1,0,2111,18307.5,3,0,3,11038.5,20925.3,
7,8,7,2121,299319,61,13,48,8663.5,20455,
0,1,0,2133,3172.77,1,0,1,16077.7,9405.34,
0,1,0,2182,8649.57,1,0,1,8455.93,26858.5,
0,1,0,2183,7966.55,1,0,1,7693.29,26814.9,
0,1,0,2184,4049.34,1,0,1,40211.5,22785.9,
0,1,0,2184,9237.14,1,0,1,7912,27777.6,
2,3,2,2196,28684,117,113,4,16128.6,27402.4,
0,1,0,2236,12031.9,2,0,2,1109.03,24902.3,
0,1,0,2238,7781.63,1,0,1,1218.68,24272.6,
1,2,1,2246,32463.3,46,41,5,30730.4,25408.8,
0,1,0,2249,6881.46,1,0,1,17513.7,26542,
0,1,0,2266,1187.42,1,0,1,33246.7,30169,
0,1,0,2272,1.0812e+06,199,0,199,13253.5,39017.2,
0,1,0,2290,1754.92,1,0,1,32250.3,17590.3,
0,1,0,2291,2868.44,1,0,1,32318.2,17416.6,
3,4,3,2293,39618.7,14,7,7,14100.8,32186.2,
0,1,0,2296,13300.3,2,0,2,31271.4,17466.2,
0,1,0,2298,2370.84,1,0,1,31175.8,16992.2,
0,1,0,2300,9667.57,2,0,2,34471.6,14980.8,
0,1,0,2303,1522.18,1,0,1,32038.2,15678.3,
0,1,0,2304,7311.25,1,0,1,31679.1,15609.4,
1,2,1,2306,12107.9,5,3,2,31785.8,15457.7,
0,1,0,2350,7176.8,1,0,1,19077.6,36560.8,
0,1,0,2351,1188.39,1,0,1,18869.7,36770.4,
0,1,0,2368,2589.33,1,0,1,37107.2,32657.7,
0,1,0,2387,8892.52,1,0,1,29467.5,36977.8,
0,1,0,2389,11064.4,2,0,2,34209.2,36301.5,
0,1,0,2392,1410.44,1,0,1,34722.7,40183.2,
0,1,0,2396,9142.2,1,0,1,6153.31,26613.4,
0,1,0,2398,26101,6,0,6,4696.19,27263.3,
0,1,0,2402,1079.01,1,0,1,30836.2,6006.84,
0,1,0,2406,8442.66,1,0,1,4707.04,27664,
0,1,0,2407,9131.1,1,0,1,28086.8,6387.37,
0,1,0,2413,4578.6,2,0,2,16106.1,22089.4,
1,2,1,2417,17762.6,1013,1011,2,17042,19889,
0,1,0,2419,4540.56,2,0,2,13641.9,27147.3,
0,1,0,2422,2464,1,0,1,11622.2,32626.4,
0,1,0,2427,2702.38,1,0,1,13710.8,34187.3,
1,2,1,2428,20377.4,14,11,3,5644.26,38656.9,
0,1,0,2430,9942.25,2,0,2,13520.1,33904.7,
0,1,0,2433,7859.55,1,0,1,11419.9,33430.5,
0,1,0,2439,24637.4,6,0,6,26357.5,22046.9,
0,1,0,2446,2961.59,1,0,1,14848.7,39575,
0,1,0,2449,7839.59,1,0,1,22375.3,22700.6,
0,1,0,2457,7348.64,1,0,1,33364.3,25831.9,
0,1,0,2468,1303.65,1,0,1,30297,10540.7,
0,1,0,2472,2742.9,1,0,1,15839.9,37307.5,
0,1,0,2476,7724.59,1,0,1,19542.7,38959.3,
0,1,0,2476,2723.78,1,0,1,19201.9,37588.1,
0,1,0,2485,1664.96,1,0,1,14919.9,38606.8,
0,1,0,2487,9239.63,1,0,1,13715.6,37461.6,
0,1,0,2489,1445.87,1,0,1,11439.2,37173,
0,1,0,2496,3177.75,1,0,1,15882.4,39578.2,
0,1,0,2497,12509.6,4,0,4,15516.5,37772.1,
0,1,0,2497,7976.54,1,0,1,38625.3,30877,
0,1,0,2498,1531.15,1,0,1,11365,15709,
0,1,0,2498,9143.56,1,0,1,39719.4,33235.9,
0,1,0,2501,3754.52,1,0,1,15286.6,37815.5,
0,1,0,2502,10864.1,3,0,3,15406.7,37472.3,
0,1,0,2509,2832.09,1,0,1,16958.3,16985.3,
0,1,0,2510,6951.38,1,0,1,16956.8,17321.9,
0,1,0,2511,6699.37,2,0,2,17011.2,17641.4,
0,1,0,2511,30699.5,6,0,6,14258.4,13787.8,
0,1,0,2557,9723.11,1,0,1,38227.4,36338.5,
2,3,2,2589,50335,15,4,11,23867.4,27679.2,
1,2,1,2612,10972.2,7,5,2,36967.9,26053.8,
0,1,0,2618,18208.6,3,0,3,7112.67,26129.6,
0,1,0,2625,4360.22,1,0,1,36504.4,27649.3,
0,1,0,2625,16706.9,2,0,2,858.885,28013.3,
0,1,0,2634,1129.9,1,0,1,10272.4,18863.8,
0,1,0,2638,7902.91,1,0,1,9616.28,20700.6,
0,1,0,2647,8842.81,1,0,1,17839.6,35308.4,
0,1,0,2668,3228.04,1,0,1,37414.6,4197.65,
0,1,0,2704,1202.71,1,0,1,1756.54,25943.9,
0,1,0,2733,6820.48,1,0,1,10545.6,26952.3,
0,1,0,2760,8855.5,1,0,1,8631.44,34423.2,
0,1,0,2761,3339.32,1,0,1,8490.14,34534,
0,1,0,2762,21896.3,3,0,3,37424.7,32629.1,
0,1,0,2764,3221.59,1,0,1,11415.8,27073.1,
0,1,0,2767,9100.25,1,0,1,12430.3,22679.7,
0,1,0,2788,8836.99,1,0,1,18065.7,28467.9,
0,1,0,2841,1604.17,1,0,1,13400.1,24281.2,
0,1,0,2846,7615,1,0,1,15534.6,16369.3,
0,1,0,2854,2851.78,1,0,1,18064.9,14043.8,
0,1,0,2874,2050.61,1,0,1,18850.7,40263.6,
0,1,0,2875,7148.59,1,0,1,30074.4,10762.9,
0,1,0,2885,1093.47,1,0,1,27583.9,15506.4,
0,1,0,2885,6935.33,1,0,1,23686,21952.6,
0,1,0,2890,8204.59,1,0,1,36557.9,23357.8,
0,1,0,2891,3209.87,1,0,1,36771.7,23054.7,
0,1,0,2892,9214.04,1,0,1,37624.5,25959.5,
3,4,3,2899,50370,20,9,11,29235.1,28034.5,
0,1,0,2913,7642.35,1,0,1,27146.5,27654.8,
0,1,0,2920,7894.1,1,0,1,29265.1,27700.6,
0,1,0,2921,4036.85,1,0,1,29278.4,26728.5,
1,2,1,2956,24778.9,166,162,4,37877.9,23299.7,
0,1,0,2986,2943.71,1,0,1,8735.57,30809.8,
0,1,0,2987,1724.13,1,0,1,10126.6,32512.3,
0,1,0,2989,9152.34,1,0,1,11330.4,22338.7,
0,1,0,2990,1109.33,1,0,1,8707.68,39294.9,
0,1,0,3006,779.292,1,0,1,16374,21275.4,
0,1,0,3007,7355.33,1,0,1,15278.1,22229.9,
0,1,0,3017,3196.08,1,0,1,11430.6,13241.6,
3,4,3,3030,16726.7,38,34,4,31573.8,5442.77,
0,1,0,3096,8999.77,1,0,1,20799.8,9176.58,
0,1,0,3100,2037.81,1,0,1,24208.8,33940.3,
0,1,0,3114,7837.88,1,0,1,30209.4,23814.6,
0,1,0,3122,6904.34,1,0,1,19856.5,10917.6,
0,1,0,3148,3575.84,1,0,1,34427.7,12445.8,
0,1,0,3152,1287.53,1,0,1,33326.4,12814.6,
0,1,0,3155,9005.62,1,0,1,34374.4,14397.3,
10,11,10,3167,68185.5,465,452,13,23635.9,31659.3,
0,1,0,3185,7616.5,1,0,1,30755.2,10495.5,
0,1,0,3195,9174.45,1,0,1,36943.3,25164.8,
0,1,0,3205,3584.36,1,0,1,28984.8,38596.1,
0,1,0,3214,2984.21,1,0,1,30178.2,14138.5,
0,1,0,3215,1513.82,1,0,1,29892.8,13843.3,
2,3,2,3219,28651.2,19,14,5,18500.7,23855.3,
0,1,0,3229,9315.9,1,0,1,24988.4,15484.4,
0,1,0,3229,3689.31,1,0,1,13881.9,14226.6,
0,1,0,3232,3534.07,1,0,1,36782,29303.7,
0,1,0,3236,7154.24,1,0,1,23873.3,13978.1,
0,1,0,3242,8886.77,1,0,1,32161.5,30419.1,
0,1,0,3247,3080.51,1,0,1,30208,30572.1,
0,1,0,3250,1925.02,1,0,1,20349.6,10968.4,
0,1,0,3252,3565.34,1,0,1,28134.7,30610.9,
0,1,0,3256,104321,17,0,17,29802.9,24121.5,
0,1,0,3271,1177.5,1,0,1,21826.6,5880.37,
1,2,1,3271,66604.4,13,1,12,35687.9,34859.9,
0,1,0,3274,9295.46,1,0,1,22036.7,6294.87,
0,1,0,3279,2874.92,1,0,1,23703.8,28851.4,
0,1,0,3280,7441.97,1,0,1,23576.5,28630.2,
0,1,0,3281,1672.19,1,0,1,24402.1,27157.6,
0,1,0,3283,7860.88,1,0,1,23894,25828.5,
0,1,0,3285,10313.9,2,0,2,22783,24753.3,
0,1,0,3285,2869.27,1,0,1,35912,34592.4,
0,1,0,3289,8780.63,1,0,1,6616.48,19353.3,
0,1,0,3292,2125.43,1,0,1,11461.5,19669.1,
0,1,0,3294,6967.8,1,0,1,12882.2,21137,
0,1,0,3297,3801.7,1,0,1,5027.19,29554.8,
0,1,0,3306,8966.67,1,0,1,4657.22,28400.7,
0,1,0,3309,1643.32,1,0,1,7181.29,27557.4,
0,1,0,3312,1558.98,1,0,1,13726.4,23925.8,
0,1,0,3354,1698.84,1,0,1,22177.4,37447.7,
0,1,0,3355,7799.78,1,0,1,21857,38362.8,
0,1,0,3356,3458.9,1,0,1,22877.6,39562,
2,3,2,3357,60384.3,12,2,10,24887.8,9727.17,
0,1,0,3358,3678.9,2,0,2,18825,33408.6,
0,1,0,3376,9440.46,1,0,1,9013.61,26311,
0,1,0,3379,1445.01,1,0,1,32544.4,24141.8,
0,1,0,3380,2090.81,1,0,1,25892,39655.1,
0,1,0,3395,8645.3,1,0,1,5255.82,28121.9,
0,1,0,3398,3229.21,1,0,1,39769.2,25373.2,
0,1,0,3402,7678.89,1,0,1,36074,16774.5,
0,1,0,3407,27976.6,6,0,6,38882.8,15038.2,
0,1,0,3413,8661.87,1,0,1,18448.5,17764.7,
0,1,0,3416,3168.99,1,0,1,19833.6,17259.8,
0,1,0,3419,1425.1,1,0,1,19598.1,17110,
0,1,0,3420,1584.5,1,0,1,19806.9,16643.3,
0,1,0,3421,7916.27,1,0,1,19294.7,17258.6,
0,1,0,3422,7079.83,1,0,1,17805.3,20538.5,
0,1,0,3423,2243.74,2,0,2,18654.3,20919.1,
0,1,0,3428,8495.22,1,0,1,18717.3,20769.5,
0,1,0,3432,3521.29,1,0,1,22746.5,21953.6,
0,1,0,3433,7737.52,1,0,1,14625.1,10018.8,
0,1,0,3434,2031.43,1,0,1,22501.7,19449,
0,1,0,3435,8550.34,1,0,1,23987.3,19516.3,
0,1,0,3435,2243.69,1,0,1,16600.7,10190.5,
0,1,0,3437,10734.8,3,0,3,24223.2,19533,
0,1,0,3441,8623.94,1,0,1,24355.7,20980.4,
0,1,0,3448,3834.96,1,0,1,25484.4,19672.9,
0,1,0,3451,8206.01,1,0,1,23324,19985.2,
0,1,0,3452,1935.32,1,0,1,23652.8,20322.9,
0,1,0,3456,9328.56,1,0,1,12850.1,22353.6,
0,1,0,3476,3074.92,1,0,1,38427.4,21671.4,
0,1,0,3478,8226.42,1,0,1,40095,21344.3,
0,1,0,3480,1486.18,1,0,1,30521.6,22880.3,
1,2,1,3485,12544,3,1,2,28822.4,18823.3,
2,3,2,3500,42515.8,117,109,8,19323,25183.1,
0,1,0,3508,3397.96,1,0,1,35568.5,11192.3,
0,1,0,3548,1356.46,1,0,1,40250.4,39714,
0,1,0,3549,3367.87,1,0,1,39711.2,39961.8,
0,1,0,3552,16019.1,2,0,2,899.076,22867.8,
0,1,0,3556,7441.01,1,0,1,1746.54,22258,
0,1,0,3564,2977.54,1,0,1,8969.57,31956.3,
0,1,0,3578,20961.5,4,0,4,36662.2,29868,
0,1,0,3588,8781.23,1,0,1,33827,18526.9,
0,1,0,3603,2019.35,1,0,1,7625.25,23985.3,
0,1,0,3624,1597.8,1,0,1,13904.2,33761.5,
0,1,0,3631,13555.5,2,0,2,21715.8,24028.4,
0,1,0,3639,8073.54,1,0,1,25139.3,29286.4,
13,14,13,3675,391676,157,82,75,33349.9,35084.5,
0,1,0,3681,12204.3,2,0,2,31299.4,17695.2,
0,1,0,3681,1910.15,1,0,1,37584.2,12282.7,
0,1,0,3683,7351.58,1,0,1,35058.7,13609.4,
0,1,0,3688,8742.48,1,0,1,32943.5,12568.5,
1,2,1,3714,11059.8,6,3,3,31357.9,36250.9,
0,1,0,3721,8749.22,1,0,1,18350.4,36871.4,
0,1,0,3734,3572.66,1,0,1,6519.86,30711.3,
0,1,0,3745,8554.98,1,0,1,23011,18813.4,
0,1,0,3753,2406.32,1,0,1,39649.8,30876.8,
0,1,0,3844,8061.6,1,0,1,30268,34949.5,
0,1,0,3845,2977.01,1,0,1,37128.1,22132.5,
0,1,0,3847,3268.35,1,0,1,30219.3,22511.2,
8,9,8,3848,538185,153,42,111,7576.54,40278.6,
0,1,0,3848,8312.5,1,0,1,31314,20641.7,
0,1,0,3849,3073.06,1,0,1,32402,20915,
0,1,0,3866,7465.29,1,0,1,37299.5,29048.4,
0,1,0,3867,10609.1,2,0,2,37815.3,28639.9,
0,1,0,3869,4085.73,1,0,1,37700.6,27636.6,
0,1,0,3871,1675.36,1,0,1,36105.6,28896.3,
0,1,0,3876,2902.5,1,0,1,20304.5,17801,
0,1,0,3879,7741.77,1,0,1,9748.41,14857,
0,1,0,3882,9804.83,1,0,1,12675.5,15801.6,
0,1,0,3882,7775.35,1,0,1,15553.1,18549.8,
0,1,0,3883,1133.74,1,0,1,14359.9,19103,
0,1,0,3883,1667.07,1,0,1,12188.9,15270.1,
0,1,0,3884,8000.28,1,0,1,39084.4,34777.5,
0,1,0,3885,3647.94,1,0,1,38746.7,35184.6,
0,1,0,3886,8037.23,1,0,1,38848.8,35012.4,
0,1,0,3888,1033.41,1,0,1,16526.2,20711.3,
0,1,0,3888,11244.9,2,0,2,38266.2,34691.5,
0,1,0,3896,3192.53,1,0,1,37721.1,16114.1,
0,1,0,3898,8841.57,1,0,1,14666.3,29331.9,
0,1,0,3899,3563.01,1,0,1,14783.1,29181.7,
0,1,0,3903,1756.08,1,0,1,37703.2,17113.1,
0,1,0,3903,6725.08,1,0,1,20109,22523.7,
0,1,0,3904,8792.15,2,0,2,37931.6,14924,
0,1,0,3905,1457.08,1,0,1,18781.9,22624.1,
0,1,0,3906,7211.15,1,0,1,35264.8,16131.3,
0,1,0,3907,3254.89,1,0,1,35526.3,17799,
0,1,0,3908,7409.43,1,0,1,22887.3,19848.2,
0,1,0,3908,1581.05,1,0,1,36992.4,18564.6,
0,1,0,3910,13554.8,2,0,2,37629.3,13934.5,
0,1,0,3912,1783.07,1,0,1,37129.6,13874.9,
0,1,0,3929,19270.5,3,0,3,10042.7,30965.6,
0,1,0,3932,7429.6,1,0,1,9230.08,29552,
0,1,0,3961,1576.13,1,0,1,27770.2,23586.1,
0,1,0,3970,8329.23,1,0,1,15864.1,20252.7,
0,1,0,3976,3356.95,1,0,1,10579.6,34683.3,
0,1,0,3977,8450.24,2,0,2,11379.5,35010.8,
0,1,0,3980,10277.2,1,0,1,11704.2,39719.2,
0,1,0,3988,3072.84,1,0,1,15265.3,25930.4,
