# seq OFF,# seq ON,blinks,frame,intensity,lifetime,total OFF,total ON,x,y,
16,17,16,1,865991,1121,1044,77,38051,8964.37,
18,19,18,1,589250,922,870,52,24155.2,36579.9,
2,3,2,1,92138.3,12,3,9,27247.8,12943.5,
0,1,0,1,37419.3,3,0,3,19334.2,7994.17,
0,1,0,1,102470,11,0,11,32663.1,31888.9,
2,3,2,1,226600,300,273,27,15423.3,31692.3,
17,18,17,1,374378,330,291,39,1761.67,14189.1,
7,8,7,1,975606,339,255,84,8798.21,29265.2,
0,1,0,1,21143.7,2,0,2,23057,18085.1,
9,10,9,1,331637,933,897,36,22276,8536.77,
6,7,6,1,581145,351,295,56,36106.3,34450.5,
9,10,9,1,447145,896,847,49,18255.4,2528.25,
1,2,1,1,74457.1,20,12,8,38386.1,27982.8,
22,23,22,1,498795,644,594,50,30810.9,17087.5,
5,6,5,1,810717,341,260,81,15198.4,4353.33,
12,13,12,1,660272,1581,1514,67,30616,23774.7,
0,1,0,1,7570.91,1,0,1,12218.7,32515.3,
1,2,1,1,155534,28,12,16,7146.64,9743.76,
4,5,4,1,459509,356,310,46,14929.2,21501.5,
9,10,9,1,173117,809,790,19,27574.8,11366.1,
10,11,10,1,278562,43,14,29,6941.95,28652.3,
8,9,8,1,334265,310,274,36,7260.78,15116.7,
14,15,14,1,407066,706,659,47,33404.2,2539.2,
11,12,11,1,212334,1167,1139,28,39736,27972.4,
2,3,2,1,54032.1,271,266,5,6821.75,17754.5,
0,1,0,1,81151.7,9,0,9,2248.86,26524.1,
7,8,7,1,262846,42,13,29,5439.33,37192.3,
3,4,3,1,227430,94,68,26,7884.13,28704,
6,7,6,1,824400,336,249,87,14827.4,30095.9,
34,35,34,1,435240,1475,1428,47,32883.2,2152.52,
0,1,0,1,10168.2,1,0,1,5353.34,6712.71,
7,8,7,1,921150,141,44,97,36222,16963.3,
5,6,5,1,274888,210,180,30,26247.9,25329.5,
1,2,1,1,99775,101,89,12,23088.4,38577.2,
21,22,21,1,1.34729e+06,2713,2559,154,27470.6,28107.4,
6,7,6,1,375442,369,325,44,15126.9,24034.6,
3,4,3,1,371756,201,161,40,16333.8,7983.16,
65,66,65,1,1.60105e+06,1525,1350,175,3111.8,28608.6,
3,4,3,1,103575,385,374,11,8284.17,27176.7,
11,12,11,1,785475,897,822,75,12648,35748.6,
0,1,0,1,108154,10,0,10,25332.1,24559.9,
10,11,10,1,241014,624,600,24,20806.2,14297,
8,9,8,1,655999,760,696,64,23658.9,12573.9,
10,11,10,1,365546,609,573,36,29157.9,29903.5,
1,2,1,1,57018.4,45,40,5,26450.7,18161.8,
8,9,8,1,170254,742,726,16,5500.13,5429.77,
9,10,9,1,661882,645,584,61,9381.27,9185.97,
15,16,15,1,966383,961,862,99,36889.7,18663.7,
0,1,0,1,25913.3,3,0,3,12115.6,38462.4,
9,10,9,1,416527,780,735,45,32417.2,33279.7,
2,3,2,1,150148,264,251,13,14047.1,9795.42,
40,41,40,1,624813,1311,1249,62,4727.6,10855,
5,6,5,1,109696,26,15,11,9260.6,40027.1,
6,7,6,1,296296,579,545,34,31615.3,31369.3,
5,6,5,1,401986,365,324,41,24942.4,5711.1,
1,2,1,1,141435,91,76,15,4395.74,38505.6,
4,5,4,1,101192,41,31,10,25942.6,3636.68,
0,1,0,1,6560.19,1,0,1,22372,8180.79,
0,1,0,1,68819.1,8,0,8,26506.6,15631.8,
1,2,1,1,74312.6,79,70,9,25598.9,37517.3,
11,12,11,1,244230,683,655,28,40155.2,1315.83,
16,17,16,1,409221,213,169,44,32328.6,18071.1,
2,3,2,1,78629.9,108,100,8,29113.8,11440.3,
5,6,5,1,479388,75,25,50,11105,38414.7,
9,10,9,1,510301,301,245,56,9574.39,26771.2,
1,2,1,1,131844,58,43,15,25698.4,13794.2,
3,4,3,1,194216,173,151,22,21555.8,39819,
0,1,0,1,210987,24,0,24,31836.2,28534.8,
8,9,8,1,554655,680,618,62,31649.2,18367,
38,39,38,1,1.54391e+06,666,503,163,10547.5,34980.8,
13,14,13,1,962953,1590,1496,94,16111,21049.8,
3,4,3,1,417402,157,113,44,30412.9,4549.68,
4,5,4,1,237390,134,109,25,4803.3,36893.2,
2,3,2,1,252290,81,56,25,17958,18892.7,
15,16,15,1,1.87058e+06,1106,923,183,14252.5,20918.7,
1,2,1,1,192182,93,71,22,8794.44,35271.3,
7,8,7,1,277561,540,511,29,8228.13,32488.2,
4,5,4,1,248209,149,119,30,24666.3,37066.2,
1,2,1,1,42403.3,6,1,5,2911.64,13135,
50,51,50,1,1.52504e+06,2956,2803,153,35606,14072.6,
0,1,0,1,49231.4,4,0,4,9386.46,6698.06,
0,1,0,1,16775.9,3,0,3,35552.2,28075.5,
2,3,2,1,214681,58,36,22,18994.8,20844.6,
7,8,7,1,271952,647,620,27,8046.16,29260.2,
23,24,23,1,287198,1570,1538,32,22869.2,15240.8,
1,2,1,1,12945.8,31,29,2,12528.7,7311.74,
3,4,3,1,257225,645,619,26,6740.73,36112.7,
6,7,6,1,330381,762,729,33,39684.4,12437.8,
0,1,0,1,38960.9,4,0,4,40231.6,22963.4,
1,2,1,1,163847,37,18,19,39111.3,19507.2,
35,36,35,1,587634,2174,2114,60,37829.8,10960.4,
1,2,1,1,110109,13,1,12,2831.89,38540.8,
5,6,5,1,83687,420,412,8,34756.3,12321.8,
13,14,13,1,692320,276,216,60,31960.9,20374.9,
1,2,1,1,473395,295,249,46,24937.5,37818.5,
6,7,6,1,205620,396,376,20,9898.76,29371.2,
0,1,0,1,15827.5,1,0,1,30000.3,26411.6,
1,2,1,1,82753.3,24,16,8,22661.6,26504.2,
0,1,0,1,196471,17,0,17,34715,29996.2,
12,13,12,1,1.04001e+06,1208,1097,111,18921.4,28592.7,
6,7,6,1,631981,240,172,68,38832.3,34388.8,
8,9,8,1,425555,118,71,47,1378.03,25444.5,
7,8,7,1,153877,123,107,16,32081,9967.78,
5,6,5,1,87891.2,454,445,9,30612.8,36164.5,
0,1,0,1,27437.6,3,0,3,32748.3,36868.4,
1,2,1,1,130383,13,1,12,30138.7,10300.5,
2,3,2,1,230867,120,100,20,13619.4,30414.3,
6,7,6,1,280048,286,260,26,30337.5,30650.6,
11,12,11,1,664421,878,818,60,18033.8,28885.6,
2,3,2,1,52501.3,102,98,4,24515.9,20687.8,
3,4,3,1,91678.5,208,201,7,27592.9,16867.9,
4,5,4,1,94368,371,361,10,7098.49,35720.5,
0,1,0,1,28828,2,0,2,11732.2,23893.8,
4,5,4,1,187940,243,225,18,6579.29,21633.7,
8,9,8,1,276590,880,854,26,19864.4,15335.5,
0,1,0,1,13309.4,2,0,2,980.267,38432.9,
12,13,12,1,1.27514e+06,1315,1187,128,15909.5,22033.9,
4,5,4,1,159439,166,150,16,32813.5,29353.2,
2,3,2,1,72847.7,150,141,9,30090.3,39462.8,
1,2,1,1,170144,287,271,16,10984,38885.5,
5,6,5,1,461825,291,241,50,8044.62,31184.7,
12,13,12,1,601786,2023,1959,64,11969.3,28712.8,
6,7,6,1,551133,435,373,62,28006.5,30207.4,
10,11,10,1,608909,943,880,63,17939,37784.8,
4,5,4,1,226895,503,481,22,12792.6,5692.82,
34,35,34,2,569799,1614,1553,61,23405.9,3625.44,
2,3,2,2,47873,35,29,6,33223.7,29814.4,
5,6,5,2,111539,210,200,10,34756.9,28332.5,
2,3,2,2,30657.5,7,4,3,17047.7,7806.2,
1,2,1,2,23826.6,4,1,3,25884.9,22565.5,
0,1,0,2,10218.2,1,0,1,12921.4,21726.6,
12,13,12,2,233653,802,778,24,15296.2,12968.7,
1,2,1,2,82673.5,9,1,8,22485.8,21505.6,
2,3,2,2,42234.6,247,242,5,37959.9,541.856,
16,17,16,2,1.09388e+06,1695,1570,125,30500.3,32635.6,
0,1,0,2,5868.22,1,0,1,1122.74,39222.5,
39,40,39,2,1.19996e+06,721,602,119,2681.17,37110.1,
2,3,2,2,162843,37,21,16,30435.6,39691.2,
3,4,3,2,49083.6,11,5,6,4422.21,39922,
7,8,7,2,84582,255,246,9,36294.1,17793.9,
2,3,2,2,61905.7,11,3,8,12793.1,10918.4,
11,12,11,2,359973,582,540,42,938.564,7801.51,
9,10,9,3,118362,555,543,12,28148,13286,
2,3,2,3,51016.3,8,3,5,5436.6,37209.3,
0,1,0,3,8218.71,1,0,1,6929.44,35981.8,
0,1,0,3,10079.8,1,0,1,30719.6,14190.9,
15,16,15,3,354505,314,277,37,4164.54,14693.5,
4,5,4,3,48567,11,6,5,3796,21042.6,
6,7,6,3,262916,247,221,26,10245.6,10451.1,
0,1,0,3,33787.8,3,0,3,27596.7,36127.1,
5,6,5,3,68439.5,32,24,8,20389.9,6052.15,
0,1,0,4,5175.66,1,0,1,3661.28,27377.5,
3,4,3,4,101632,138,125,13,31283.4,26198.1,
8,9,8,4,291410,1112,1085,27,12777.4,16198.5,
0,1,0,4,14891.2,1,0,1,33080.4,2371.7,
11,12,11,5,255754,874,848,26,37400.6,36325.5,
0,1,0,5,8645.25,1,0,1,1374.98,22818.2,
5,6,5,5,61152.3,30,24,6,19210.4,980.116,
18,19,18,5,219383,2633,2612,21,36087.6,29949.1,
6,7,6,6,111086,282,269,13,7550.88,20318.1,
0,1,0,6,59720.6,7,0,7,22190.3,26281.4,
15,16,15,6,194075,393,373,20,2647.48,34918.3,
0,1,0,9,10680.2,1,0,1,15841.9,19515,
6,7,6,9,72440.8,354,345,9,38123.4,1295.28,
6,7,6,9,188147,406,386,20,12135.5,12840.6,
0,1,0,9,13415.8,1,0,1,3596.89,17426.8,
23,24,23,10,1.38443e+06,2567,2424,143,20349.3,12415.9,
7,8,7,10,85863.6,37,28,9,25184.1,23666.9,
24,25,24,11,1.26408e+06,1520,1388,132,21804.7,39929.3,
0,1,0,12,7561.01,1,0,1,5905.82,20253.2,
6,7,6,13,84249.2,428,421,7,33334.3,26873.1,
11,12,11,13,462223,808,763,45,35849.9,23718.9,
5,6,5,16,329432,225,195,30,33573.7,4213.75,
3,4,3,16,150150,230,214,16,38985.1,35171.1,
9,10,9,18,397946,639,605,34,5074.27,30060.5,
0,1,0,18,37382.1,3,0,3,13367.6,32959.3,
3,4,3,20,150768,77,62,15,28398.7,9534.82,
0,1,0,20,7408.66,1,0,1,34587.7,24423.8,
1,2,1,21,232411,72,47,25,33738.9,5584.32,
0,1,0,21,12348,1,0,1,15207.9,29124.4,
9,10,9,21,321381,875,841,34,18401.1,20494.2,
53,54,53,22,2.06254e+06,2800,2606,194,33921.1,37855.2,
0,1,0,22,38791.4,3,0,3,34955.1,38903,
5,6,5,26,402498,236,196,40,15273.8,31303,
7,8,7,27,583847,780,726,54,24290.3,39576.8,
5,6,5,28,84993.7,143,133,10,38795.9,13133.7,
2,3,2,30,913045,105,2,103,31676.6,24885.6,
2,3,2,31,28040.7,20,16,4,30143.6,26569.1,
11,12,11,34,248517,1674,1653,21,23282.1,33170,
3,4,3,37,82363.8,335,326,9,36315.6,12164.8,
0,1,0,37,26640.2,3,0,3,21467.4,39739.8,
5,6,5,38,196384,621,604,17,16135.3,36302.7,
0,1,0,39,9567.77,1,0,1,28954.7,36081.9,
1,2,1,44,55113.4,38,33,5,25533.3,26675,
3,4,3,44,122291,217,204,13,14215.6,11120.3,
1,2,1,47,44645.7,57,51,6,16694.3,12512.2,
2,3,2,48,36086.7,7,3,4,2671.79,37218.6,
3,4,3,52,337596,224,183,41,14625.1,37902.1,
20,21,20,52,812477,700,618,82,33415,14376.5,
7,8,7,53,313758,714,677,37,19484.8,9047.96,
0,1,0,54,73893.1,8,0,8,5852.13,27018.9,
1,2,1,57,10385.9,227,225,2,19439.1,22667.9,
7,8,7,61,86767.3,839,829,10,34014,8941.63,
7,8,7,63,391253,390,349,41,21812.4,20381,
8,9,8,65,401511,738,700,38,27477.6,24372.2,
5,6,5,66,326321,376,345,31,20792.9,17305.2,
3,4,3,69,183256,215,195,20,25508.8,17529.5,
1,2,1,69,17596.3,64,62,2,32073.2,37916.6,
7,8,7,69,185396,847,829,18,29005.7,18750.9,
15,16,15,71,339482,305,269,36,23592.6,20972.2,
1,2,1,73,154955,126,111,15,23898.3,12522.6,
12,13,12,81,255197,294,265,29,20075.9,17584.5,
3,4,3,86,57878.2,36,30,6,23306.4,21382.3,
0,1,0,89,26824.6,3,0,3,14056.8,22999,
8,9,8,89,519800,575,519,56,18139.2,24878,
6,7,6,94,174552,173,155,18,20528.1,2010.72,
6,7,6,95,248434,191,166,25,31466,13962.5,
47,48,47,96,1.53005e+06,1462,1311,151,9739.77,28268.4,
14,15,14,100,415869,1850,1805,45,38215.7,39615.6,
1,2,1,103,116699,169,158,11,25072.1,15720,
4,5,4,104,37218.9,438,433,5,3536.93,23879,
13,14,13,106,764418,831,751,80,39039.7,24281.1,
1,2,1,106,24158.1,4,1,3,40275.4,18285.8,
0,1,0,106,7234.15,1,0,1,11687.1,5878.12,
0,1,0,111,11452.2,1,0,1,12030.4,39434.3,
2,3,2,113,282703,32,2,30,13978.7,24609,
18,19,18,113,522971,580,521,59,35537.7,8685.6,
32,33,32,115,542944,1059,1008,51,26730.5,3298.73,
0,1,0,116,76381.3,8,0,8,2549.13,4056.07,
10,11,10,116,693683,1139,1064,75,7876.48,39624.7,
1,2,1,132,12447.2,76,74,2,13633.8,40318.3,
0,1,0,138,263973,24,0,24,34194.6,34237.2,
0,1,0,141,5877.28,1,0,1,30016.9,39467.7,
0,1,0,142,34195.4,4,0,4,8459.06,24241.9,
0,1,0,145,5942.21,1,0,1,7553.51,26080.6,
14,15,14,154,313916,1177,1142,35,32969.4,32438.3,
0,1,0,166,10012.6,1,0,1,5087.47,11133.2,
0,1,0,167,8968.77,1,0,1,5927.83,14180.3,
9,10,9,170,142539,766,752,14,36954.2,1166.9,
1,2,1,170,99896.6,68,57,11,31303.9,29960.1,
8,9,8,185,606823,1404,1336,68,3051.56,20563.6,
8,9,8,196,869694,790,714,76,16297.2,38033.9,
4,5,4,198,422771,199,154,45,23957.7,22595.4,
0,1,0,199,61812.4,6,0,6,23152.1,20229.2,
3,4,3,202,109031,35,24,11,21649.7,34576.7,
0,1,0,207,10819.5,1,0,1,21669.2,39908.7,
1,2,1,214,59048.2,46,40,6,37098.9,16163.8,
0,1,0,215,3994.16,1,0,1,1412.77,17179.1,
0,1,0,217,8427.1,1,0,1,8300.4,8819.17,
0,1,0,218,7753.66,1,0,1,9802.55,9906.53,
0,1,0,226,10326.7,1,0,1,10653.3,10902.9,
0,1,0,228,8325.9,1,0,1,12969.5,5650.49,
5,6,5,229,102943,91,82,9,4024.68,39058.3,
0,1,0,231,23343.1,1,0,1,30388.5,29244.5,
5,6,5,233,158729,709,690,19,18465.5,23308.3,
0,1,0,234,10178,1,0,1,10992.7,38960.5,
3,4,3,239,139582,245,230,15,28453.4,34499.6,
0,1,0,241,16275.8,2,0,2,1164.4,15670.5,
1,2,1,241,36708,52,46,6,27843.6,31154.1,
6,7,6,245,308468,767,733,34,31201.7,22611,
0,1,0,247,22741.2,2,0,2,36849.7,38383.1,
2,3,2,262,26057.6,105,102,3,28700.3,18772.4,
3,4,3,265,60309.5,530,523,7,8553.78,7990.73,
1,2,1,278,87651,392,382,10,29171.4,11704.6,
5,6,5,284,121494,74,60,14,2671.48,36973.2,
2,3,2,290,122521,31,19,12,24227.4,24354.6,
6,7,6,313,232118,701,678,23,39630.9,14449.1,
0,1,0,314,25746.6,4,0,4,21370.4,6573.59,
0,1,0,315,13094.5,1,0,1,26852.5,17983.6,
0,1,0,324,8569.79,1,0,1,33333.2,3909.53,
0,1,0,325,10071.8,1,0,1,35472,16619.7,
6,7,6,337,163578,56,39,17,4239.24,28636.5,
3,4,3,338,182015,174,157,17,3411.21,32858.3,
50,51,50,352,1.76436e+06,1964,1793,171,19639.4,31121.2,
15,16,15,360,441141,1256,1207,49,28684.2,23014.8,
0,1,0,363,6534.49,1,0,1,29002.7,29887,
0,1,0,386,31864.5,3,0,3,22703.9,39057.4,
1,2,1,388,30712.3,11,7,4,11048.2,21047.9,
0,1,0,392,60194.4,5,0,5,24759,7835.01,
14,15,14,406,429500,678,633,45,28466.7,37741.2,
1,2,1,431,23319.6,190,188,2,4154.04,9472.53,
6,7,6,434,200923,332,309,23,32167.7,36241.9,
10,11,10,436,138196,298,283,15,5875.9,20204.7,
0,1,0,454,11660.3,1,0,1,27517.9,22959.6,
14,15,14,458,134303,239,223,16,16047.1,39025.8,
6,7,6,474,472008,776,729,47,16755.1,18672.3,
0,1,0,476,19185,1,0,1,28121.3,36770.3,
5,6,5,480,147021,247,228,19,979.219,38373.9,
27,28,27,483,732702,672,581,91,4386.9,39829.4,
1,2,1,505,41475.4,7,2,5,33452.6,35675.1,
0,1,0,512,11027.8,2,0,2,32663,7127.25,
0,1,0,523,7009.29,1,0,1,11453.5,35362,
3,4,3,527,62776.6,76,69,7,21433.7,36239.9,
0,1,0,530,19985.2,2,0,2,34569.6,16664.3,
2,3,2,532,42346.6,302,298,4,33520.1,1571.01,
0,1,0,538,9177.38,1,0,1,14540,11283.4,
1,2,1,539,72860.2,9,1,8,34044.7,37700.4,
0,1,0,540,9226.67,1,0,1,16085.4,10409.3,
3,4,3,553,59148.7,235,227,8,33908.3,37862.4,
0,1,0,564,9891.79,1,0,1,3932.09,4334.79,
5,6,5,568,111356,18,5,13,40241.7,18254.1,
3,4,3,574,147425,138,123,15,35244.5,7439.78,
5,6,5,577,312613,133,99,34,9342.87,6626.43,
0,1,0,586,8443.29,1,0,1,19161.7,32788.6,
1,2,1,589,48952.7,28,24,4,27945,28154.4,
0,1,0,591,7143.32,1,0,1,570.219,27324,
0,1,0,592,14647.4,1,0,1,5337.46,6704.85,
14,15,14,611,633881,1232,1157,75,28925.9,22132.5,
0,1,0,620,7086.83,1,0,1,12703.5,13925.1,
5,6,5,650,574652,157,97,60,17374.8,17943.6,
0,1,0,651,6755,1,0,1,1425.94,17582.9,
2,3,2,659,193300,125,108,17,29427.9,31463.4,
5,6,5,666,70580.1,146,139,7,9628.04,32022.5,
0,1,0,666,40402.6,4,0,4,33086.4,5534.76,
5,6,5,667,446413,295,255,40,21761,5710.57,
3,4,3,671,224627,95,76,19,24988.4,37053.6,
0,1,0,673,12197.3,1,0,1,34637.4,39682.5,
0,1,0,703,6427.61,1,0,1,33048.6,2265.93,
7,8,7,707,282937,598,569,29,33540.5,7600.18,
2,3,2,713,54974.4,334,329,5,15782.6,26988.5,
8,9,8,716,111204,143,131,12,17199.7,12043.4,
9,10,9,727,134501,270,256,14,38520.8,8415.66,
3,4,3,728,34162.3,439,435,4,11989.3,39364.1,
14,15,14,738,385284,580,540,40,10250.4,18204.9,
7,8,7,738,239432,351,326,25,14026.2,9741.36,
2,3,2,752,99872,345,334,11,34708.5,10945.7,
9,10,9,759,170498,133,114,19,33348.1,3877.92,
1,2,1,759,15821.7,359,356,3,1405.47,17018,
0,1,0,767,15287.2,1,0,1,19419.3,29132.1,
8,9,8,772,85548.7,339,329,10,10533.4,16456.6,
23,24,23,782,2.22577e+06,1626,1389,237,23885.1,12433.8,
0,1,0,784,27793.8,3,0,3,4789.61,36821.1,
6,7,6,790,87771.6,119,111,8,8490.56,28090.1,
1,2,1,797,56231.7,136,131,5,10953.9,38848.5,
5,6,5,800,338666,570,534,36,18779.5,6235.06,
12,13,12,803,519635,826,776,50,33198.4,39069.1,
5,6,5,806,82864.5,726,716,10,22449.6,21418.4,
3,4,3,820,140492,621,606,15,1305.09,19127.4,
6,7,6,831,121687,617,606,11,29013.5,2248.29,
0,1,0,843,9974.88,1,0,1,2908.27,13135.5,
0,1,0,845,5155.42,1,0,1,30578.9,8569.9,
18,19,18,846,284413,726,697,29,3568.64,17380.2,
1,2,1,850,37184.2,5,1,4,34749.1,28255.9,
0,1,0,857,13106.4,1,0,1,20341.1,5930.65,
5,6,5,865,73022.9,108,99,9,19394.9,22652.5,
3,4,3,898,172537,166,145,21,8009.42,31114.3,
0,1,0,902,5712.25,1,0,1,2621.88,34876.5,
8,9,8,902,332085,140,107,33,13990.4,8402.5,
1,2,1,904,97273.1,22,11,11,11664.5,25306.7,
3,4,3,920,179467,237,215,22,27577.9,20535.9,
0,1,0,935,23054.9,2,0,2,32647.3,7064.46,
30,31,30,935,295338,551,515,36,26870.6,8532.06,
2,3,2,938,33878.9,215,212,3,14601.8,37854,
0,1,0,942,28569.4,3,0,3,3120.77,1228.82,
0,1,0,943,12082.7,1,0,1,10646.1,10920.1,
1,2,1,943,119433,56,44,12,3214.33,20041.9,
0,1,0,943,9780.34,1,0,1,15529.9,40113.1,
2,3,2,963,104813,58,48,10,33610,22550.2,
6,7,6,992,215233,408,386,22,35010.8,17132.8,
0,1,0,993,7110.6,1,0,1,36180.9,16965,
2,3,2,1000,97359.8,447,437,10,12104.9,38363.3,
3,4,3,1013,166846,247,230,17,37936.4,10696.8,
6,7,6,1018,119702,116,105,11,3531.93,23883.4,
0,1,0,1019,157988,18,0,18,3139.25,39975,
0,1,0,1045,12839.2,1,0,1,15178.1,4234.41,
7,8,7,1060,464252,991,946,45,16691.5,22795.9,
0,1,0,1071,8238.82,1,0,1,32671,7349.63,
0,1,0,1072,12346.9,1,0,1,24655.7,10047.6,
4,5,4,1079,45902.5,50,45,5,28112.3,13167.8,
0,1,0,1088,19202.5,2,0,2,37775.1,10948.5,
2,3,2,1096,175558,267,250,17,8033.98,29186.5,
0,1,0,1099,7246.05,1,0,1,33399.8,35670.9,
24,25,24,1109,858781,1876,1782,94,24883.9,37741.3,
0,1,0,1115,22439.3,3,0,3,6937.72,18566.4,
0,1,0,1116,18008.2,1,0,1,12860.9,22654.5,
1,2,1,1117,15590.1,92,90,2,19489.1,695.937,
11,12,11,1119,639854,951,874,77,28075.8,8296.01,
0,1,0,1120,10726.8,1,0,1,6727.98,36101.9,
0,1,0,1124,6690.36,1,0,1,33516.4,22228.1,
7,8,7,1129,636695,578,514,64,31491.7,30892,
0,1,0,1142,13738.2,1,0,1,26270.5,26504.1,
6,7,6,1143,209726,845,822,23,35800.3,27709.7,
1,2,1,1149,29901.6,5,1,4,5497.52,5394.58,
1,2,1,1155,50361,6,1,5,12978.7,29214.1,
19,20,19,1158,310404,534,498,36,2661.72,36921.9,
16,17,16,1171,217138,77,53,24,5870.76,20181,
1,2,1,1197,45894.6,68,63,5,23395.2,23342.5,
7,8,7,1207,71286.5,383,375,8,26468.8,513.248,
36,37,36,1213,997439,1593,1489,104,30440.3,28248.2,
0,1,0,1217,4719.73,1,0,1,22836.6,21134.4,
0,1,0,1236,12616.7,1,0,1,33828.8,37511.8,
2,3,2,1256,67306.5,341,334,7,14225.9,30954.3,
0,1,0,1273,7929.93,1,0,1,15149.2,36852.7,
1,2,1,1277,17915.1,10,8,2,28373.7,1481.82,
20,21,20,1283,345180,534,502,32,13822.4,37635.7,
0,1,0,1288,14938.5,1,0,1,33906.8,37837.3,
3,4,3,1299,107813,196,186,10,25082.3,20834.6,
0,1,0,1310,12593,2,0,2,35773.5,38958.5,
2,3,2,1317,47533.4,26,22,4,3234.52,25079.4,
6,7,6,1346,114659,388,376,12,34164.8,18371,
1,2,1,1357,23911.1,7,5,2,32811.9,29243.7,
4,5,4,1375,98035.7,196,186,10,9880.96,1749.68,
0,1,0,1383,9097.08,1,0,1,10669.4,36452,
7,8,7,1395,191977,827,808,19,33655.7,5467.27,
4,5,4,1398,635224,547,483,64,954.021,38312.6,
0,1,0,1400,16469.2,2,0,2,10267.7,37126.9,
2,3,2,1432,242846,223,196,27,6915.68,30864.5,
7,8,7,1433,228224,307,280,27,18797,4666.5,
1,2,1,1435,19310.6,4,2,2,5062.71,29958.1,
0,1,0,1436,27045.6,3,0,3,2974.09,2901.73,
2,3,2,1437,97706,421,411,10,28982.5,18681.4,
0,1,0,1442,81588.1,7,0,7,29906.5,29188.9,
15,16,15,1452,881301,2488,2392,96,32505.5,20851.2,
4,5,4,1455,80676.5,382,372,10,24701.9,4205.42,
11,12,11,1456,103274,512,500,12,31173.7,24853.7,
0,1,0,1465,18070.9,1,0,1,15167.8,4280.77,
9,10,9,1475,562021,868,809,59,37871,25583.8,
0,1,0,1499,6820.57,1,0,1,19337.1,22574.2,
5,6,5,1501,615461,538,467,71,5288.35,30706.6,
6,7,6,1507,96709,178,168,10,36935.4,1123.59,
0,1,0,1513,46247.9,5,0,5,11387.8,25198.2,
0,1,0,1515,6102.8,1,0,1,5309.12,6578.92,
11,12,11,1520,552916,335,278,57,25838.2,22441.9,
0,1,0,1536,19001.9,2,0,2,15760.2,26946.5,
3,4,3,1542,86623.4,222,213,9,25703.4,23993,
0,1,0,1547,106678,13,0,13,31779.5,17899.3,
0,1,0,1559,9351.63,1,0,1,38312.7,26810.3,
1,2,1,1561,13651.6,302,300,2,28134,13172.6,
0,1,0,1562,11911.1,1,0,1,18647.9,12298.8,
2,3,2,1563,37527,40,35,5,37892.9,14562,
10,11,10,1566,301986,505,474,31,4179.57,30555.4,
0,1,0,1572,8083.59,1,0,1,6688.62,36048.3,
0,1,0,1582,15092.1,1,0,1,20429.2,12271,
2,3,2,1595,35810.2,18,14,4,3210.35,19976,
5,6,5,1599,354971,341,305,36,23006.4,11253.9,
5,6,5,1599,81020.4,498,490,8,34869.2,1469.34,
2,3,2,1602,124051,113,100,13,28165.3,22781.9,
3,4,3,1611,251519,121,96,25,22747.5,33184.2,
0,1,0,1613,13271.1,1,0,1,13842.2,2088.57,
0,1,0,1646,9409.36,1,0,1,13785.8,30956.8,
0,1,0,1647,12456.7,1,0,1,14013.6,30882.4,
0,1,0,1650,10739.8,1,0,1,31045.2,24821.8,
0,1,0,1650,12027.7,1,0,1,11491.8,26507.5,
0,1,0,1650,14016.2,1,0,1,12797.4,26996.1,
0,1,0,1658,8581.06,1,0,1,9669.79,37105.3,
7,8,7,1665,1.03799e+06,1006,905,101,23470.9,28927.6,
1,2,1,1668,52532.2,24,19,5,23038.3,704.798,
4,5,4,1671,386796,512,466,46,36192,28961.4,
0,1,0,1683,6590.35,1,0,1,24801.6,7806.82,
0,1,0,1686,24871.5,1,0,1,35537.7,8555.58,
0,1,0,1687,7221.72,1,0,1,11065.6,11348,
6,7,6,1689,91144.6,879,870,9,10525.9,16472.8,
1,2,1,1694,12790.5,138,136,2,24917.3,5642.47,
0,1,0,1697,15631.5,1,0,1,36453.7,4406.84,
7,8,7,1702,184420,391,371,20,33718.8,23554.6,
0,1,0,1726,232626,22,0,22,30104.4,26355.2,
0,1,0,1737,10982.4,1,0,1,12105.4,12827.5,
7,8,7,1744,82551.3,243,233,10,36487.7,1190.9,
2,3,2,1745,35637.3,142,138,4,22931.5,28692.8,
4,5,4,1751,80392.2,568,561,7,39624.5,14391.3,
28,29,28,1812,408033,1342,1298,44,12767.5,16149.6,
3,4,3,1828,130171,198,185,13,14885.5,32380.7,
2,3,2,1829,103612,71,60,11,37047.1,14054.3,
11,12,11,1834,160095,106,88,18,11557.3,27410.1,
5,6,5,1862,259552,314,294,20,29892.3,29162.9,
11,12,11,1862,1.06254e+06,1093,993,100,15133.7,19511.6,
1,2,1,1862,20596.6,335,333,2,1423.92,17058.2,
7,8,7,1866,643572,634,577,57,23418.5,8420.46,
9,10,9,1868,156030,279,264,15,33472.4,1484.51,
37,38,37,1874,1.35038e+06,1985,1844,141,22856.4,22665.1,
9,10,9,1875,362719,970,927,43,5202.93,17201.7,
4,5,4,1879,88354.2,39,28,11,12284.3,26148.7,
1,2,1,1887,37956.8,244,240,4,29620.4,37381.7,
0,1,0,1894,9092.4,1,0,1,12090.6,38353.6,
21,22,21,1904,354817,844,806,38,29003.5,2224.62,
0,1,0,1935,6668.85,1,0,1,35476.6,30449.6,
11,12,11,1949,721796,556,483,73,13573.8,18274.2,
1,2,1,1954,12524.6,330,328,2,19423.3,22610.9,
3,4,3,1960,56495.2,168,161,7,5851.09,20160.2,
10,11,10,1961,307493,848,819,29,17840.5,16500.7,
7,8,7,1969,101630,88,79,9,18176.5,3165.3,
1,2,1,1969,22710,48,46,2,22367.9,12336.8,
1,2,1,1973,184782,59,38,21,13376.6,35090.2,
7,8,7,1980,284409,326,295,31,21587.9,15764.4,
0,1,0,1992,11664.4,1,0,1,2927.42,13009.3,
0,1,0,2006,7871.17,1,0,1,4226.62,21012,
0,1,0,2010,21385.4,2,0,2,13024.4,27193.5,
2,3,2,2011,86065.3,397,385,12,38193.6,30660.9,
1,2,1,2016,16884.7,379,377,2,4378.25,39811.6,
9,10,9,2024,317303,95,65,30,5282.68,6627.75,
0,1,0,2042,10918.4,1,0,1,22130.5,1444.6,
4,5,4,2049,68577.1,18,12,6,24113.2,36524.2,
9,10,9,2052,728912,857,784,73,12876.3,19859,
0,1,0,2053,41659.6,3,0,3,9890.47,1758.63,
2,3,2,2058,62074.6,127,121,6,20104.1,31591.9,
1,2,1,2068,453869,53,9,44,6911.07,30849.3,
0,1,0,2076,38268.7,4,0,4,28106.5,23814.4,
12,13,12,2109,168200,38,20,18,3564.84,17363.2,
13,14,13,2111,453465,1789,1748,41,22431.5,21378.1,
1,2,1,2111,148560,390,375,15,25060.3,20807.4,
1,2,1,2116,21271.1,343,341,2,3987.53,38953.1,
23,24,23,2130,1.35764e+06,1794,1670,124,18671.6,39754.8,
5,6,5,2136,236792,887,867,20,30589.8,23700.1,
3,4,3,2147,106600,13,6,7,2653.06,36921.1,
0,1,0,2154,134467,11,0,11,30137.3,28156.4,
0,1,0,2174,17819.4,2,0,2,15016.1,28711.3,
4,5,4,2175,374192,408,368,40,20611.5,24320.4,
8,9,8,2176,284155,415,387,28,36336.9,9868.45,
0,1,0,2186,12060.2,1,0,1,16211.1,31155.5,
16,17,16,2194,250142,923,904,19,12944.7,22080.5,
0,1,0,2200,21950.3,2,0,2,3529.47,23895.6,
8,9,8,2202,397832,192,151,41,16180.2,33430.5,
2,3,2,2203,72660,150,143,7,32262.7,17960,
4,5,4,2209,907016,94,4,90,27176.4,20419,
2,3,2,2212,23093.5,10,7,3,26432.2,491.637,
0,1,0,2216,11635.7,1,0,1,28353.4,25620.4,
1,2,1,2219,18845.1,8,6,2,23964.6,1873.13,
0,1,0,2224,5599.08,1,0,1,6693.22,12265.5,
0,1,0,2236,10428.4,1,0,1,13789,37638.6,
0,1,0,2287,10805.7,2,0,2,29736.8,18461.4,
2,3,2,2295,84302.6,107,97,10,28161.6,15772.5,
4,5,4,2304,153847,124,110,14,38644.8,6146.1,
13,14,13,2314,261758,908,882,26,22896.5,28669.9,
1,2,1,2316,51427.2,91,86,5,12087.7,38331.1,
5,6,5,2342,235402,386,361,25,28367.2,33445.5,
0,1,0,2343,78930.6,9,0,9,33419.8,1992.85,
7,8,7,2358,138695,280,265,15,38662.2,644.774,
2,3,2,2370,155599,198,182,16,672.246,28323.8,
7,8,7,2405,91303.5,538,530,8,38201.8,39551.2,
7,8,7,2423,378968,101,72,29,13677,3371.91,
0,1,0,2471,7812.94,1,0,1,21783,39817.8,
11,12,11,2473,325951,798,761,37,4175.46,20964.3,
0,1,0,2476,15793.4,2,0,2,21605.8,37240.9,
12,13,12,2494,1.0589e+06,1438,1339,99,11050.9,11297.2,
3,4,3,2494,60955.5,101,96,5,6338.1,19071.3,
0,1,0,2497,12517.9,1,0,1,16813.2,29887.3,
1,2,1,2508,26347.1,286,283,3,9874.32,1749.52,
0,1,0,2511,14527.3,1,0,1,24503.6,22370.1,
0,1,0,2516,50194.7,4,0,4,4922.96,26143.8,
0,1,0,2523,59225.5,4,0,4,16484.1,19460.3,
0,1,0,2530,5775.06,1,0,1,7684.25,25382.1,
1,2,1,2534,61093.8,28,22,6,13727.8,31841.9,
1,2,1,2537,17876.4,233,231,2,4999.11,29957,
9,10,9,2540,352371,477,447,30,33974.2,8977.75,
3,4,3,2563,217841,279,261,18,28972.5,18659.9,
13,14,13,2589,497061,854,802,52,34695.6,31910.3,
3,4,3,2590,158452,68,54,14,15585.4,35020,
0,1,0,2595,10472,1,0,1,7230.73,18640.3,
5,6,5,2600,303839,363,334,29,17127.2,23117.4,
4,5,4,2614,452790,234,178,56,36785.8,31515.5,
0,1,0,2617,10616.7,1,0,1,13910.8,34717.8,
0,1,0,2622,13013,2,0,2,39286.5,13568.1,
14,15,14,2628,211926,321,300,21,16208.2,31111.1,
6,7,6,2630,378652,599,558,41,28879.9,30102.2,
4,5,4,2647,240759,650,629,21,28782.1,23479,
10,11,10,2654,152391,179,166,13,3570.3,17336.3,
2,3,2,2660,41876.4,5,2,3,33647.2,5476.37,
11,12,11,2661,894701,1301,1233,68,29147.7,36346.6,
2,3,2,2664,331230,166,132,34,32864.1,21424.5,
2,3,2,2669,38910.7,379,374,5,33469.6,1435.76,
0,1,0,2683,8907.12,1,0,1,30551.4,27441.9,
0,1,0,2686,12505.7,1,0,1,34573.2,34003.2,
7,8,7,2690,187871,255,234,21,10609.2,1755.36,
0,1,0,2696,13784.4,1,0,1,27835.3,31042.8,
0,1,0,2708,63808.3,7,0,7,33352.3,10915.2,
3,4,3,2712,53377.6,487,480,7,1394.65,16988.2,
10,11,10,2715,549749,1190,1140,50,32115.6,21987,
0,1,0,2719,52487.1,6,0,6,29359,10957.2,
14,15,14,2724,495737,69,17,52,15761.8,3466.2,
3,4,3,2767,41936.1,332,328,4,5819.68,38727.8,
0,1,0,2778,6942.85,1,0,1,38839.9,12108.8,
3,4,3,2790,214481,132,115,17,15024.1,28691.9,
6,7,6,2790,175811,363,346,17,20919.3,7550.67,
0,1,0,2793,6493.61,1,0,1,22952.1,17917,
5,6,5,2821,48714,329,321,8,12077.3,38303.5,
1,2,1,2825,32809,5,1,4,24112.2,36510.1,
4,5,4,2837,142540,236,224,12,19630.9,31076.1,
1,2,1,2840,20393.9,4,1,3,5588.81,3258.1,
0,1,0,2845,11818.1,1,0,1,13923.3,2185.29,
4,5,4,2856,150838,486,468,18,949.281,38285,
20,21,20,2857,311957,232,199,33,2628,36868.7,
3,4,3,2859,35446.5,640,636,4,15156,4218.28,
1,2,1,2860,60631.4,9,3,6,40198.1,1963.51,
5,6,5,2864,73685.9,942,934,8,29416.3,34233,
7,8,7,2864,192573,461,447,14,12801.6,10972.6,
2,3,2,2869,64225.4,373,367,6,8746.91,29776.9,
0,1,0,2882,7588.88,1,0,1,25075.3,21764.5,
14,15,14,2885,966701,1115,1022,93,20790.8,14046.4,
0,1,0,2919,8440.42,1,0,1,1651.75,31873.8,
2,3,2,2927,17458.2,38,35,3,15457.5,28741,
0,1,0,2938,14835.8,2,0,2,22317,32748.8,
8,9,8,2940,674426,984,906,78,26777,34468.5,
0,1,0,2945,8030.2,1,0,1,25043.6,32207.7,
25,26,25,2950,350873,912,867,45,31571.6,15948.6,
0,1,0,2951,10218.2,1,0,1,4981.69,18602.9,
4,5,4,2952,140386,528,509,19,34498.4,17223.4,
6,7,6,2960,249037,1004,975,29,16169.7,33403.9,
0,1,0,2962,31803.2,2,0,2,3528.27,23804.8,
0,1,0,2975,6841.53,1,0,1,29410.1,38307.7,
0,1,0,2976,122814,7,0,7,29372.6,38500.8,
0,1,0,2976,5922.17,1,0,1,7596.06,39206.7,
1,2,1,2981,25890.8,283,281,2,37825.6,25587.4,
0,1,0,2984,7516.64,1,0,1,35456.6,1826.65,
10,11,10,2991,524328,953,902,51,37111.5,24364.7,
0,1,0,2994,24595.6,3,0,3,18755.4,26421.6,
3,4,3,3008,33898,292,288,4,26448.9,486.8,
2,3,2,3008,108272,13,2,11,13750,3647.52,
0,1,0,3015,49735.7,5,0,5,16668.4,22771.7,
9,10,9,3031,513035,959,905,54,20863.3,27816.7,
5,6,5,3044,135745,340,321,19,37386.8,9376.39,
2,3,2,3062,28870.1,8,5,3,33636.8,5987.33,
0,1,0,3078,6773.9,1,0,1,36885.5,18847.2,
4,5,4,3093,55938.5,199,192,7,36083.1,29906,
1,2,1,3096,104184,61,49,12,19290.4,37731.4,
0,1,0,3101,7748.19,1,0,1,29980.2,16116.7,
0,1,0,3115,8158.31,1,0,1,28402.6,25530.2,
1,2,1,3118,61496.8,12,5,7,9604.77,31938.4,
29,30,29,3134,716122,503,427,76,10222,18139.3,
19,20,19,3139,261909,862,835,27,1476.25,33446.5,
1,2,1,3139,13460.1,287,285,2,35483.5,8586.48,
7,8,7,3164,138890,264,246,18,29920.4,17767.7,
0,1,0,3181,12898.1,2,0,2,6666.9,12231.8,
6,7,6,3223,226071,103,73,30,37590.1,32332.6,
0,1,0,3267,9298.54,1,0,1,16760.1,11743.5,
0,1,0,3268,7633.58,1,0,1,5001.71,29909.3,
3,4,3,3270,32531.4,340,336,4,33627.5,5417.64,
0,1,0,3272,8009.76,1,0,1,8986.72,24508.1,
0,1,0,3275,6400.69,1,0,1,25298.2,11265.9,
13,14,13,3300,401323,486,440,46,2447.32,15950,
6,7,6,3306,87658,624,612,12,19379.9,22567.1,
0,1,0,3307,12688.5,1,0,1,29203.3,17653.8,
0,1,0,3312,27356.2,4,0,4,31867,10587.8,
0,1,0,3317,7457.14,1,0,1,33531.3,15328.1,
0,1,0,3332,11492.9,2,0,2,18237.5,2410.81,
0,1,0,3335,10087.8,1,0,1,28956.4,2259.69,
2,3,2,3340,157750,232,216,16,21737.2,17087.8,
3,4,3,3342,78196.2,427,422,5,36222.6,9527.36,
0,1,0,3349,16407.4,1,0,1,14561.4,19042.2,
2,3,2,3350,168772,16,2,14,4336.05,39765.3,
1,2,1,3357,19752.8,4,2,2,23456.2,28880.3,
8,9,8,3372,279192,226,193,33,28712.4,12158,
23,24,23,3382,379872,546,506,40,6031.88,8682.16,
0,1,0,3408,67641.1,8,0,8,31807.5,31723.5,
4,5,4,3408,180910,333,322,11,37408.3,26483.1,
5,6,5,3422,256694,261,236,25,17135.3,15616.5,
0,1,0,3433,7893.06,1,0,1,9250.2,18189.4,
5,6,5,3434,144194,152,135,17,10607.5,1743.53,
0,1,0,3439,5528.55,1,0,1,38886.8,30983.2,
1,2,1,3456,13002.1,22,20,2,15405.9,28733.7,
2,3,2,3460,44934.7,372,366,6,30594.9,23666.3,
2,3,2,3462,20220.2,70,67,3,27075.6,27726.5,
0,1,0,3472,15621.7,2,0,2,14676.1,7478.91,
0,1,0,3473,4867.26,1,0,1,11717.2,10911.2,
1,2,1,3482,14166.5,324,322,2,10471.4,16463.3,
4,5,4,3484,39316.3,23,18,5,2584.22,34789.1,
0,1,0,3484,6831.58,1,0,1,27793.9,31025.1,
21,22,21,3505,604670,316,253,63,39157.6,12901.7,
3,4,3,3515,118413,203,191,12,30614.3,29510.3,
2,3,2,3529,75151,466,458,8,4883.72,2898.14,
2,3,2,3553,105820,195,183,12,34005.2,32143.5,
6,7,6,3557,123204,244,232,12,27994.8,9630.99,
0,1,0,3562,9308.08,1,0,1,30808,5322.73,
0,1,0,3563,33925,4,0,4,29231.7,7218.33,
0,1,0,3563,18129.2,2,0,2,30084.5,20741.2,
2,3,2,3571,91167.6,310,301,9,33460.2,1451.27,
3,4,3,3572,191805,373,355,18,39595.1,14345.9,
5,6,5,3590,334217,384,348,36,35853.2,17536.5,
0,1,0,3600,4942.28,1,0,1,24620.4,4255.22,
0,1,0,3601,10465.4,1,0,1,33960,15625.7,
1,2,1,3601,15912.5,5,3,2,24898.2,5608.49,
4,5,4,3611,251348,364,341,23,33233.4,39093.9,
2,3,2,3619,143412,179,162,17,11726.1,6494.98,
3,4,3,3625,465539,346,297,49,17067.5,30513.3,
3,4,3,3663,69402.1,308,299,9,25083.8,16303.1,
2,3,2,3676,57546.7,129,122,7,31999.3,32705.6,
0,1,0,3678,10932.8,1,0,1,5828.61,38690.6,
0,1,0,3686,9140.62,1,0,1,24374.9,13785.1,
0,1,0,3687,10828.6,1,0,1,37150.4,26290.4,
2,3,2,3727,28860,8,5,3,30691.9,13236,
2,3,2,3746,81518.7,52,43,9,24087.8,36470.3,
2,3,2,3758,92083.8,25,15,10,34977,9506.69,
4,5,4,3767,108499,99,87,12,16651,22750.8,
7,8,7,3775,217058,202,181,21,26136,24462.1,
0,1,0,3776,10303.9,1,0,1,20276.6,5909.81,
2,3,2,3785,124657,98,84,14,37786.1,16077.7,
0,1,0,3791,8801.24,1,0,1,22789,8788.41,
0,1,0,3814,25223.6,3,0,3,34915.2,15908.3,
1,2,1,3815,57755.4,162,153,9,40145.1,27145.4,
1,2,1,3816,16634.9,3,1,2,5075.52,29904.8,
2,3,2,3816,44791.4,8,2,6,5508.32,9260.59,
1,2,1,3817,40369.2,8,3,5,33398.5,1956.41,
0,1,0,3824,9223.27,1,0,1,2681.78,32962.5,
0,1,0,3825,9440.47,1,0,1,2345.08,34104.8,
0,1,0,3826,62441.4,6,0,6,7998.43,39847.8,
0,1,0,3843,10262,1,0,1,25050.1,20792.7,
1,2,1,3845,94719.4,11,1,10,17465.7,17623.8,
2,3,2,3848,25380.4,27,24,3,26454.7,479.965,
2,3,2,3856,110483,132,119,13,29814.7,8143.98,
0,1,0,3859,22007,2,0,2,28413,19287.5,
0,1,0,3862,9258.21,1,0,1,36002.7,29872.9,
1,2,1,3866,21338.8,21,18,3,3840.45,22172.2,
2,3,2,3885,91720.8,116,106,10,8606.04,28733.3,
1,2,1,3889,62357.9,28,20,8,37374.8,9355.78,
1,2,1,3908,92041.7,85,74,11,18251.4,6872.34,
6,7,6,3916,78024.1,80,72,8,6276.94,35137.8,
2,3,2,3933,36141.5,47,44,3,6254.11,17912.4,
1,2,1,3936,52357.2,52,46,6,18282.8,17531.6,
1,2,1,3945,140947,13,1,12,929.326,38271.6,
0,1,0,3957,8918.56,1,0,1,23508.8,28842.5,
0,1,0,3961,5547.1,1,0,1,12987,38944.5,
0,1,0,3982,168252,17,0,17,34499.1,8992.22,
0,1,0,3984,12523.6,1,0,1,30882.5,36159,
2,3,2,3992,51542.6,9,2,7,32594.1,9586.35,
