# seq OFF,# seq ON,blinks,frame,intensity,lifetime,total OFF,total ON,x,y,
0,1,0,1,1.67263e+07,4000,0,4000,1342.97,34662.5,
207,208,207,1,1.5527e+07,4000,217,3783,28427.7,797.844,
9,10,9,1,1.66502e+07,4000,9,3991,18293.4,36735,
848,849,848,6,5.33953e+06,3993,2745,1248,10069.7,25752.4,
1,2,1,9,4581.24,4,2,2,13490.9,30655.1,
0,1,0,11,2374.24,1,0,1,19034.1,37961.6,
7,8,7,21,52267.7,34,23,11,33148.9,15838.2,
1,2,1,22,13701.9,6,3,3,40099,36195.1,
0,1,0,24,9842.98,1,0,1,35635.5,29942.6,
3,4,3,29,19684.7,895,889,6,19210.2,9393.44,
0,1,0,29,3854.15,2,0,2,11848.9,34809.6,
0,1,0,31,10975.2,1,0,1,36160.5,14885.9,
0,1,0,42,2081.84,1,0,1,4363.22,39725.3,
67,68,67,42,292992,3885,3816,69,31251.1,18710.9,
0,1,0,43,2266.12,1,0,1,5135.09,38562.4,
0,1,0,46,10658.1,1,0,1,980.364,27004.9,
1,2,1,52,5383.58,3,1,2,33598.2,11142.5,
0,1,0,62,12698.9,3,0,3,25573,35658.6,
0,1,0,75,11641.6,2,0,2,33787.9,19303,
0,1,0,86,1771.01,1,0,1,37560.5,22276.5,
0,1,0,143,2276.15,1,0,1,19169.8,36066.3,
0,1,0,161,9994.69,1,0,1,13619.4,35101.5,
0,1,0,164,1947.92,2,0,2,19405,26227.9,
0,1,0,172,2603.39,1,0,1,30375.5,34337.1,
0,1,0,178,1959.46,1,0,1,28367.8,36723.1,
0,1,0,182,8749.52,1,0,1,26362.5,34465.2,
0,1,0,193,1916.45,1,0,1,38462,12451.7,
0,1,0,254,1435.62,1,0,1,18565.2,17591.3,
0,1,0,256,10510.5,2,0,2,16637.9,36446.3,
0,1,0,256,1816.52,1,0,1,1599.45,25194.3,
0,1,0,281,10899.1,2,0,2,36684.1,8543.84,
0,1,0,295,1549,1,0,1,39920.3,15998.5,
0,1,0,301,2439.97,1,0,1,17830,27897.1,
0,1,0,329,2055.5,1,0,1,21105.2,36626.4,
0,1,0,332,2775.1,1,0,1,10211.7,25938.1,
0,1,0,348,8645.85,1,0,1,7929.08,24668.2,
0,1,0,370,2512.23,1,0,1,2953.55,27779.3,
0,1,0,372,37306.7,8,0,8,2705.42,31989.1,
0,1,0,374,2286.63,1,0,1,25551.9,17693.5,
0,1,0,389,2841.75,1,0,1,36320.4,34825.1,
0,1,0,413,2246.06,1,0,1,5307.24,24701.6,
0,1,0,422,9527.68,1,0,1,25371.5,38447.7,
0,1,0,426,2087.41,1,0,1,31933.1,35389.4,
0,1,0,441,9415.34,1,0,1,34153.9,25324.1,
0,1,0,461,2584.38,1,0,1,31173.1,35747.4,
0,1,0,462,2630.93,1,0,1,30997.2,35689.3,
0,1,0,464,3168.54,1,0,1,31513.7,35151.4,
0,1,0,468,20648.1,3,0,3,31832.7,36091.8,
0,1,0,472,1784.44,1,0,1,27734.4,38602.6,
0,1,0,478,1927.21,1,0,1,29871.3,36286.5,
0,1,0,484,10775.9,2,0,2,35826.5,38434.1,
0,1,0,490,2165.85,1,0,1,35625.3,29451.3,
0,1,0,497,9641.39,1,0,1,13558.5,40088.1,
0,1,0,501,2164.88,1,0,1,21667.9,35101.3,
0,1,0,501,46119.8,11,0,11,12159.4,19219.9,
0,1,0,503,8620.1,1,0,1,15295.1,24921.6,
0,1,0,504,1816.4,1,0,1,33375.3,12201.6,
0,1,0,504,2400.08,1,0,1,19919.2,36273.7,
0,1,0,522,11139.1,2,0,2,7502.42,24478.3,
0,1,0,531,1649.26,1,0,1,14682.5,23984.3,
0,1,0,538,9782.7,1,0,1,12478,30009.3,
0,1,0,546,1304.51,1,0,1,13286.7,31923.4,
0,1,0,546,1485.88,1,0,1,20395.6,14257.9,
0,1,0,548,9472.61,1,0,1,25118.4,18498.2,
0,1,0,549,1757.75,1,0,1,25217.4,18343.4,
0,1,0,552,1207.92,1,0,1,25311.9,18787.1,
0,1,0,553,2186.16,1,0,1,15587.3,35447.2,
0,1,0,554,1710.76,1,0,1,15504.7,35198.3,
0,1,0,558,8797.26,1,0,1,26935.7,18024.3,
0,1,0,559,2011.58,1,0,1,19526.7,22401.4,
0,1,0,560,10424.8,2,0,2,20607.8,38343.1,
0,1,0,563,14345.6,3,0,3,32413.7,26962.5,
0,1,0,567,9646.56,1,0,1,14493.8,35164,
0,1,0,571,2202.5,1,0,1,18827.2,30794.8,
0,1,0,571,1650.9,1,0,1,18025,30859.6,
5,6,5,572,27660.7,150,143,7,19336.4,38429.2,
0,1,0,577,8527.87,1,0,1,19368.7,35140.5,
0,1,0,583,1840.52,1,0,1,18755,29679.7,
0,1,0,609,4518.43,2,0,2,12452.5,39490.2,
0,1,0,610,8990.21,1,0,1,7305.9,23086.8,
0,1,0,627,1956.57,1,0,1,23806.5,19677.5,
2,3,2,638,27937.2,9,3,6,16488.1,11508.5,
0,1,0,642,1735.77,1,0,1,33880.7,34591.5,
0,1,0,647,2104.4,1,0,1,20543.2,30099.1,
0,1,0,660,2179.31,1,0,1,31057.6,23976.5,
0,1,0,669,8138.45,1,0,1,32555.8,24046.8,
0,1,0,726,1882.73,1,0,1,32470.8,38025.4,
0,1,0,728,9922.17,1,0,1,22087.6,23387.8,
0,1,0,741,2072.74,1,0,1,32749.9,17383.2,
0,1,0,762,1653.8,1,0,1,33009.9,25524.3,
0,1,0,769,3728.78,2,0,2,35010.2,16746,
0,1,0,769,9328.15,1,0,1,26159.7,35294.9,
0,1,0,779,2617.59,1,0,1,32183.2,20285.5,
0,1,0,785,11940,2,0,2,37145.6,30805,
0,1,0,786,1300.71,1,0,1,30561.4,38365.3,
0,1,0,786,1363.27,1,0,1,30833.5,20171.8,
0,1,0,789,14318.8,3,0,3,38726,25806,
0,1,0,792,4039.28,1,0,1,25218.6,30076.2,
0,1,0,793,2971.41,1,0,1,24975.6,29518.4,
0,1,0,794,1288.03,1,0,1,23578.9,29346.4,
0,1,0,798,8541.67,1,0,1,32467.2,18248.9,
0,1,0,800,10521.8,1,0,1,39984.1,34112.8,
0,1,0,803,2525.21,1,0,1,38319.7,35456.4,
0,1,0,805,2357.53,1,0,1,27223.6,26443.5,
0,1,0,808,2332.43,1,0,1,26843.3,25117.5,
0,1,0,824,10410.3,2,0,2,841.201,31005.2,
0,1,0,825,3005,1,0,1,8221.8,24931.3,
0,1,0,836,9041.97,1,0,1,3922.9,35654.5,
0,1,0,858,15585.8,4,0,4,38227.3,34915.2,
0,1,0,881,1592.59,1,0,1,16443.3,20034.7,
0,1,0,902,2312.07,1,0,1,16876.8,23089.3,
2,3,2,908,85187.2,26,4,22,27016.8,18249,
0,1,0,917,2103.52,1,0,1,9271.26,37742.5,
0,1,0,949,10332.8,2,0,2,11386.8,33408.1,
0,1,0,953,2213.08,1,0,1,15315.4,33207.9,
0,1,0,956,10800.5,1,0,1,10938.1,24182.1,
0,1,0,957,2658.62,2,0,2,10310.5,24312.2,
0,1,0,961,10824.5,2,0,2,4180.65,36575.1,
0,1,0,968,2226.58,1,0,1,2392.35,33621.8,
6,7,6,979,40214.6,31,22,9,17748.3,25903.8,
0,1,0,1003,9690.46,1,0,1,26384.3,36600.6,
1,2,1,1014,4201.43,3,1,2,21237.9,34369.9,
0,1,0,1015,11501.3,2,0,2,17856.4,26678.8,
0,1,0,1034,2770.58,1,0,1,14703.1,17351.4,
0,1,0,1034,2406.83,1,0,1,19614.5,26877.6,
3,4,3,1044,71154.9,20,4,16,6639.19,35530.9,
1,2,1,1071,11174.9,1820,1818,2,17557.8,24783.9,
0,1,0,1072,2398.62,1,0,1,39560.1,37619.5,
0,1,0,1078,1113.86,1,0,1,11438.3,24927,
0,1,0,1080,2144.97,1,0,1,40206.6,15412.5,
0,1,0,1089,3114.75,1,0,1,18071,29920.3,
0,1,0,1089,1872.24,1,0,1,33879.2,16317,
0,1,0,1090,19188.7,3,0,3,4549.56,27292,
0,1,0,1098,6944.88,3,0,3,36737.7,24413.8,
0,1,0,1103,1720.01,1,0,1,32774,31316.1,
1,2,1,1104,12208,2128,2126,2,24523.1,39143.3,
1,2,1,1105,11779.5,3,1,2,1303.99,31188.9,
0,1,0,1118,2036.18,1,0,1,26930,36408,
0,1,0,1124,9137.97,1,0,1,6578.14,39834.4,
0,1,0,1128,1733.96,1,0,1,35230.3,11327.3,
0,1,0,1156,9953.91,1,0,1,23886.9,27483,
0,1,0,1157,2974,1,0,1,16844.2,30689.3,
0,1,0,1167,2102.86,1,0,1,36162.1,33270.6,
0,1,0,1184,9950.24,1,0,1,27234.6,32485.8,
0,1,0,1208,1932.54,1,0,1,17238.6,33653.4,
0,1,0,1214,11427.5,1,0,1,28236.1,19715,
0,1,0,1216,3108.18,2,0,2,28565.4,20381.3,
0,1,0,1221,2041.36,1,0,1,29810.2,20325.8,
0,1,0,1235,9459.81,1,0,1,8131.48,27677.3,
0,1,0,1238,2390.27,1,0,1,34928.4,30794.1,
3,4,3,1238,18732.7,17,11,6,28857.3,20923.7,
0,1,0,1250,41029,8,0,8,39405.1,32179.6,
0,1,0,1256,8032.1,1,0,1,23071.2,7173.32,
0,1,0,1258,2160.17,1,0,1,35656.2,34685.5,
0,1,0,1265,2490.63,1,0,1,28113.7,21413.1,
0,1,0,1278,1646.73,1,0,1,26043.4,24069.3,
0,1,0,1304,1763.62,1,0,1,6420.2,38614.2,
0,1,0,1305,2311.04,1,0,1,22238.9,29750.6,
2,3,2,1309,16081,45,41,4,26689.1,31668.8,
0,1,0,1310,2041.69,1,0,1,36286,25270.1,
0,1,0,1314,9569.2,1,0,1,39526.1,26342.4,
0,1,0,1323,1965.61,1,0,1,26643.1,31620.1,
0,1,0,1339,1749.67,1,0,1,9635.16,34554.1,
0,1,0,1363,2524.93,1,0,1,26958.1,29389.1,
0,1,0,1367,9048.78,1,0,1,33608.6,16630.5,
0,1,0,1373,5208.22,3,0,3,28503.8,27972,
0,1,0,1381,1792.49,1,0,1,24285.1,15087.1,
0,1,0,1394,9842.25,1,0,1,10308.6,16614,
3,4,3,1396,19664.6,9,3,6,29592.3,16717.2,
0,1,0,1396,10236.9,1,0,1,7091.42,24173.8,
0,1,0,1397,1431.82,1,0,1,3323.07,37193.1,
0,1,0,1399,2283.52,1,0,1,13586.5,21902.7,
0,1,0,1411,1343.54,1,0,1,11411.3,35207.8,
0,1,0,1412,1826.88,1,0,1,30736,15175.4,
0,1,0,1418,9239.97,1,0,1,21266.5,16236.1,
0,1,0,1420,5608.24,2,0,2,31685.3,26341.1,
0,1,0,1463,45369.3,11,0,11,5483.69,18472.3,
0,1,0,1466,9363.58,1,0,1,13537.9,24918.2,
0,1,0,1467,3161.9,1,0,1,28273.9,15986.7,
0,1,0,1471,2586.74,1,0,1,31644.6,12280.8,
0,1,0,1474,12259.8,2,0,2,12532,24288.9,
0,1,0,1491,95150.6,23,0,23,12767.8,32203.6,
0,1,0,1491,1603.28,1,0,1,31704.3,13303.7,
0,1,0,1492,2283.3,1,0,1,29832.3,12188,
0,1,0,1497,1947.92,1,0,1,33992.6,17731.6,
0,1,0,1506,8381.71,1,0,1,32219.1,17007,
1,2,1,1524,4517.5,4,2,2,17804.6,13166.3,
0,1,0,1530,2338.24,1,0,1,26462.4,31016.4,
0,1,0,1532,2274.51,1,0,1,21916.3,20955.8,
0,1,0,1549,2206.3,1,0,1,15727.5,32900.2,
0,1,0,1550,9172.53,1,0,1,17260.6,32963.5,
0,1,0,1551,1471.61,1,0,1,18560.7,32723.7,
5,6,5,1553,27853.3,133,126,7,23971.5,27275.9,
3,4,3,1554,57684.9,20,6,14,18877.1,32912.9,
0,1,0,1592,1995.75,1,0,1,24654.4,21713.6,
0,1,0,1601,9988.98,2,0,2,30111.9,37903,
6,7,6,1609,45466.3,23,11,12,23847.6,24624,
0,1,0,1634,2553.09,1,0,1,37122,35855.3,
0,1,0,1638,9653.14,1,0,1,32501.7,26612.9,
0,1,0,1651,937.239,1,0,1,4085.86,19446.4,
0,1,0,1658,11991.2,2,0,2,3726.15,21058.4,
2,3,2,1659,68659,17,2,15,23430,16833,
1,2,1,1667,4611.42,4,2,2,31094.6,3972.73,
0,1,0,1676,1439.21,1,0,1,23742.4,16737.1,
1,2,1,1684,11449.2,13,11,2,31332.9,23470.7,
0,1,0,1686,2446.49,1,0,1,39600.8,17210.5,
0,1,0,1694,8229.6,1,0,1,981.36,27892.2,
0,1,0,1705,2087.16,1,0,1,30919.9,4062.58,
0,1,0,1705,4951.54,2,0,2,38785.4,13721.8,
0,1,0,1714,2390.42,1,0,1,36797.3,28926.5,
0,1,0,1744,8992.56,1,0,1,33686.6,39210.9,
0,1,0,1746,1653.15,1,0,1,38871.3,35225.9,
2,3,2,1757,28449.9,94,89,5,38682.2,25249.9,
0,1,0,1761,2389.15,1,0,1,27179.1,18009.1,
0,1,0,1773,10301.3,2,0,2,36569.7,39645.4,
0,1,0,1775,3186.81,1,0,1,6622.61,40039,
0,1,0,1780,9167,1,0,1,5939.62,36078.6,
0,1,0,1787,2100.73,1,0,1,4884.23,37568.4,
0,1,0,1804,2691.92,1,0,1,4327.07,35620.6,
0,1,0,1806,11922.2,2,0,2,38299.5,30353.8,
0,1,0,1822,1216.47,1,0,1,20441.9,14061.6,
0,1,0,1843,2386.11,1,0,1,39605.4,4831.89,
1,2,1,1868,9716.48,1040,1038,2,31364.9,38074.6,
3,4,3,1885,16597.9,9,4,5,22011.2,21672.6,
0,1,0,1887,3258.87,1,0,1,24297.7,29480.9,
2,3,2,1890,27961.2,23,17,6,1868.17,30247.8,
0,1,0,1902,9053.77,1,0,1,9646.11,28302.2,
0,1,0,1951,1590.56,1,0,1,18931.1,26376.4,
0,1,0,1957,4934.6,2,0,2,24989.5,32320.4,
0,1,0,1962,1524.13,1,0,1,30879.1,28540.7,
0,1,0,1969,21612.9,2,0,2,38840.9,34011.3,
0,1,0,1977,2291.63,1,0,1,20378.3,28439.6,
0,1,0,1980,1196.09,1,0,1,19127.1,25920.4,
0,1,0,2005,1600.21,1,0,1,10209.7,22165.2,
0,1,0,2012,8839.41,1,0,1,16850.9,35628.7,
0,1,0,2015,2080.6,1,0,1,18166.9,34864.3,
0,1,0,2032,2157.85,1,0,1,19296.2,38163.9,
0,1,0,2040,2121.42,1,0,1,6452.05,39594.1,
0,1,0,2074,2078.03,1,0,1,39825.5,30381.5,
0,1,0,2076,9965.15,1,0,1,21957.8,37594.9,
0,1,0,2097,3374.07,2,0,2,13978,30767,
0,1,0,2109,9558.79,1,0,1,26407.3,29833.7,
0,1,0,2113,1712.96,1,0,1,31418.5,32836.8,
12,13,12,2121,59911.4,515,499,16,28948.8,13294.2,
0,1,0,2125,10432.8,1,0,1,25391.9,7404.15,
0,1,0,2137,2221.35,1,0,1,25045.7,18311.6,
0,1,0,2149,11510.4,2,0,2,34667.1,35683,
0,1,0,2149,1662.69,1,0,1,36697.5,26392.1,
0,1,0,2152,2277.3,1,0,1,34012.9,17323,
0,1,0,2163,9288.84,1,0,1,8588.87,31481.7,
3,4,3,2182,19353,20,14,6,27483.5,15494.2,
0,1,0,2205,9187.01,1,0,1,12159.2,29744.6,
0,1,0,2230,8868.85,1,0,1,28666.9,31355.7,
0,1,0,2293,2435.28,1,0,1,25684.9,23206.5,
0,1,0,2295,9517.02,1,0,1,19356.8,20629.5,
0,1,0,2296,3186.54,1,0,1,18472.2,20790.9,
1,2,1,2304,34684.1,13,4,9,23803,15586.9,
0,1,0,2317,11290.7,2,0,2,31083.3,27375.3,
0,1,0,2329,53327.9,14,0,14,31123.5,4860.32,
0,1,0,2342,10723.9,1,0,1,38712,33518.4,
0,1,0,2347,9582.41,2,0,2,27043.4,10797.9,
0,1,0,2349,6776.91,3,0,3,32274,24153.1,
2,3,2,2357,23606.6,10,6,4,32804.3,27173.1,
2,3,2,2368,14066.7,330,327,3,22587.3,13427.7,
0,1,0,2373,1926.27,1,0,1,23680.4,5061.73,
1,2,1,2389,14161.2,4,1,3,31272.7,37153.7,
0,1,0,2410,1755.19,1,0,1,33948.6,30152.3,
0,1,0,2476,9489.84,1,0,1,17044.9,38663.4,
3,4,3,2489,45027.7,14,3,11,28701.9,13090.5,
0,1,0,2492,1583.63,1,0,1,28583.6,12960,
0,1,0,2519,6594.87,3,0,3,39117.9,32495.9,
0,1,0,2529,11185.9,2,0,2,914.907,33104.3,
0,1,0,2532,2418.41,1,0,1,23204.4,37473.9,
0,1,0,2533,9282.11,1,0,1,31643.5,36637,
0,1,0,2536,1411.75,1,0,1,31069.7,35285.9,
0,1,0,2538,11993.7,3,0,3,27678.5,28851.6,
0,1,0,2547,2514.9,1,0,1,25076.9,21369.3,
0,1,0,2552,10038.6,1,0,1,20635.5,39941.3,
1,2,1,2556,13776.7,4,1,3,22942.8,21264,
0,1,0,2588,7756.21,4,0,4,12793.3,13042.6,
0,1,0,2608,10909.5,2,0,2,10443,23956.9,
0,1,0,2615,12391.9,2,0,2,34871.4,24712.5,
1,2,1,2617,12829.2,4,2,2,12195.8,14602.7,
0,1,0,2623,4948.91,2,0,2,14420.9,19977.2,
0,1,0,2623,1886.68,1,0,1,7507.83,29508.9,
0,1,0,2626,24830.5,6,0,6,14718.1,20436.8,
7,8,7,2635,56490.3,43,29,14,19044.5,37597.5,
0,1,0,2638,2167.24,1,0,1,24036.6,23329.4,
0,1,0,2639,9759.36,1,0,1,3218.02,29798.9,
0,1,0,2741,2057.33,1,0,1,39960.3,8967.14,
0,1,0,2745,8844.58,1,0,1,20217.6,23455.1,
0,1,0,2746,2571.15,1,0,1,26187.3,20686.7,
0,1,0,2756,1980.95,1,0,1,14056.8,25202.2,
0,1,0,2762,9434.91,1,0,1,37243.2,28170.7,
0,1,0,2769,1517.54,1,0,1,16945.5,24942.5,
0,1,0,2778,4330.21,2,0,2,15161.8,37440.4,
0,1,0,2780,11026.1,2,0,2,6857.72,18814.8,
0,1,0,2785,11134.6,2,0,2,11073.4,24893.9,
0,1,0,2789,1434.99,1,0,1,38905.8,38044.3,
0,1,0,2791,2155.36,1,0,1,37536.3,37842.3,
0,1,0,2802,9019.1,1,0,1,39594.2,24495.9,
0,1,0,2827,2162.2,1,0,1,17896.1,32001.5,
0,1,0,2827,2491.02,1,0,1,35199.5,14424.7,
0,1,0,2834,9609.92,1,0,1,16815,31646.4,
0,1,0,2836,2668.18,1,0,1,21768.6,32146.9,
0,1,0,2837,2741.59,1,0,1,38192.8,28346.2,
2,3,2,2839,24618.6,7,2,5,22009.9,33931.5,
0,1,0,2841,2285.51,1,0,1,19168.1,27677,
0,1,0,2842,26836.4,7,0,7,19275.1,27124.8,
0,1,0,2854,9164.45,1,0,1,21807.3,34261.7,
0,1,0,2856,1557.27,1,0,1,21106.7,28598.9,
0,1,0,2879,1581.54,1,0,1,19483.9,34240.4,
0,1,0,2883,27683.1,7,0,7,17973.5,24389.6,
0,1,0,2883,2826.11,1,0,1,18341.8,19244.5,
0,1,0,2884,8709.06,1,0,1,18254,18179,
0,1,0,2887,1279.69,1,0,1,20580.1,36010.1,
0,1,0,2892,9985.59,1,0,1,18425.9,19660.4,
0,1,0,2894,1908.32,1,0,1,14943.8,32452.6,
0,1,0,2906,2827.38,1,0,1,18409.7,35438.4,
0,1,0,2918,10031.5,1,0,1,38735.3,27013.9,
0,1,0,2920,1776.71,1,0,1,19985.5,7313.18,
0,1,0,2927,1507.92,1,0,1,30556.7,22599.5,
0,1,0,2928,10134,1,0,1,29158.7,18882,
0,1,0,2939,2178.36,1,0,1,22717.1,21760.5,
0,1,0,2942,11352.8,2,0,2,38300.8,38340.3,
0,1,0,2981,2719.31,1,0,1,11135.4,22725.2,
0,1,0,2984,1612.94,1,0,1,5278.42,24486.5,
0,1,0,3016,2209.62,1,0,1,31176,18533.1,
0,1,0,3029,15639.7,4,0,4,37921.1,39735.6,
0,1,0,3050,1649.7,1,0,1,15835.1,23367.9,
0,1,0,3054,21601.5,3,0,3,24382.5,25065.4,
0,1,0,3058,957.703,1,0,1,17506.8,20019.1,
0,1,0,3063,2164.68,1,0,1,15155.5,14974.8,
0,1,0,3079,10043.2,1,0,1,1000.68,39609.6,
0,1,0,3082,1484.35,1,0,1,9860,25755.3,
0,1,0,3091,9505.07,1,0,1,29101.3,12972.4,
0,1,0,3155,4663.23,2,0,2,2355.24,20450.4,
0,1,0,3166,2719.59,1,0,1,29815.6,32790.8,
0,1,0,3191,9527.16,1,0,1,25818.9,20114.3,
0,1,0,3198,3755.31,1,0,1,6114.6,32240.2,
0,1,0,3200,1921.22,1,0,1,6811.8,31744.6,
0,1,0,3206,13775.9,3,0,3,23096.9,18745.9,
0,1,0,3209,9697.78,1,0,1,21923,39799.1,
0,1,0,3230,2081.4,1,0,1,24430.2,39211.4,
0,1,0,3230,11518.8,2,0,2,1073.55,31508.5,
0,1,0,3234,1637.98,1,0,1,27658.3,34845.9,
0,1,0,3238,2153.94,1,0,1,5920.3,25705.3,
0,1,0,3291,12034.5,2,0,2,16767.2,11150.1,
5,6,5,3294,197642,60,13,47,17109.8,11220.6,
0,1,0,3296,8928.71,1,0,1,34802.4,10500.9,
0,1,0,3299,2263.77,1,0,1,8886.9,25416.9,
0,1,0,3300,13574.5,3,0,3,32239.9,14131.5,
0,1,0,3301,1654.65,1,0,1,10446.4,16112.6,
0,1,0,3301,2132.28,1,0,1,37563.4,26642.7,
0,1,0,3302,9768.56,1,0,1,8007.29,29302.6,
0,1,0,3307,1555.74,1,0,1,11100.2,39496.4,
0,1,0,3309,2363.61,1,0,1,28846.3,2435.94,
0,1,0,3314,9090.02,1,0,1,19948.8,16182,
0,1,0,3317,2144.78,1,0,1,31763.4,10212.8,
0,1,0,3320,4190.04,2,0,2,34812.5,35364.4,
0,1,0,3326,12007.5,2,0,2,6034.93,30720.4,
0,1,0,3336,2367.41,1,0,1,31971,15453.4,
0,1,0,3343,15895,4,0,4,11385.9,24321.7,
0,1,0,3345,2142.32,1,0,1,33074.3,17884.7,
0,1,0,3356,11762.4,2,0,2,20818.9,35852.8,
0,1,0,3360,1954.92,1,0,1,22277.9,35268.5,
0,1,0,3369,1390.79,1,0,1,8988.24,27293.5,
0,1,0,3378,9275.03,1,0,1,32260.7,38740.3,
0,1,0,3379,2580.88,1,0,1,15485.2,15062.2,
0,1,0,3380,2549.3,1,0,1,22863.9,25093,
0,1,0,3381,2740.99,1,0,1,18109.1,31162.3,
1,2,1,3382,16236.7,5,1,4,18339.7,30931.7,
0,1,0,3388,1671.88,1,0,1,16787.4,26510.6,
0,1,0,3390,2654.68,1,0,1,13439,25792.7,
0,1,0,3410,11953,2,0,2,7534.37,33510.7,
4,5,4,3418,29156.1,36,30,6,36013.2,20632.6,
0,1,0,3418,4191.71,2,0,2,5849.73,22042.8,
9,10,9,3428,101545,51,30,21,26401.5,9534.19,
0,1,0,3507,1460.3,1,0,1,18421.7,26268.7,
0,1,0,3524,2648.44,1,0,1,19266.5,29261.7,
0,1,0,3566,11760.3,2,0,2,32775.1,15829.6,
0,1,0,3568,2118.44,1,0,1,19665.9,27723.4,
0,1,0,3601,2010.85,1,0,1,28270.8,861.117,
0,1,0,3601,8624,1,0,1,37928.6,23820,
0,1,0,3640,3667.3,2,0,2,22879.9,32246,
0,1,0,3649,1477.09,1,0,1,23540.2,18894.4,
0,1,0,3652,9399.07,1,0,1,38964,37722.5,
0,1,0,3658,9442.92,1,0,1,31705.2,31792.8,
0,1,0,3679,2536.9,1,0,1,16752.4,18949.2,
0,1,0,3699,916.72,1,0,1,27429.6,24928.2,
0,1,0,3727,2021.16,1,0,1,19615.9,13729.3,
0,1,0,3730,9697.39,1,0,1,5275.37,25087.2,
0,1,0,3741,1400.58,1,0,1,35613.3,39666.3,
0,1,0,3753,2006.78,1,0,1,16321.4,34173,
0,1,0,3756,1612.91,1,0,1,19734.8,17320,
0,1,0,3783,9701.09,1,0,1,4525.73,27546.4,
0,1,0,3786,2222.18,1,0,1,13327.9,13717.4,
0,1,0,3787,1808.91,1,0,1,17339.2,26091.7,
0,1,0,3791,7977.56,1,0,1,16284.9,25950.7,
0,1,0,3792,2749.01,1,0,1,20218.4,14071.4,
0,1,0,3807,11310.5,2,0,2,32040.5,32106.9,
0,1,0,3809,1164.32,1,0,1,32104,31869.8,
6,7,6,3824,43804.5,93,82,11,22126.1,10843,
0,1,0,3825,8822.85,1,0,1,39069.3,36683,
1,2,1,3841,10795.4,3,1,2,39391.6,33207.3,
0,1,0,3843,2223.46,1,0,1,10090.2,25590.7,
0,1,0,3849,2120.18,1,0,1,25265,39465.3,
0,1,0,3867,1142.6,1,0,1,14431,23283,
0,1,0,3897,10050.5,1,0,1,12063.6,14250.9,
0,1,0,3913,2134.99,1,0,1,28841.6,19464.8,
0,1,0,3919,3793.78,2,0,2,33042.6,33884.6,
0,1,0,3951,13174.4,3,0,3,7505.51,30662.5,
0,1,0,3967,24742.3,6,0,6,14062.7,32691.9,
1,2,1,3972,11570,3,1,2,15128.1,37631.8,
0,1,0,3977,2368.02,1,0,1,29919.3,19388.8,
0,1,0,3996,2482.3,1,0,1,37473.2,7219.05,
