# seq OFF,# seq ON,blinks,frame,intensity,lifetime,total OFF,total ON,x,y,
1,2,1,1,346152,12,2,10,24932.8,37427.6,
0,1,0,1,1.39304e+08,4000,0,4000,26044.3,15075,
0,1,0,1,1.39046e+08,4000,0,4000,35024.9,14286.7,
3,4,3,1,1.40181e+08,4000,4,3996,35717.1,36173.6,
0,1,0,1,1.4045e+08,4000,0,4000,28325.2,20828.7,
0,1,0,6,31339.7,1,0,1,2920.84,34070.3,
0,1,0,7,5316.03,1,0,1,26584.1,29846.1,
0,1,0,7,14362.9,1,0,1,25618.8,29548.8,
0,1,0,9,6209.92,1,0,1,23109.9,25564.9,
0,1,0,9,103666,1,0,1,33264.1,33443.3,
0,1,0,9,14098.2,1,0,1,23838.4,28092.8,
1,2,1,10,43966.5,185,183,2,5227.24,37457.3,
0,1,0,10,7537.36,1,0,1,22204.1,23036.8,
0,1,0,10,10249.7,1,0,1,30193.9,20303.6,
0,1,0,12,8840.23,1,0,1,8330.96,37860.1,
0,1,0,13,36770.4,1,0,1,35226.6,25899.1,
0,1,0,14,102597,1,0,1,37079.7,31694.2,
0,1,0,14,8725.41,1,0,1,6061,36613.9,
1,2,1,14,28874.4,34,32,2,40250.6,39347.8,
0,1,0,15,13440.5,1,0,1,30585.5,28571.7,
0,1,0,16,25631.4,2,0,2,16248.6,26986,
0,1,0,16,30932.9,1,0,1,36024.8,32720.1,
0,1,0,17,102087,1,0,1,35823.3,23440.9,
0,1,0,17,13453.6,1,0,1,39096.3,20142,
0,1,0,20,30515.8,2,0,2,15063.3,28282.4,
1,2,1,21,48812.1,263,261,2,39600.9,27111,
0,1,0,22,97678.2,1,0,1,25963.5,26834.1,
0,1,0,22,21454.8,1,0,1,15217,28165.5,
0,1,0,23,183312,7,0,7,14889.5,6947.15,
0,1,0,23,11733.3,1,0,1,26040.9,26682.6,
0,1,0,23,102697,1,0,1,29480.6,4144.79,
0,1,0,24,13050.1,1,0,1,33392.5,2917.15,
0,1,0,24,58103.4,3,0,3,17823.9,28025.5,
0,1,0,25,5381.99,1,0,1,19025.1,35539.7,
0,1,0,25,12930.6,1,0,1,14534.2,19338.2,
0,1,0,26,11185.9,1,0,1,17721.3,35679.3,
0,1,0,27,9998.63,1,0,1,14674.2,20397.2,
0,1,0,27,34639.6,1,0,1,16782,33494.1,
0,1,0,28,100117,1,0,1,15541,21173,
0,1,0,29,17091.9,1,0,1,7337.99,30712.3,
0,1,0,29,16160.6,1,0,1,10957.9,34466.9,
0,1,0,32,97954.9,1,0,1,19160.8,10409.7,
0,1,0,32,28108.4,1,0,1,26789.6,25237.1,
0,1,0,33,11716.4,1,0,1,33617.1,24022.1,
0,1,0,33,10755.5,1,0,1,17977,10731.2,
0,1,0,34,13232.3,1,0,1,34926.2,23840.8,
0,1,0,35,31201.1,1,0,1,13463.2,26134.4,
0,1,0,41,93039.1,1,0,1,26080.6,27880.5,
0,1,0,48,9415.21,1,0,1,21802.5,21045.4,
0,1,0,50,15033.8,1,0,1,19261.3,16768.6,
1,2,1,50,347742,11,1,10,9618.66,30325.6,
9,10,9,50,339972,414,404,10,26085.4,35076.2,
0,1,0,51,6273.65,1,0,1,33975.4,20720.8,
0,1,0,51,12829.1,1,0,1,20177,11988.7,
0,1,0,53,30175.1,1,0,1,40005.8,9880.38,
0,1,0,54,107804,2,0,2,13272.5,619.722,
0,1,0,54,16066.5,1,0,1,38041.5,36808.3,
0,1,0,56,15733.1,1,0,1,14449,524.561,
0,1,0,56,102738,1,0,1,28365.9,24199.7,
0,1,0,57,24963.7,1,0,1,26654,22200.2,
0,1,0,58,10415.3,1,0,1,30637.8,32707.3,
0,1,0,58,125632,3,0,3,22910.6,21520.2,
0,1,0,60,28609.3,1,0,1,28130.5,1141.85,
0,1,0,61,10979.5,1,0,1,21021.5,25468.9,
0,1,0,61,14277.5,1,0,1,13064.1,21878,
0,1,0,62,106312,1,0,1,33232.7,17480.3,
0,1,0,62,12776.5,1,0,1,21195.2,28950.3,
0,1,0,62,65100.3,3,0,3,9747.21,29213.5,
0,1,0,64,12270.5,1,0,1,20189.8,30455.8,
0,1,0,65,103427,1,0,1,32247.3,18081.4,
0,1,0,68,33358.5,1,0,1,21129.5,38410.8,
0,1,0,68,8284.64,1,0,1,34103,26581,
0,1,0,69,9819.21,1,0,1,28550.5,27626.6,
0,1,0,75,315622,9,0,9,4474.77,26095.7,
0,1,0,78,8143.64,1,0,1,12943.1,23445.2,
0,1,0,79,35135.2,1,0,1,23291.5,20172.5,
0,1,0,80,107092,2,0,2,28070.6,27009.5,
8,9,8,81,570419,60,41,19,40234.3,15343.4,
0,1,0,82,31575.7,1,0,1,16786.7,18409.1,
0,1,0,83,13949.3,1,0,1,17888.9,16106.1,
0,1,0,85,98652.7,1,0,1,18758,18378.1,
0,1,0,85,8471.88,1,0,1,37746.6,18328.2,
0,1,0,88,16653.4,1,0,1,26249.4,19654.5,
0,1,0,88,15145.3,1,0,1,33852.1,33062.9,
0,1,0,89,15441.7,1,0,1,34102.2,33148.2,
4,5,4,89,595035,27,11,16,23507.6,11324.1,
0,1,0,89,78903.9,1,0,1,16461.7,14457.2,
0,1,0,90,90854.9,1,0,1,21877.7,639.246,
0,1,0,91,14161.4,1,0,1,34057,37144.2,
1,2,1,91,391397,12,1,11,34767.7,29953.3,
0,1,0,91,21648.3,2,0,2,33788.3,36205.9,
0,1,0,92,31271.1,1,0,1,27325.5,1115.12,
0,1,0,92,12232.3,1,0,1,35069.8,36528,
0,1,0,92,7276.29,1,0,1,35114.8,20506.9,
0,1,0,94,98909.1,1,0,1,24237.1,40244.8,
0,1,0,99,34083.3,1,0,1,18068.4,32082.9,
0,1,0,101,12105.5,1,0,1,19313.9,37066.8,
0,1,0,104,7813.72,1,0,1,19241.1,4192.97,
0,1,0,105,41397.8,1,0,1,36573.7,22997.4,
0,1,0,105,11314.4,1,0,1,26853.8,4442.09,
0,1,0,105,22398.2,2,0,2,27460.3,26252.5,
0,1,0,107,10723.6,1,0,1,17120.3,25988.8,
0,1,0,112,169433,5,0,5,17095,38131,
0,1,0,112,111106,2,0,2,16970.6,6966.32,
0,1,0,114,17024.4,1,0,1,1120.03,30755.2,
0,1,0,115,46569.7,2,0,2,1306.23,37013.2,
0,1,0,117,31858.9,1,0,1,34376.1,33441.5,
0,1,0,122,6673.3,1,0,1,1263.61,36775.7,
0,1,0,125,120386,3,0,3,39617.8,25019.9,
3,4,3,126,917367,42,11,31,17401.9,33955.6,
0,1,0,129,136984,2,0,2,33540.9,31015.7,
0,1,0,130,11193,1,0,1,24200.9,29002.7,
0,1,0,134,7783.86,1,0,1,11835.6,34848.3,
0,1,0,135,26822.1,2,0,2,36204.7,22299.8,
0,1,0,136,8141.44,1,0,1,35920.3,32501.7,
0,1,0,141,34655.3,1,0,1,36559.9,34051.4,
0,1,0,153,101537,1,0,1,10582.8,37510.5,
0,1,0,153,12222.3,1,0,1,7938.52,24298.3,
0,1,0,154,14099.9,1,0,1,2516.57,24968.2,
0,1,0,158,95388,1,0,1,5489.17,36970.1,
0,1,0,159,35890.3,1,0,1,11817.2,30881.3,
0,1,0,159,8441.73,1,0,1,7203.85,29145.3,
0,1,0,160,10808.2,1,0,1,35435.7,19538.1,
2,3,2,160,287122,43,37,6,1834.09,34554.4,
0,1,0,161,11580.7,1,0,1,40076.5,35293.4,
0,1,0,161,8078.29,1,0,1,9656.48,36968,
0,1,0,162,16209.8,1,0,1,22741.5,2926.25,
0,1,0,162,34651.9,1,0,1,40055.1,30496.2,
0,1,0,165,97908.3,1,0,1,31788.1,30530.5,
0,1,0,165,17768.9,1,0,1,34977.6,30368.4,
0,1,0,166,23993.6,2,0,2,33087.6,31976,
0,1,0,166,36467.8,1,0,1,31292.2,25671.2,
0,1,0,166,13766.2,1,0,1,23482.5,17636.6,
0,1,0,167,11362.4,1,0,1,24018.9,17795.4,
0,1,0,167,32101.2,1,0,1,34690.2,33600.3,
0,1,0,168,101819,1,0,1,32600.3,31036.5,
0,1,0,169,24358.7,1,0,1,29289.5,20392.1,
0,1,0,171,14801.7,1,0,1,34408,24477.8,
0,1,0,172,101692,1,0,1,37260.7,28310.5,
0,1,0,172,31445.7,1,0,1,32890.8,23992.4,
0,1,0,175,11263.8,1,0,1,29274,24440.7,
0,1,0,178,15298.1,1,0,1,9258.44,19237.5,
0,1,0,178,165858,4,0,4,25799.9,17388.3,
0,1,0,178,15870.4,1,0,1,29607.2,32487.3,
0,1,0,179,11379.8,1,0,1,38444,27574.2,
0,1,0,179,14013.2,1,0,1,34180.1,20342.5,
0,1,0,186,30541.2,1,0,1,29400.2,31863.4,
0,1,0,187,105178,1,0,1,8388.27,6170.42,
1,2,1,189,49535.6,97,93,4,23285.2,33616.4,
0,1,0,191,131566,2,0,2,21727.5,549.437,
0,1,0,194,14939.3,1,0,1,16684.9,35831.5,
0,1,0,194,5533.94,1,0,1,15805,21652.6,
0,1,0,195,14287.2,1,0,1,40161.4,39730,
0,1,0,199,103287,1,0,1,9486.46,24372.1,
0,1,0,199,43758.7,2,0,2,6989.3,37680,
0,1,0,199,11792.9,1,0,1,2701.44,40107.9,
0,1,0,201,9769.9,1,0,1,6375.76,36894.7,
0,1,0,202,33169.6,1,0,1,7469.36,37425.7,
0,1,0,203,101791,1,0,1,8897.89,20691.9,
0,1,0,203,16648.8,1,0,1,11005.8,18549.1,
0,1,0,203,15916.8,1,0,1,8278.89,39045.2,
0,1,0,204,5177.8,1,0,1,11158.7,18735.4,
0,1,0,208,126911,2,0,2,33995.8,23915.1,
0,1,0,208,14577.5,1,0,1,39802.1,35438.1,
0,1,0,208,105439,1,0,1,40171,34843.3,
1,2,1,210,205295,9,3,6,7795.36,21307.4,
0,1,0,210,14763.3,1,0,1,31545.2,27767.4,
0,1,0,210,10580,1,0,1,5166.84,22247.1,
0,1,0,213,100154,1,0,1,1044.35,28621.5,
0,1,0,215,34108.4,1,0,1,28396.8,20027.3,
0,1,0,216,14179,1,0,1,2033.33,25705.1,
0,1,0,220,25209.1,1,0,1,6184.55,25460.2,
0,1,0,220,14425.4,1,0,1,1594.1,30454.2,
0,1,0,221,94327.2,1,0,1,12370,28181.1,
0,1,0,227,49834.7,3,0,3,17411.7,28314.9,
0,1,0,227,29893.4,1,0,1,30411.5,21943.3,
0,1,0,228,102094,1,0,1,14627.5,30717.1,
0,1,0,232,16480.8,1,0,1,15694.3,10854.7,
1,2,1,232,44808.5,10,8,2,23350.5,27564.3,
0,1,0,240,100841,1,0,1,32851.1,36161.2,
0,1,0,240,15466.6,1,0,1,23290,27678.3,
0,1,0,252,12539.6,1,0,1,34224,26019.4,
0,1,0,253,34194.4,1,0,1,20324.3,6187.67,
0,1,0,255,103516,1,0,1,39215.1,27750.7,
1,2,1,256,32819.7,111,108,3,38794.2,28819.8,
0,1,0,256,94625.8,1,0,1,39962.8,27334.2,
0,1,0,256,39936.2,1,0,1,26926.2,31862.1,
0,1,0,257,10396.9,1,0,1,39209.1,30160.9,
0,1,0,258,6294.62,1,0,1,37693.8,31970.1,
0,1,0,258,12030.8,1,0,1,35801.1,32316.1,
0,1,0,259,102342,1,0,1,24993.6,34081.6,
0,1,0,259,34281.4,1,0,1,33315.7,31270.1,
0,1,0,262,14492.5,2,0,2,20931.4,21098,
0,1,0,263,15702.4,1,0,1,32313.4,11101.9,
0,1,0,265,95138.2,1,0,1,8770.63,6734.78,
0,1,0,273,29141.2,1,0,1,16621.2,30608.3,
0,1,0,277,14105.3,1,0,1,34881.5,37993.3,
0,1,0,281,8171.95,1,0,1,37325.2,21196.5,
0,1,0,283,17795.3,1,0,1,38577.2,24387.7,
0,1,0,283,92622.8,1,0,1,6300.12,7567.41,
0,1,0,285,48131.5,2,0,2,6892.01,33916.2,
0,1,0,287,110426,2,0,2,30710.7,11284.1,
0,1,0,295,11390.7,1,0,1,36979.7,22157.2,
0,1,0,295,31857.3,1,0,1,16862.5,17321.1,
0,1,0,303,11251.3,1,0,1,39813.5,33784.3,
0,1,0,303,10736,1,0,1,26581.4,33275.8,
0,1,0,306,12418.5,1,0,1,14657.9,26158.4,
0,1,0,306,10722.1,1,0,1,13958.8,24043.6,
0,1,0,308,29648.2,1,0,1,6352.43,40023.2,
0,1,0,311,94605.8,1,0,1,17127.9,16879.1,
0,1,0,314,9866.97,1,0,1,4768.73,25512.9,
0,1,0,315,14918,1,0,1,38063.3,15338.2,
0,1,0,317,96977.4,1,0,1,38860.2,35823.1,
0,1,0,317,1.24923e+06,38,0,38,28118.1,32281.2,
0,1,0,318,33754.8,1,0,1,25855.3,21540.2,
0,1,0,320,12602.5,1,0,1,15502.8,14505.9,
0,1,0,321,95586.8,1,0,1,24005.9,1609.35,
0,1,0,325,12773.3,1,0,1,15801.7,23858.8,
0,1,0,328,61857.3,3,0,3,35737.4,37479.9,
0,1,0,333,6854.81,1,0,1,34902.3,29140.8,
0,1,0,335,31108.1,1,0,1,37874.3,34443.8,
0,1,0,335,5836,1,0,1,35146.3,34112,
0,1,0,338,102576,1,0,1,37769,29505.4,
0,1,0,340,12050.1,1,0,1,39246.3,27983.7,
0,1,0,340,6770.45,1,0,1,19200.8,23144,
0,1,0,341,11178.4,1,0,1,29752.6,35406.9,
0,1,0,344,7605.32,1,0,1,26001.2,28885.6,
0,1,0,344,33043.5,2,0,2,25834.1,25646.8,
0,1,0,344,8535.67,1,0,1,29989.8,19488.1,
0,1,0,344,30297.4,1,0,1,20452.3,31224.5,
0,1,0,346,30516.7,1,0,1,26563.4,28283.4,
0,1,0,351,94493.1,1,0,1,4442.13,25647.8,
0,1,0,353,11075.3,1,0,1,12191.7,31492.4,
0,1,0,353,10146.5,1,0,1,18091,25613.5,
0,1,0,356,103779,1,0,1,5955.67,10272.9,
0,1,0,359,61725.3,3,0,3,39477.3,14007,
1,2,1,362,166721,5,1,4,17535.6,31040.2,
0,1,0,364,12597.1,1,0,1,20685.3,37260.5,
0,1,0,367,6503.08,1,0,1,38446,31240.1,
0,1,0,367,24350.2,2,0,2,18460.5,28348.3,
0,1,0,368,48667.1,2,0,2,21409.6,37471,
0,1,0,370,98876.7,1,0,1,36124.3,17744.8,
0,1,0,371,11878.5,1,0,1,32869.4,30207,
0,1,0,371,14877.9,1,0,1,23525.2,35170.5,
0,1,0,373,12779,1,0,1,21471.8,33338.2,
0,1,0,374,12791.9,1,0,1,23792.9,33488.7,
0,1,0,376,34402.7,1,0,1,24328.4,36550,
0,1,0,391,101348,1,0,1,23119.1,30998.8,
0,1,0,393,13337.8,1,0,1,33437.2,19718.8,
0,1,0,396,13943.2,1,0,1,34514.2,27139.5,
0,1,0,397,16870.9,1,0,1,37355,32886.7,
0,1,0,397,34464.8,1,0,1,1419.78,20323.4,
0,1,0,397,97753.1,1,0,1,27519.9,3917.18,
0,1,0,397,3848.01,1,0,1,35966,32260.2,
0,1,0,404,16054.8,1,0,1,36508.9,39714,
0,1,0,410,7877.68,1,0,1,35932.7,29047,
0,1,0,411,32308.4,1,0,1,30790.4,7096.91,
0,1,0,414,102625,1,0,1,29887.2,29782.7,
1,2,1,414,152075,298,294,4,29179.5,29380.8,
0,1,0,416,12233.9,1,0,1,28267.2,34879.5,
0,1,0,420,9414.07,1,0,1,6994.44,32030.2,
3,4,3,424,827191,274,250,24,8071.47,14426.6,
0,1,0,425,48813.4,1,0,1,34388,2170.57,
0,1,0,426,38401.4,1,0,1,29797.7,18105.4,
1,2,1,428,120213,71,68,3,3231,35428.3,
0,1,0,440,35210,1,0,1,30292.9,14726.7,
0,1,0,448,101988,1,0,1,37521.8,32798.4,
0,1,0,450,16146.5,1,0,1,36777.7,40105.4,
0,1,0,453,14398.2,1,0,1,17806.1,36686.6,
0,1,0,454,26866.7,2,0,2,36567.8,6117.92,
0,1,0,456,9724.14,1,0,1,8631.45,31413.9,
0,1,0,458,33411.9,1,0,1,15583.8,33845.3,
0,1,0,459,97923.3,1,0,1,15124.5,33949.7,
0,1,0,460,41822.7,1,0,1,13738.7,34437,
0,1,0,461,11832,1,0,1,11045.3,34825.1,
0,1,0,467,12450.9,1,0,1,32733.6,37084.8,
0,1,0,468,16526.9,1,0,1,32005,35214.6,
0,1,0,470,12825.2,1,0,1,28005.3,37063.5,
0,1,0,471,37273.9,1,0,1,27090.5,34161.2,
0,1,0,477,128338,3,0,3,30200.7,14886.5,
1,2,1,478,133606,96,94,2,26423.8,33703,
0,1,0,478,9760.12,1,0,1,6697.64,26797.5,
0,1,0,480,13443.5,1,0,1,33216.8,6282.65,
0,1,0,480,6499.43,1,0,1,29945.4,39339.5,
0,1,0,484,9370.03,1,0,1,30114,39704.5,
0,1,0,484,11105.6,1,0,1,2637.36,34075.3,
0,1,0,490,35034.5,1,0,1,39584.4,40027,
0,1,0,491,99206.2,1,0,1,39061.4,38596.3,
0,1,0,491,11786.8,1,0,1,40137.9,17369.3,
0,1,0,492,14801.7,1,0,1,31041.3,38308.4,
0,1,0,494,28613.4,1,0,1,24870.1,37509,
1,2,1,494,117634,191,189,2,38146.2,31406.2,
0,1,0,495,11301.3,1,0,1,36528.6,26898.5,
0,1,0,495,38879.1,1,0,1,34114.5,33812.7,
0,1,0,495,91548.3,1,0,1,34563.2,34704.7,
0,1,0,496,12504,1,0,1,23781.6,36715.1,
0,1,0,496,13999.3,1,0,1,33404.3,30817.9,
0,1,0,498,30097.7,1,0,1,32346,35040.8,
0,1,0,499,100020,1,0,1,30398.4,35966.2,
0,1,0,500,13596.4,1,0,1,30743.7,37737.3,
0,1,0,500,10859.8,1,0,1,33162.1,31122.2,
0,1,0,502,29837.2,1,0,1,40140.1,39853.7,
0,1,0,502,100434,1,0,1,37986.9,39537.8,
0,1,0,502,11821.2,1,0,1,37287.3,37429.2,
0,1,0,503,10011.3,1,0,1,38341.3,39804.2,
0,1,0,503,32271.9,1,0,1,37490.5,40027.8,
0,1,0,508,95062.7,1,0,1,33623.4,21150.9,
0,1,0,509,16606.5,1,0,1,13360.2,8850.22,
0,1,0,511,9011.74,1,0,1,28460.3,40094.8,
0,1,0,512,10860.6,1,0,1,27717.5,36788.7,
1,2,1,512,135977,46,44,2,21151.6,13545.5,
0,1,0,512,17467.2,1,0,1,7934.04,36933.1,
0,1,0,514,1.45242e+06,36,0,36,15322.6,12689.9,
0,1,0,516,16331.6,1,0,1,39457,32817.6,
0,1,0,517,16563,1,0,1,34373.1,20729,
0,1,0,518,15756,1,0,1,34079,20786.9,
0,1,0,519,333805,9,0,9,33413.3,18176.3,
0,1,0,521,103458,1,0,1,19842.2,33837,
0,1,0,525,11833.1,1,0,1,29132.2,31838.7,
0,1,0,529,18058.9,1,0,1,26338.7,39214,
0,1,0,529,143576,3,0,3,6254.2,28032.9,
0,1,0,531,13384.3,1,0,1,4082.05,6678.24,
0,1,0,533,14046.3,1,0,1,22069.4,23009.5,
0,1,0,533,99746.6,1,0,1,10267.9,25938.4,
0,1,0,534,32449.2,1,0,1,3843.47,12444.6,
0,1,0,537,15299.2,1,0,1,2202.73,25794.6,
0,1,0,538,128368,2,0,2,2364.66,26024.3,
0,1,0,541,16527.9,1,0,1,25679.7,30816.4,
0,1,0,541,30736.8,1,0,1,10643.9,1437.37,
0,1,0,544,115202,2,0,2,39986,13005.7,
0,1,0,545,9393.81,1,0,1,29199.3,26792,
5,6,5,546,494271,28,16,12,12444.3,4268.52,
0,1,0,549,402795,13,0,13,35397.5,28736.1,
0,1,0,566,31807.6,1,0,1,30789.7,19066.9,
0,1,0,568,99706.2,1,0,1,24159.4,24272.2,
2,3,2,572,331874,20,10,10,3030.04,23813.4,
0,1,0,576,12512.7,1,0,1,25297.9,29571.7,
0,1,0,577,34489.6,1,0,1,37308.6,22268.4,
0,1,0,581,10382.3,1,0,1,38563.3,31898,
0,1,0,590,393092,9,0,9,20660.3,3446.7,
1,2,1,590,192693,6,1,5,35981.5,33222.6,
0,1,0,592,300800,8,0,8,32871.5,37893.7,
0,1,0,593,42739.7,2,0,2,20608.9,40038.5,
0,1,0,594,15092.2,1,0,1,19756.3,23280.7,
0,1,0,599,14318.8,1,0,1,25567.5,3417.1,
0,1,0,601,6280.3,1,0,1,35205.1,32012,
0,1,0,602,98067.2,1,0,1,21088.8,28545.7,
0,1,0,607,16902.4,1,0,1,7860.24,25524.7,
0,1,0,607,13628.3,1,0,1,28333.2,24054.2,
0,1,0,607,34562.9,1,0,1,29194.6,39000,
0,1,0,608,102660,1,0,1,28848.7,27204.2,
0,1,0,608,11892.8,1,0,1,27564.6,26135.3,
0,1,0,609,47947.3,2,0,2,9863.08,25181.8,
0,1,0,609,98317.9,1,0,1,4060.24,16942,
0,1,0,612,7953.12,1,0,1,20047,38843,
0,1,0,615,14393.7,1,0,1,21421.8,15894.6,
0,1,0,618,101432,1,0,1,28358.1,39935.9,
0,1,0,618,30473.7,1,0,1,39743.9,24213.9,
0,1,0,619,15163.6,1,0,1,33000.3,18186,
0,1,0,620,11345.6,1,0,1,32772,18305.3,
0,1,0,621,32713.2,1,0,1,34669.5,18580.2,
0,1,0,621,99442.3,1,0,1,34579.6,31815.1,
0,1,0,624,13970.1,1,0,1,11669.3,28328.6,
0,1,0,626,6507.63,1,0,1,28061.3,23485.5,
0,1,0,627,351017,9,0,9,31642.2,13283.4,
0,1,0,628,16908.5,1,0,1,21012.4,31306.8,
1,2,1,634,106407,3,1,2,34854.7,27789.9,
0,1,0,635,10823.2,1,0,1,37525.9,32566.9,
0,1,0,635,15564.4,1,0,1,19902.3,38412.5,
0,1,0,637,12109.2,1,0,1,19163.8,25338.1,
4,5,4,640,199764,159,153,6,28300.5,26120.5,
0,1,0,640,111185,2,0,2,29571.1,12995.8,
0,1,0,648,14953.3,1,0,1,16725.7,18876,
0,1,0,650,26261.1,1,0,1,37083.5,28131.4,
0,1,0,650,111775,1,0,1,38157.3,28186.3,
0,1,0,651,10759.1,1,0,1,30731.3,23062.6,
0,1,0,653,14467.7,1,0,1,24658,24799.4,
0,1,0,653,33137.1,1,0,1,14946.8,22801.9,
0,1,0,654,32979,1,0,1,29523.5,29255.9,
1,2,1,663,156484,5,2,3,19235.8,14899.1,
0,1,0,665,12095.5,1,0,1,37410.2,31523.5,
3,4,3,665,65620.9,120,116,4,26991.7,35881.9,
0,1,0,670,48011.1,1,0,1,24691.8,29561.6,
0,1,0,673,93905.2,1,0,1,28579,39586.5,
6,7,6,676,245906,159,151,8,27446.3,6544.23,
0,1,0,677,37665.8,1,0,1,35092.3,26405.5,
0,1,0,681,105653,1,0,1,505.01,12988.1,
0,1,0,682,36601.6,1,0,1,28422.7,29919.2,
0,1,0,683,10083,1,0,1,30697.3,25551.6,
0,1,0,684,50948.2,1,0,1,31466.2,25591.4,
0,1,0,685,148155,3,0,3,38652,31068.1,
1,2,1,687,129879,8,4,4,22149.5,31071.9,
0,1,0,689,116728,2,0,2,11019.2,34060.7,
0,1,0,694,29690.9,1,0,1,15226.2,37322.3,
0,1,0,695,14190,1,0,1,14983.6,37430.6,
0,1,0,695,10542.7,1,0,1,39788.9,32389.1,
0,1,0,696,34402.7,1,0,1,39361.2,25058.4,
0,1,0,698,102120,1,0,1,22771.2,35514.7,
0,1,0,705,22163.9,2,0,2,17442.5,4232.51,
0,1,0,705,31250.1,1,0,1,27121.1,23544.4,
0,1,0,706,93185.3,1,0,1,32579.4,26960.8,
0,1,0,707,16172.3,1,0,1,32833,26852.1,
0,1,0,709,13018.7,1,0,1,34880.7,17359.7,
1,2,1,710,25950.9,117,115,2,25446.1,10417.4,
0,1,0,712,30730.9,1,0,1,32376.9,16486.8,
0,1,0,714,97885.5,1,0,1,12251.9,16387.8,
0,1,0,719,43990.2,2,0,2,25934.9,25093.2,
0,1,0,720,93271.8,1,0,1,21426.1,17867.4,
0,1,0,720,14894.3,1,0,1,24862.6,30701.5,
0,1,0,722,27967.1,1,0,1,38331.4,32208.3,
0,1,0,723,157348,4,0,4,17386.2,28528.8,
0,1,0,727,12759.4,1,0,1,22122.2,28182.8,
0,1,0,727,32057.4,1,0,1,25894.4,27387.8,
0,1,0,728,141563,3,0,3,2620.08,25443.3,
0,1,0,729,109070,2,0,2,30733.7,40255.7,
2,3,2,734,181874,29,24,5,24698.4,27406.3,
0,1,0,734,17241.7,2,0,2,23239.6,15668.7,
0,1,0,735,18590.8,1,0,1,1357.66,22784.5,
0,1,0,738,12115.4,1,0,1,20778.6,30705.6,
0,1,0,739,10654.5,1,0,1,19700.4,30987.9,
0,1,0,741,121284,2,0,2,27001.5,12023.5,
0,1,0,746,32455.3,1,0,1,31923.7,17243.6,
0,1,0,747,14927.8,1,0,1,40190.2,24375.3,
0,1,0,749,98052.9,1,0,1,25654,19951.5,
0,1,0,750,21588,2,0,2,39590.1,19421.5,
0,1,0,751,31848.2,1,0,1,35552.2,12767.5,
0,1,0,752,99066.5,1,0,1,35414,12666.7,
0,1,0,752,18039.6,1,0,1,16272.2,19179.2,
0,1,0,753,7352.57,1,0,1,36139.5,14250.4,
0,1,0,756,9151.92,1,0,1,27130,27174.7,
0,1,0,757,153833,4,0,4,23589.1,30786.8,
0,1,0,757,16384.3,1,0,1,25547.4,27500.3,
0,1,0,758,14510.1,1,0,1,1847.83,29888.5,
0,1,0,758,268103,6,0,6,16534.2,23680.5,
0,1,0,762,33253.8,1,0,1,9811.47,4587.86,
0,1,0,765,11695.5,1,0,1,18128.4,31773.8,
0,1,0,765,12964.6,1,0,1,1081.2,36393.9,
0,1,0,766,13929.2,1,0,1,1672.67,36233.4,
0,1,0,766,19430.3,2,0,2,25957.4,33957.2,
0,1,0,767,131040,2,0,2,1250.48,18639.5,
0,1,0,768,13984.3,1,0,1,22377.1,37987.4,
0,1,0,768,103096,1,0,1,35775.6,19565.5,
0,1,0,768,32490.8,1,0,1,32955.2,34206.6,
0,1,0,769,10024.7,1,0,1,32518,34217.1,
0,1,0,770,13397,1,0,1,31261.5,38431.4,
0,1,0,771,38620.6,1,0,1,3482.51,36933.3,
0,1,0,773,101508,1,0,1,19432.2,31674.7,
0,1,0,773,11537.1,1,0,1,18535.5,32205.8,
0,1,0,774,11755.5,1,0,1,17675,32029.4,
0,1,0,774,95398.6,1,0,1,17701,33704.9,
0,1,0,775,15752.2,1,0,1,14435.4,31892.4,
0,1,0,775,21476.7,1,0,1,22590.9,28303.3,
0,1,0,776,30006.6,1,0,1,35337.5,38409.6,
0,1,0,777,11501.3,1,0,1,34179.4,38917.6,
0,1,0,778,30728,1,0,1,17049,38169,
0,1,0,779,111941,2,0,2,20230.8,35050.5,
0,1,0,779,11489.3,1,0,1,39321.2,30921.1,
0,1,0,779,10886.4,1,0,1,34180.8,22757.1,
0,1,0,780,31344,1,0,1,30016,35791,
0,1,0,780,95263.2,1,0,1,38427.1,31115.6,
0,1,0,780,18461.6,1,0,1,29923.6,35011,
0,1,0,780,10355,1,0,1,21796,37362.8,
0,1,0,780,15089.1,1,0,1,33011.9,31375.6,
0,1,0,783,93993.2,1,0,1,37078,3349.58,
0,1,0,783,33105,1,0,1,20377,38103.6,
0,1,0,784,11583.8,1,0,1,33783.6,6306.92,
0,1,0,787,112546,2,0,2,17351.7,16665.5,
0,1,0,787,34887.9,1,0,1,33316.1,30987,
0,1,0,791,21344.8,1,0,1,4312.99,40058.8,
0,1,0,791,135527,2,0,2,4796.14,18830.3,
0,1,0,792,64820.4,4,0,4,5427.11,37376.5,
0,1,0,794,14332,1,0,1,33963.2,21716.8,
0,1,0,798,42079,1,0,1,33709.1,15197.9,
1,2,1,803,350109,10,1,9,29193.3,36127.5,
0,1,0,806,99650.4,1,0,1,34376.9,27960.8,
0,1,0,808,15906.9,1,0,1,25793.9,36107.3,
0,1,0,813,34568.9,1,0,1,39934.4,22754.6,
0,1,0,814,13697.2,1,0,1,28523.4,36055.6,
0,1,0,814,34694.8,1,0,1,20972.3,37251.4,
0,1,0,816,107934,2,0,2,22048.1,25658.3,
0,1,0,816,12192.4,1,0,1,9228.57,25782.2,
0,1,0,817,33745.6,1,0,1,34266.7,25139.6,
0,1,0,819,117355,2,0,2,19647.4,2748.86,
0,1,0,821,33984.3,1,0,1,20314.6,3984.34,
0,1,0,825,7829.73,1,0,1,25886.9,10542,
0,1,0,825,13192.4,1,0,1,4865.94,36346.6,
0,1,0,826,111818,2,0,2,27133.7,33179.3,
0,1,0,829,34058.2,1,0,1,1534.07,39534.2,
0,1,0,829,9104.96,1,0,1,10815,17983.9,
0,1,0,831,17189.8,1,0,1,22353.1,950.696,
0,1,0,832,94445.5,1,0,1,30143.5,23026.3,
0,1,0,835,52942.8,3,0,3,30911.8,6680.1,
0,1,0,836,17572.7,1,0,1,16513.1,29210.7,
0,1,0,837,93912.3,1,0,1,4902.4,13940.9,
0,1,0,838,9898.36,1,0,1,38216,11988.6,
0,1,0,841,14052,1,0,1,33440.2,23000,
0,1,0,841,93137.1,1,0,1,3752.69,22113.2,
0,1,0,846,14596.8,1,0,1,4352.53,28152,
0,1,0,848,11044.4,1,0,1,32858.2,15855,
0,1,0,848,35728.7,1,0,1,39737.2,27503.8,
0,1,0,849,11413.4,1,0,1,10623.7,4300.8,
0,1,0,849,35124.5,1,0,1,6090.02,22820,
0,1,0,849,109784,2,0,2,19702.6,30085.1,
0,1,0,851,120607,2,0,2,37239.1,28403.7,
0,1,0,852,31652.7,1,0,1,40307.3,29800.2,
0,1,0,853,13713.6,1,0,1,37774.8,31367.8,
0,1,0,856,6761.18,1,0,1,14853,2629.49,
0,1,0,858,15504.7,1,0,1,12477.2,10102,
0,1,0,860,10415.9,1,0,1,33758.9,24013.6,
0,1,0,866,4833.46,1,0,1,36570.9,11442.6,
0,1,0,867,37159.3,1,0,1,14047.2,31955.3,
0,1,0,868,111415,1,0,1,24166.9,24695.7,
0,1,0,869,15257.6,1,0,1,25388,24435.8,
0,1,0,874,168326,5,0,5,34757.5,22038.5,
0,1,0,875,125429,2,0,2,36337.4,32432.6,
0,1,0,879,11484.6,1,0,1,9120.19,33017.1,
0,1,0,882,9647.42,1,0,1,15617.9,37943.9,
0,1,0,883,11872.3,1,0,1,35668,6012.02,
0,1,0,883,8443.25,1,0,1,35971,17454.8,
0,1,0,887,99599.1,1,0,1,31886.4,34271.1,
0,1,0,888,17531.1,1,0,1,38246.1,11473.9,
0,1,0,888,8593.75,1,0,1,35376.9,32550.5,
0,1,0,890,32216.3,1,0,1,27656.9,36287.7,
0,1,0,890,10362.1,1,0,1,34540.8,24326.9,
0,1,0,892,35900.1,1,0,1,25585.1,25704.8,
2,3,2,893,451308,31,21,10,38976.5,2503.32,
0,1,0,895,11728.9,1,0,1,12318.1,5152.78,
0,1,0,899,37091.7,1,0,1,24639.9,26238.3,
0,1,0,899,98012,1,0,1,20629.7,39754.5,
0,1,0,900,16354.7,1,0,1,23808.9,26138.8,
0,1,0,900,14168.1,1,0,1,19343.5,39995.5,
0,1,0,901,28344.7,1,0,1,19732.6,33916.6,
0,1,0,903,102251,1,0,1,27858.7,39746.6,
0,1,0,904,14521.1,1,0,1,2826.44,2825.57,
0,1,0,904,13551.2,1,0,1,27858.4,39061.2,
0,1,0,907,342363,9,0,9,22760.3,37224.8,
0,1,0,908,10256.7,1,0,1,34091.1,30373.2,
0,1,0,909,8198.2,1,0,1,38651.6,23994.7,
0,1,0,909,34456.6,1,0,1,32849.5,12892.2,
0,1,0,909,98891.3,1,0,1,37091.7,29808.7,
0,1,0,910,7259.37,1,0,1,40026.9,24673.8,
0,1,0,910,12564.8,1,0,1,13076.1,26262,
0,1,0,911,149695,4,0,4,7790.83,33914.9,
0,1,0,911,90753.7,1,0,1,40049.5,24975.3,
0,1,0,912,27256.9,3,0,3,21190.5,39867.3,
0,1,0,915,29770,1,0,1,33342.9,29692.8,
0,1,0,917,14219.6,1,0,1,35618.7,492.996,
0,1,0,917,11288.8,1,0,1,34525.5,2266.51,
0,1,0,922,32380.2,1,0,1,17979.8,37328.6,
0,1,0,925,89150.2,1,0,1,27788.3,23916.6,
0,1,0,925,9581.26,1,0,1,20203.3,14409,
0,1,0,926,37618.1,1,0,1,32905.7,21716.7,
0,1,0,929,97104.6,1,0,1,1137.07,23100.5,
0,1,0,931,16872.6,1,0,1,2261.33,29968.9,
0,1,0,945,40106.6,2,0,2,36773,18734.7,
0,1,0,948,96156.4,1,0,1,12978.3,22861.7,
0,1,0,948,11485.6,1,0,1,16804.2,37951.9,
0,1,0,949,10916.8,1,0,1,20630.4,32722.8,
3,4,3,951,162733,9,5,4,18226.5,36850.5,
0,1,0,955,131184,2,0,2,33925.6,23477.1,
0,1,0,957,11624.1,1,0,1,8919.08,12070.4,
0,1,0,957,14006.1,1,0,1,1796.76,9189.97,
0,1,0,959,138087,2,0,2,25197.9,28130,
0,1,0,960,15235.4,1,0,1,23216.4,13758.1,
0,1,0,968,146877,3,0,3,23511.5,23712,
0,1,0,971,155503,4,0,4,22737.5,20498.7,
0,1,0,972,29282.3,2,0,2,31178.5,14738.7,
2,3,2,973,150798,23,20,3,34277.6,20704,
0,1,0,980,59591.8,3,0,3,36791.2,33717.1,
0,1,0,981,101172,1,0,1,40167.2,30852,
0,1,0,983,10300.4,1,0,1,7927.26,33428.8,
2,3,2,988,130699,132,129,3,23388.8,30331.3,
0,1,0,990,34348.8,1,0,1,32829.2,35269.6,
0,1,0,991,7659.78,1,0,1,26140.2,40046,
0,1,0,991,26878.2,2,0,2,33639.7,37827.7,
0,1,0,992,101602,1,0,1,37259.3,10965.7,
1,2,1,994,47334.9,195,193,2,13040.4,2962.77,
0,1,0,998,307315,8,0,8,40091.9,15850.2,
0,1,0,1001,11153.9,1,0,1,30351.4,31565.1,
0,1,0,1001,15250.5,1,0,1,38971.4,28411.3,
0,1,0,1007,34922.8,1,0,1,38904.2,34700.6,
0,1,0,1012,100368,1,0,1,21116.9,3384.08,
0,1,0,1016,138104,4,0,4,32137.9,6894.31,
5,6,5,1020,209555,107,101,6,31782.4,18441.4,
0,1,0,1020,33860,1,0,1,28688.4,32823.2,
0,1,0,1020,98039.4,1,0,1,33091.5,18950.7,
0,1,0,1022,15123.3,1,0,1,34575.7,34708.7,
0,1,0,1026,14594.6,1,0,1,29991.8,30232,
0,1,0,1026,95702.4,2,0,2,37298.9,21946.7,
0,1,0,1027,33019,1,0,1,31465.2,26071.2,
0,1,0,1028,318709,7,0,7,31467.4,26318.3,
0,1,0,1029,10553.6,1,0,1,18921.1,34293.2,
0,1,0,1034,3509.75,1,0,1,39323.6,40240.4,
0,1,0,1036,17618,1,0,1,39981.4,23362.1,
0,1,0,1039,20125,1,0,1,14966.7,25909.9,
0,1,0,1040,14323.8,1,0,1,17576.9,12162.4,
0,1,0,1046,19362.7,2,0,2,5028.36,16836.4,
0,1,0,1048,32067,1,0,1,21786.2,7400.07,
3,4,3,1048,172918,82,76,6,38391.8,28024.7,
0,1,0,1051,100538,1,0,1,19745.2,25159.6,
0,1,0,1052,27835.5,1,0,1,19638.3,32337.8,
1,2,1,1054,39719.8,4,2,2,24961.2,28399,
5,6,5,1057,1.4279e+06,299,258,41,34164.6,23304.7,
0,1,0,1059,25715.3,2,0,2,36119.7,20320.4,
0,1,0,1062,7458.26,1,0,1,37076.5,11764.7,
0,1,0,1067,11971.2,1,0,1,573.288,40032.5,
0,1,0,1067,34523.8,1,0,1,27498,27368.3,
0,1,0,1068,98309.6,1,0,1,36316.1,36799.2,
0,1,0,1071,25005.3,2,0,2,25112.1,39114.3,
0,1,0,1072,7677.42,1,0,1,1072.28,5808.41,
0,1,0,1072,20571.1,1,0,1,34524,21009.8,
1,2,1,1073,150797,6,3,3,29410,32051.3,
0,1,0,1073,21875.3,2,0,2,33067.5,27280.3,
0,1,0,1073,94739.7,1,0,1,35693.7,16342.6,
0,1,0,1073,37717.8,1,0,1,23560.4,33621.4,
0,1,0,1073,13378.5,1,0,1,22513,37088.4,
0,1,0,1074,33191.9,1,0,1,20781.1,38021.9,
0,1,0,1074,24248.7,1,0,1,23571.7,33320.9,
0,1,0,1074,16473.9,1,0,1,35748.7,17661.4,
0,1,0,1075,100117,1,0,1,37541.1,18580.7,
0,1,0,1075,15374.8,1,0,1,7356.46,40311.6,
0,1,0,1076,40470.6,2,0,2,5894.42,31414.8,
0,1,0,1076,15800.8,1,0,1,13231.3,37483.1,
0,1,0,1077,96898,1,0,1,39585.5,38998.2,
0,1,0,1078,32296.4,2,0,2,5911.13,29050.1,
0,1,0,1078,141910,2,0,2,8850.94,34745.6,
0,1,0,1080,15471.5,1,0,1,15607.4,12375.8,
0,1,0,1080,19055.2,1,0,1,39904,36008.2,
0,1,0,1085,102004,1,0,1,37542.2,11901.6,
0,1,0,1090,30155.7,1,0,1,22603.2,34768.4,
0,1,0,1091,9581.24,1,0,1,30461,22936.7,
0,1,0,1093,24407.5,1,0,1,37758.1,37255.4,
0,1,0,1093,14425.4,1,0,1,18408.9,21297.1,
0,1,0,1096,8195.48,1,0,1,21713.1,22331.5,
0,1,0,1101,6832.58,1,0,1,18795.6,28926.3,
0,1,0,1102,27792.1,1,0,1,31195.4,32276.1,
0,1,0,1113,101015,1,0,1,10574,12644.4,
0,1,0,1120,13556.6,1,0,1,18069.8,28174.2,
0,1,0,1125,13714.4,1,0,1,39481.8,2390.6,
0,1,0,1127,11352,1,0,1,26872.9,27062,
0,1,0,1128,33790.3,1,0,1,27859.3,26662.1,
0,1,0,1128,98708.3,1,0,1,27229.7,26636,
0,1,0,1129,18063.7,1,0,1,38355.2,23833.6,
0,1,0,1131,36659.2,1,0,1,19968.4,40218.4,
0,1,0,1135,98104.7,1,0,1,11590.9,29473.4,
0,1,0,1137,16323.5,1,0,1,11356.4,28201.8,
0,1,0,1139,13587.4,1,0,1,12322.1,26219,
0,1,0,1139,21105.5,1,0,1,17600.5,24870.5,
0,1,0,1143,95045.8,1,0,1,12599.2,2440.06,
0,1,0,1145,50425.4,2,0,2,2303.68,33134.1,
0,1,0,1146,15489.9,1,0,1,14736.4,23598.5,
0,1,0,1147,11289.1,1,0,1,37905.9,36170.7,
0,1,0,1149,34936,1,0,1,20279.6,24553,
0,1,0,1154,104501,1,0,1,29877.6,26068.8,
0,1,0,1155,18667.6,1,0,1,20149.9,14035.7,
0,1,0,1155,97263.7,1,0,1,32860.4,783.516,
0,1,0,1156,36064,1,0,1,17467.3,14376.1,
0,1,0,1156,15932.5,1,0,1,32595.8,24907.1,
0,1,0,1157,27404.2,1,0,1,32294.6,857.408,
0,1,0,1158,107051,2,0,2,32860.9,3715.95,
1,2,1,1160,178399,8,2,6,32586.2,3035.85,
0,1,0,1161,34266,1,0,1,22912.3,40046.9,
0,1,0,1177,10980.3,1,0,1,24898.8,24666,
0,1,0,1179,129199,3,0,3,19263.5,1852.83,
0,1,0,1180,44368.8,2,0,2,13396.8,14750.4,
0,1,0,1181,115146,2,0,2,765.221,24502.7,
0,1,0,1184,35189.2,1,0,1,13473.4,30734.4,
6,7,6,1185,773213,39,19,20,8474.11,15628.9,
0,1,0,1188,98302.6,1,0,1,14571.5,21394.8,
1,2,1,1191,206560,8,2,6,4231.9,1418.93,
0,1,0,1192,12060.9,1,0,1,16074,10592.9,
0,1,0,1194,13855.5,1,0,1,30706.7,25472.8,
0,1,0,1195,95490,1,0,1,16306.2,4416.08,
2,3,2,1198,221507,27,20,7,4684,40125.2,
0,1,0,1200,99886.4,1,0,1,19074.7,10504.7,
0,1,0,1200,36171.1,1,0,1,8680.32,23040.6,
0,1,0,1202,11342.8,1,0,1,3734.29,9496.95,
0,1,0,1203,14657.3,1,0,1,36789.3,36494.4,
0,1,0,1203,33332.9,1,0,1,18957.4,22988.9,
0,1,0,1204,14954,1,0,1,15393.1,16683.5,
0,1,0,1207,12941.8,1,0,1,39938.5,16291.3,
1,2,1,1207,164361,154,150,4,33655.5,27533.5,
0,1,0,1209,33159.7,1,0,1,23914.3,19982.5,
0,1,0,1211,100346,1,0,1,17023.8,34187.7,
0,1,0,1213,26503.5,1,0,1,29098.6,39834.1,
0,1,0,1215,14502.5,1,0,1,19256.4,28759.1,
2,3,2,1217,119538,108,105,3,24766.1,28044,
0,1,0,1221,34885,1,0,1,11839,29272.2,
1,2,1,1222,105916,24,22,2,20924,9487.46,
0,1,0,1224,11209.1,1,0,1,39269,30780.6,
0,1,0,1224,8322.88,1,0,1,24159.6,1495.98,
0,1,0,1225,13499.2,1,0,1,23188.2,2096.01,
0,1,0,1225,97202.2,1,0,1,2544,21435.4,
0,1,0,1225,36525,1,0,1,40032.5,32969.2,
0,1,0,1226,49468.4,2,0,2,25423.3,12158.5,
0,1,0,1228,6370.1,1,0,1,13001.3,38074.4,
1,2,1,1228,112407,3,1,2,17307.2,21082.9,
0,1,0,1229,13806.1,1,0,1,6736.71,13826.9,
0,1,0,1229,8714.01,1,0,1,32295.9,34859.1,
0,1,0,1229,13357.9,1,0,1,17580.9,21360.8,
0,1,0,1230,18755.8,1,0,1,15614.5,33658.2,
0,1,0,1231,13224.8,1,0,1,21100.7,32348,
0,1,0,1232,96838.1,1,0,1,7520.49,23467,
1,2,1,1232,49122.4,104,102,2,23964.5,4499.01,
0,1,0,1233,15838.5,1,0,1,22589.1,25713.9,
0,1,0,1235,11753.8,1,0,1,20741.5,16374.7,
0,1,0,1235,99537.2,1,0,1,22968.2,27586.3,
0,1,0,1235,6404.24,1,0,1,20858.9,18068,
0,1,0,1237,34853,1,0,1,24162.4,12907.4,
0,1,0,1243,33476.5,1,0,1,28555,26579.7,
0,1,0,1244,95273.4,1,0,1,20800.9,9460.54,
0,1,0,1248,11441.8,1,0,1,7023.95,40191.6,
0,1,0,1262,18018.5,1,0,1,32471.6,18792.9,
0,1,0,1266,12292.7,1,0,1,14506.8,16672.5,
0,1,0,1270,28656,2,0,2,35603.6,33499,
0,1,0,1272,156982,4,0,4,19444.2,14601.8,
0,1,0,1272,29157.9,1,0,1,7430.7,28550.3,
0,1,0,1272,100024,1,0,1,31182.9,10624.3,
0,1,0,1276,12027.2,1,0,1,31268.3,19922.7,
3,4,3,1280,1.53715e+06,104,59,45,9851.53,21732.9,
0,1,0,1281,17345.1,1,0,1,13228.2,21311.4,
0,1,0,1282,19064.6,1,0,1,22927.1,26890.6,
0,1,0,1283,28293.7,1,0,1,28675.4,30033.7,
0,1,0,1290,10803.4,1,0,1,8830.47,28144.8,
0,1,0,1293,36666.1,1,0,1,8962.05,34154.1,
0,1,0,1294,101051,1,0,1,9151.29,25650.5,
0,1,0,1295,20551.9,1,0,1,19929.3,38217.4,
0,1,0,1298,16690.4,1,0,1,13008.5,34091.2,
0,1,0,1300,39912.8,1,0,1,37899.3,3658.47,
0,1,0,1300,13050.3,1,0,1,5153.75,37123.5,
0,1,0,1301,7367.51,1,0,1,34314.5,34196.8,
0,1,0,1301,11182.5,1,0,1,5350.99,40188,
0,1,0,1302,107945,1,0,1,33055.7,20975.2,
1,2,1,1303,63476.6,41,37,4,26556.5,11681.7,
0,1,0,1303,14247.9,1,0,1,32462.6,21283.6,
0,1,0,1303,12329.7,1,0,1,15599,32113.3,
0,1,0,1304,21367.9,1,0,1,15902.5,34167.7,
0,1,0,1309,7488.75,1,0,1,12176.7,20711,
1,2,1,1312,39937.5,7,5,2,28183.5,6031.04,
9,10,9,1312,845954,54,30,24,27483.3,28175.2,
0,1,0,1314,99706.4,1,0,1,33140.7,30888.3,
0,1,0,1315,82336.5,1,0,1,37578.3,26021.9,
0,1,0,1316,33753.2,1,0,1,18654.6,25544,
0,1,0,1320,13928,1,0,1,36353,29239.2,
0,1,0,1322,98314.4,1,0,1,26455.4,27206.2,
0,1,0,1324,33872.5,1,0,1,39256.4,36558.9,
0,1,0,1327,10968.9,1,0,1,19773.4,31326.3,
0,1,0,1329,160154,4,0,4,29553.9,7578.91,
0,1,0,1334,14740.2,1,0,1,29706.2,7635.84,
0,1,0,1335,145326,3,0,3,6583.26,16152.5,
0,1,0,1335,15543.2,1,0,1,29092.2,19502.7,
0,1,0,1338,96357.9,1,0,1,28944.7,4687.44,
0,1,0,1344,34886.1,1,0,1,16217.2,34809.6,
0,1,0,1346,27091.4,2,0,2,19429.8,23351.5,
0,1,0,1346,98282.7,1,0,1,39527.9,24377.5,
0,1,0,1348,28854,1,0,1,36972.3,29403.7,
1,2,1,1349,23141.7,209,207,2,33016,27642.3,
0,1,0,1349,99035.4,1,0,1,33211.5,15351.2,
0,1,0,1353,33793.1,1,0,1,35054.3,29876.2,
0,1,0,1354,10147.9,1,0,1,33803.3,11369.5,
0,1,0,1354,14975.1,1,0,1,22261.4,19221.9,
0,1,0,1356,93393.7,1,0,1,23939.2,12730.9,
0,1,0,1359,33301.6,1,0,1,13060.6,19326,
0,1,0,1360,12668.6,1,0,1,30624.5,6097.09,
1,2,1,1361,145394,5,2,3,34856.7,12653,
0,1,0,1363,11712.4,1,0,1,25841.2,5256.89,
1,2,1,1363,336293,170,161,9,16878.5,18862.9,
0,1,0,1364,29618.6,1,0,1,22925.5,23108.5,
0,1,0,1365,90852.3,1,0,1,25068.2,22038.6,
0,1,0,1367,192174,6,0,6,36568.4,26323.6,
0,1,0,1370,6122.88,1,0,1,31897.3,31195.5,
0,1,0,1374,130925,2,0,2,11697.4,24280.7,
0,1,0,1377,17143.8,1,0,1,36788.5,36869.6,
0,1,0,1378,33581.7,1,0,1,39342.2,33775.1,
0,1,0,1382,365486,13,0,13,34461.8,35557.6,
0,1,0,1384,98879.4,1,0,1,30045.7,21478.9,
0,1,0,1387,17925.9,1,0,1,35384,30719.4,
1,2,1,1389,23820.4,193,191,2,30463.7,28054.6,
0,1,0,1392,67740.1,2,0,2,31058.4,29698.2,
0,1,0,1393,8243.51,1,0,1,28185.9,31867.7,
0,1,0,1394,17158.9,1,0,1,33468.6,3032.14,
0,1,0,1396,102633,1,0,1,12360.8,19267.3,
0,1,0,1397,12741.2,1,0,1,28016.9,35719.7,
0,1,0,1399,16796,1,0,1,38862.8,23043,
0,1,0,1399,136394,3,0,3,4709.97,26114.2,
0,1,0,1400,9490.27,1,0,1,23302.6,15384.8,
1,2,1,1400,317272,9,2,7,11456.5,10645.7,
0,1,0,1405,9962.2,1,0,1,8261.75,21364.3,
0,1,0,1406,28570.2,1,0,1,18023.7,31422.2,
0,1,0,1407,17510.2,1,0,1,30561.5,29331,
2,3,2,1407,124627,8,3,5,8316.61,27020.8,
1,2,1,1408,106008,72,70,2,28613.3,26371.5,
0,1,0,1409,52390.2,2,0,2,28139.4,26781.8,
0,1,0,1411,10865.7,1,0,1,21307.6,25162.9,
0,1,0,1411,96479.7,1,0,1,21609.1,10126.7,
0,1,0,1412,22950.1,2,0,2,21601.4,38422.2,
0,1,0,1413,27133.6,1,0,1,21014.9,27807.7,
1,2,1,1420,39154.9,17,15,2,34606.7,26817.1,
0,1,0,1430,107590,1,0,1,4555.95,33906.2,
0,1,0,1435,13307.4,1,0,1,37726.1,37104.1,
0,1,0,1435,35657.4,1,0,1,34420.2,35827.4,
1,2,1,1435,121916,4,1,3,38375.4,24822.2,
0,1,0,1437,9678.85,1,0,1,31707.9,37579.3,
0,1,0,1437,34932.7,1,0,1,36656.9,34002.7,
0,1,0,1438,15490.5,1,0,1,36765.3,33671.8,
0,1,0,1439,102514,1,0,1,35237.5,36665.4,
0,1,0,1440,11137,1,0,1,3951.34,39419.6,
0,1,0,1441,33548.9,1,0,1,36473.2,31983.5,
0,1,0,1443,5463.64,1,0,1,4243.25,39192,
0,1,0,1444,16355.2,1,0,1,3259.93,36743,
0,1,0,1446,101216,1,0,1,4598.7,40270.3,
0,1,0,1447,18836.1,1,0,1,4369.57,37092.6,
0,1,0,1449,4375.49,1,0,1,33407.1,27478.9,
8,9,8,1452,660935,91,74,17,22605.3,30250.1,
0,1,0,1457,14940.1,1,0,1,22493.4,3076.71,
0,1,0,1460,461769,11,0,11,21965.4,3855.84,
0,1,0,1460,12909.7,1,0,1,24671.1,38030.7,
0,1,0,1464,137358,2,0,2,1316.06,27949.2,
0,1,0,1472,15394.5,1,0,1,32769,35807.2,
0,1,0,1480,13137.5,1,0,1,26681.6,26712.3,
0,1,0,1480,15091.3,1,0,1,28319.1,26055.4,
0,1,0,1481,98106.4,1,0,1,26343,9651.95,
0,1,0,1481,41323.6,2,0,2,27950.6,28029.7,
0,1,0,1482,9630.1,1,0,1,35686.2,37583.8,
0,1,0,1482,15609.3,1,0,1,31711.8,34359.7,
0,1,0,1484,104165,1,0,1,25078.6,37260.9,
0,1,0,1484,33084.4,1,0,1,39420.6,23973.5,
0,1,0,1486,43058.3,2,0,2,23804.3,39937.9,
0,1,0,1487,11377.8,1,0,1,10945.9,19199.7,
0,1,0,1488,95192.9,1,0,1,26941.4,36156.7,
0,1,0,1489,9646.36,1,0,1,28837,32388.1,
0,1,0,1489,36862.8,1,0,1,27735.8,32361.8,
0,1,0,1490,102677,1,0,1,33688.1,28184.7,
0,1,0,1491,16237.5,1,0,1,35673.5,26616.9,
0,1,0,1504,10751.7,1,0,1,22960.8,13440.3,
0,1,0,1512,13168.6,1,0,1,26393.8,36664.4,
0,1,0,1512,9238.13,1,0,1,24625.9,35908.3,
0,1,0,1513,16335.3,1,0,1,27856,32192,
0,1,0,1513,13952.7,1,0,1,24564.4,31081,
0,1,0,1517,10742,1,0,1,33258.9,35218.1,
0,1,0,1522,33366.3,1,0,1,19482.6,31519.7,
0,1,0,1522,152926,5,0,5,20175.3,31225.3,
0,1,0,1526,37363.8,1,0,1,40298.1,27798.6,
0,1,0,1526,138674,2,0,2,3362.55,19991.5,
0,1,0,1528,16559.7,1,0,1,26262.8,24822.7,
0,1,0,1529,15761.7,1,0,1,27509.7,37540.3,
0,1,0,1530,111212,2,0,2,29444.8,37718.4,
0,1,0,1531,34298,2,0,2,24589.9,39757.9,
0,1,0,1532,124132,3,0,3,29482.9,37991,
0,1,0,1534,12241.8,1,0,1,30432.7,20413.8,
0,1,0,1535,8803.16,1,0,1,29499.6,38889.2,
0,1,0,1535,10892.1,1,0,1,30532.4,39648.7,
0,1,0,1539,25980.9,1,0,1,5680.78,37226.8,
0,1,0,1540,97577.3,1,0,1,18869.8,26671.8,
0,1,0,1542,13131.6,1,0,1,34708.5,8284.31,
0,1,0,1543,217205,7,0,7,35309.9,27532.4,
0,1,0,1543,256879,5,0,5,6004.76,20058.4,
0,1,0,1543,24704.4,2,0,2,34114.5,21039.4,
0,1,0,1547,11165.9,1,0,1,24701.8,20791.3,
0,1,0,1548,15454.2,1,0,1,29473.9,10599.3,
0,1,0,1549,12520.9,1,0,1,31245.5,11278.2,
4,5,4,1550,953601,33,9,24,29918.8,35702.2,
1,2,1,1552,28526.1,5,3,2,36791.4,5725.65,
0,1,0,1553,303465,7,0,7,8168.14,10098,
0,1,0,1554,35436.6,1,0,1,22047.3,1095.53,
0,1,0,1555,114587,2,0,2,28600.9,23517.6,
0,1,0,1555,14359.6,1,0,1,2157.54,36479.4,
0,1,0,1555,40481.5,2,0,2,33733.5,32209.3,
3,4,3,1557,403052,111,101,10,15324.2,31701.4,
1,2,1,1559,691168,20,2,18,22825.3,31806.4,
0,1,0,1561,30655,1,0,1,27243.2,18695,
0,1,0,1561,98443.8,1,0,1,9703.17,844.836,
0,1,0,1562,17071,1,0,1,38835.8,35569.6,
0,1,0,1564,4773.49,1,0,1,32074.8,32018,
0,1,0,1565,16029.7,1,0,1,25921.9,29930.6,
0,1,0,1565,98800.5,1,0,1,23450,30682,
0,1,0,1566,35060,1,0,1,24847.4,21616.5,
0,1,0,1567,10939.5,1,0,1,24394.9,22254.8,
0,1,0,1570,11655.3,1,0,1,23913.8,25168.1,
0,1,0,1570,106417,2,0,2,10417.1,31240.2,
0,1,0,1572,30043.8,1,0,1,24134.1,22586.2,
0,1,0,1573,10792,1,0,1,28984.8,24465.3,
0,1,0,1574,150326,3,0,3,15906.4,7345.67,
0,1,0,1574,11086.2,1,0,1,27809.9,26133.7,
0,1,0,1575,32417.8,1,0,1,23559.1,24583.2,
0,1,0,1575,103157,1,0,1,24723.5,24979.9,
0,1,0,1576,12357.9,1,0,1,19837.1,23646.4,
0,1,0,1577,11646.2,1,0,1,19729.9,30884.3,
0,1,0,1578,12077.5,1,0,1,13238.5,34781.2,
0,1,0,1579,104481,1,0,1,17630.9,15156.9,
0,1,0,1579,35440.5,1,0,1,28113.4,30019.9,
0,1,0,1580,9423.26,1,0,1,19137,37924.9,
0,1,0,1581,38354.4,1,0,1,17562.1,12286.7,
0,1,0,1581,105436,1,0,1,9317.51,38891.9,
0,1,0,1581,15828.7,1,0,1,9757.36,39860.5,
1,2,1,1583,162921,6,2,4,36980.5,16365.7,
0,1,0,1585,15655.6,1,0,1,39813.6,35538.6,
0,1,0,1585,33642.6,1,0,1,28469.5,26911.2,
0,1,0,1586,16435.8,1,0,1,40271.2,38569.5,
0,1,0,1586,32583.2,2,0,2,38192.8,20886.4,
0,1,0,1589,15016,1,0,1,1750.81,28570.7,
0,1,0,1590,104509,1,0,1,36328.6,27393.4,
0,1,0,1590,14202.4,1,0,1,34975.2,21023.8,
0,1,0,1594,30890.7,1,0,1,36658.6,9599.53,
0,1,0,1596,101919,1,0,1,32897.3,10671.2,
11,12,11,1601,684948,143,125,18,8167.73,6410.43,
1,2,1,1603,28907.6,17,15,2,16925.2,31052.3,
0,1,0,1605,97955.6,1,0,1,20965.5,6061.82,
0,1,0,1616,35946.5,1,0,1,8279.81,15940.6,
0,1,0,1620,11892.7,1,0,1,32831.6,13747.4,
0,1,0,1620,12640.7,1,0,1,35887.6,36806,
1,2,1,1623,240314,75,71,4,32819.8,34867.9,
0,1,0,1627,13152.9,1,0,1,34627.3,22459,
0,1,0,1632,12532.6,1,0,1,38543.3,39808.5,
0,1,0,1634,4494.88,1,0,1,36838.1,35197.7,
0,1,0,1638,29816.4,1,0,1,27741.5,24179.9,
0,1,0,1641,8570.12,1,0,1,29207.3,39384.5,
0,1,0,1641,15310,1,0,1,25567.1,7873.75,
0,1,0,1642,97538.1,1,0,1,29212.6,39210.7,
1,2,1,1644,54814.1,5,2,3,16968.7,28336.2,
0,1,0,1645,20553.1,1,0,1,9687.65,17109.6,
0,1,0,1645,97572,1,0,1,22990.5,17866.8,
0,1,0,1649,23100.3,2,0,2,34097.6,30853.4,
0,1,0,1651,29253.8,1,0,1,38528.9,31499.1,
0,1,0,1654,5741.33,1,0,1,30747.6,19317.8,
0,1,0,1658,95867.8,1,0,1,35026.1,30371.8,
0,1,0,1658,6603.45,1,0,1,23613,36456.9,
0,1,0,1659,11637.2,1,0,1,34270.3,29602.5,
0,1,0,1659,5903.89,1,0,1,19710.5,36882.1,
0,1,0,1661,32429.5,1,0,1,26101.1,34109.1,
0,1,0,1662,12955.6,1,0,1,38590,35564.7,
0,1,0,1663,39140.5,1,0,1,28685.7,39974.7,
0,1,0,1666,102911,1,0,1,23182.8,23266.8,
0,1,0,1666,12799,2,0,2,18217.2,32306.3,
0,1,0,1667,14651.5,1,0,1,23928.2,6935.72,
1,2,1,1669,32512.9,182,180,2,12789.4,34831.2,
0,1,0,1669,13078.7,1,0,1,12319.5,34853.3,
0,1,0,1670,32748.5,1,0,1,4508.5,13368.2,
0,1,0,1670,93445,1,0,1,21456.3,38045.8,
0,1,0,1671,8058.56,1,0,1,28098.2,11345.2,
0,1,0,1676,21290.1,1,0,1,25885.1,32645.9,
0,1,0,1677,97014.8,1,0,1,23938.3,36271.2,
0,1,0,1677,13350.2,1,0,1,26114.1,24197.2,
0,1,0,1678,39071.5,1,0,1,25211.9,25412.4,
0,1,0,1678,9035.83,1,0,1,24360,35142.8,
0,1,0,1679,17376.6,1,0,1,24636.8,34324.8,
0,1,0,1681,36234.2,1,0,1,22159.5,17878.6,
0,1,0,1682,100865,1,0,1,29748.9,38082.2,
0,1,0,1683,13835.6,1,0,1,29723.4,38294.6,
0,1,0,1684,14233.8,1,0,1,18689,36552.5,
0,1,0,1685,22590.6,1,0,1,28470.7,16212.2,
0,1,0,1686,34705.5,1,0,1,24867.8,15288.3,
0,1,0,1686,98204.2,1,0,1,23283,26814.1,
0,1,0,1686,27546.6,2,0,2,28322.2,39563.9,
0,1,0,1687,45775.6,2,0,2,26623.5,28998.7,
0,1,0,1688,106084,1,0,1,29525.4,31001,
0,1,0,1689,11983.3,1,0,1,27139.4,32272.3,
0,1,0,1690,11325.7,1,0,1,29164.4,30155.1,
0,1,0,1692,33581.8,1,0,1,21633.6,28024.8,
0,1,0,1693,94805.4,1,0,1,22725.8,27940.7,
0,1,0,1696,5977.02,1,0,1,25078.6,34863.9,
0,1,0,1697,19165.3,2,0,2,12600,765.801,
0,1,0,1697,12986.5,1,0,1,31681,34741.7,
0,1,0,1701,9079.82,1,0,1,28915,13351.4,
0,1,0,1714,29568.3,1,0,1,33661.1,3022.73,
0,1,0,1714,99937.8,1,0,1,20693.3,37205.2,
0,1,0,1717,9224.17,1,0,1,24938.8,22805.5,
1,2,1,1729,141248,3,1,2,34810.9,27287.5,
0,1,0,1733,28169.4,1,0,1,26756.9,6217.23,
1,2,1,1747,36472.1,4,2,2,32401.5,24278.5,
0,1,0,1752,8209.52,1,0,1,32165.3,24618.6,
0,1,0,1753,16187.4,1,0,1,31890.5,24254.2,
0,1,0,1754,116375,2,0,2,32408.9,24917.1,
0,1,0,1755,38441,1,0,1,19319.1,21638.7,
0,1,0,1756,6696.58,1,0,1,33855.5,25101.2,
0,1,0,1758,25610.8,1,0,1,36483.5,25255.2,
0,1,0,1760,16116,1,0,1,14520.2,18763.1,
1,2,1,1764,169359,7,3,4,34426.7,6510.42,
0,1,0,1775,9797.84,1,0,1,12792.9,20971.5,
0,1,0,1777,34569.8,1,0,1,24076.2,34306.7,
0,1,0,1778,99644.5,1,0,1,36093.8,33787.9,
0,1,0,1779,17370.3,1,0,1,25746.1,33374.4,
0,1,0,1782,11889.2,1,0,1,28741.4,39821.7,
0,1,0,1784,13801.3,1,0,1,27570.5,6577.97,
0,1,0,1788,12892,1,0,1,31679.4,21891.7,
6,7,6,1788,350452,53,44,9,30667.3,17645.4,
0,1,0,1789,9194.07,1,0,1,30222.8,35803.2,
0,1,0,1789,31759.3,1,0,1,9880.03,18771.1,
0,1,0,1793,102636,1,0,1,26851.6,34855.1,
0,1,0,1794,12916.6,1,0,1,25131.4,24407.9,
0,1,0,1797,7337.58,1,0,1,37772.4,14355,
0,1,0,1799,10151.7,1,0,1,40279.4,30744.5,
0,1,0,1801,115548,2,0,2,26650.2,33798.9,
0,1,0,1802,14613.7,1,0,1,11278.6,31463.8,
0,1,0,1821,15256.9,1,0,1,15319,17211.5,
0,1,0,1822,717080,18,0,18,3622.84,11575.2,
0,1,0,1829,177259,5,0,5,25569.5,37905.1,
0,1,0,1841,13550.6,1,0,1,35729.2,34020.9,
0,1,0,1848,35099.2,1,0,1,34530.5,33754.3,
0,1,0,1850,101872,1,0,1,26023,37424.7,
0,1,0,1850,13159.2,1,0,1,34369.2,23289.3,
0,1,0,1850,16367.4,1,0,1,39639.6,35751.2,
0,1,0,1852,95663.9,1,0,1,27639.1,32952.7,
2,3,2,1852,172229,6,2,4,31822.9,25530.4,
0,1,0,1853,12162.2,1,0,1,4665.32,30872.2,
0,1,0,1854,18367.4,1,0,1,37263.1,22262.7,
0,1,0,1856,107263,1,0,1,28799.3,26430.1,
0,1,0,1857,23383.4,1,0,1,7262.04,1143.23,
0,1,0,1857,12659.7,1,0,1,37603.5,32731.4,
0,1,0,1858,30539.9,1,0,1,28050.4,10658.3,
0,1,0,1861,10811.3,1,0,1,2543.05,19373.7,
0,1,0,1864,28777.7,1,0,1,39363.7,38499.3,
0,1,0,1872,108404,2,0,2,38296.1,30596.5,
0,1,0,1874,11349.6,1,0,1,38015.8,36019.1,
0,1,0,1875,128749,3,0,3,3740.87,34272.2,
0,1,0,1875,33853.1,1,0,1,38183.3,10920,
0,1,0,1876,52044,2,0,2,38572,14826.3,
0,1,0,1880,95436.9,1,0,1,37477.5,37027.4,
0,1,0,1881,13536.2,1,0,1,37314.4,36712.5,
0,1,0,1881,15463,1,0,1,37345.4,17464.4,
0,1,0,1882,5643.62,1,0,1,35686,16229.6,
0,1,0,1883,6649.08,1,0,1,28585.3,23625.9,
0,1,0,1883,10567.4,1,0,1,4710.67,20415.3,
0,1,0,1885,20778.1,1,0,1,1131.42,21475.3,
0,1,0,1886,14596.3,1,0,1,27803.5,35917.9,
0,1,0,1886,34673.2,1,0,1,25111.6,21980.6,
0,1,0,1887,99888.8,1,0,1,26565.9,4687.29,
0,1,0,1889,11221.5,1,0,1,13017.9,25958.4,
0,1,0,1894,14009.8,1,0,1,21956.9,37883.2,
0,1,0,1895,43321.4,2,0,2,21408,37519.4,
0,1,0,1897,102034,1,0,1,10583.6,18159.8,
0,1,0,1900,7195.84,1,0,1,28046.6,26378.8,
0,1,0,1902,15271.7,1,0,1,32194.4,27474.5,
0,1,0,1903,11337.5,1,0,1,38005.6,808.994,
0,1,0,1903,29581,1,0,1,15928,24312.7,
5,6,5,1905,637618,49,32,17,5759.75,11701.8,
0,1,0,1905,101932,1,0,1,8353.05,9645.1,
0,1,0,1907,13890.5,1,0,1,19216.9,26113.1,
0,1,0,1915,30337.1,1,0,1,37726.3,31709.4,
0,1,0,1915,10331.2,1,0,1,34481.6,40186.9,
0,1,0,1919,30722.2,1,0,1,32055.7,27393.9,
0,1,0,1920,99037.9,1,0,1,33710.6,34559.5,
0,1,0,1922,16801.7,1,0,1,39269.8,35265.5,
0,1,0,1923,7190.91,1,0,1,22680.8,34962.1,
0,1,0,1924,12300.6,1,0,1,19501.3,40169.3,
0,1,0,1924,96016.5,1,0,1,29115.4,31884.8,
0,1,0,1925,33935.9,1,0,1,30578.8,12275.6,
0,1,0,1926,10570.1,1,0,1,27607.9,36868,
0,1,0,1927,14080.3,1,0,1,33124.9,34373.5,
0,1,0,1931,104494,1,0,1,31775.8,20641.5,
0,1,0,1931,35217.4,1,0,1,39031.6,37458.1,
0,1,0,1934,45787.6,2,0,2,26090.1,19384.7,
0,1,0,1941,107602,2,0,2,21769.7,9903.42,
0,1,0,1942,15352.2,1,0,1,8943.9,34711.5,
0,1,0,1948,17500.3,1,0,1,29044.6,23668.5,
0,1,0,1955,130212,2,0,2,34711.5,26015.5,
0,1,0,1961,32520.3,2,0,2,32646.7,26715.5,
0,1,0,1966,104145,1,0,1,31422.1,29014.6,
0,1,0,1970,31127,1,0,1,22123.1,2784.08,
0,1,0,1970,9386.63,1,0,1,4654.45,24538.3,
0,1,0,1971,20159.5,1,0,1,3494.38,25150.7,
1,2,1,1973,27379.8,3,1,2,25385.3,2383.82,
0,1,0,1979,27603.7,1,0,1,38565.6,39541.1,
0,1,0,1979,4423.43,1,0,1,17997.4,16694.6,
0,1,0,1980,108946,2,0,2,40178.4,16670.2,
0,1,0,1981,17400.5,1,0,1,24827.7,10572.1,
0,1,0,1985,9911.94,1,0,1,17293.9,22391.1,
0,1,0,1986,33274.3,1,0,1,15670.2,21259.3,
0,1,0,1988,14077.7,1,0,1,5611.48,15878.2,
0,1,0,1992,118705,2,0,2,36902.9,25992.3,
0,1,0,1993,102203,1,0,1,15991.9,18677.1,
0,1,0,1997,11873.7,1,0,1,36886.9,25820.5,
0,1,0,1998,10569.9,1,0,1,31113.8,7940.52,
0,1,0,2000,381588,11,0,11,8292.65,3885.6,
0,1,0,2002,13244.6,1,0,1,38528.6,29857,
0,1,0,2003,15169.3,1,0,1,24832.2,5469.04,
0,1,0,2003,99014.8,1,0,1,29005.3,31543.4,
0,1,0,2004,36621.8,1,0,1,26265,39259.1,
0,1,0,2004,10045.2,1,0,1,26924.4,33990.7,
7,8,7,2005,410097,54,42,12,31828.2,25235.2,
0,1,0,2005,98539.7,1,0,1,26864.3,32805.7,
0,1,0,2006,62702.8,3,0,3,29019.7,39857.6,
0,1,0,2006,94844.2,1,0,1,27707.8,39501.2,
0,1,0,2006,30644.7,2,0,2,10010.8,20381.1,
0,1,0,2007,14102.1,1,0,1,26755.4,36575.1,
0,1,0,2008,90199.9,1,0,1,23235.4,28030,
0,1,0,2008,31896.9,1,0,1,30685.1,39918.1,
7,8,7,2013,622427,71,53,18,40257,11895.5,
0,1,0,2013,7029.64,1,0,1,28265.6,35521.8,
0,1,0,2016,19812.8,1,0,1,25752.4,29758.1,
0,1,0,2016,99322.3,1,0,1,26600.3,36997.1,
0,1,0,2022,13164.3,1,0,1,34315.6,24202.5,
1,2,1,2022,219047,12,5,7,6800.52,30749.9,
0,1,0,2024,10932.2,1,0,1,6194.52,11992.3,
0,1,0,2024,41704.2,1,0,1,10635,21387.4,
0,1,0,2025,103674,1,0,1,28231.1,26975.6,
4,5,4,2026,96426.5,145,140,5,22635.8,30251.8,
0,1,0,2026,97103.8,1,0,1,8877.31,20757.7,
3,4,3,2029,284972,28,22,6,3415.03,34152.1,
0,1,0,2031,12533,1,0,1,24585.6,19510.5,
0,1,0,2034,29445.4,1,0,1,19421.5,28591.4,
0,1,0,2037,35298.1,1,0,1,36948.1,29237.4,
0,1,0,2037,17657.8,1,0,1,30652,31540.2,
0,1,0,2040,100720,1,0,1,29991.2,35861.2,
0,1,0,2043,12967.7,1,0,1,38043.2,31772.7,
0,1,0,2044,10502.3,1,0,1,38091.7,31595.7,
0,1,0,2045,33559.8,1,0,1,35617.4,31039.4,
0,1,0,2047,100092,1,0,1,39941.3,12094.7,
0,1,0,2047,13900.3,1,0,1,33088.9,28362.2,
0,1,0,2048,9880.48,1,0,1,29945.8,32289.8,
0,1,0,2050,34336.8,1,0,1,25066.1,34102.5,
0,1,0,2051,101375,1,0,1,32519.9,13506.7,
1,2,1,2053,199619,9,1,8,34263,11408.1,
0,1,0,2056,15806,1,0,1,18752.1,28787.2,
0,1,0,2059,7762.69,1,0,1,29020.4,8037.91,
0,1,0,2059,29874.4,1,0,1,7476.9,40154.8,
0,1,0,2060,102688,1,0,1,21032.4,7723.21,
0,1,0,2060,14325.2,1,0,1,8772.26,28268.1,
0,1,0,2061,96162.5,1,0,1,20403.7,33654.9,
0,1,0,2064,14085.9,1,0,1,33896.2,7847.75,
0,1,0,2065,33200.7,1,0,1,18189.6,31375.7,
0,1,0,2066,33941,1,0,1,11568.6,37584.9,
0,1,0,2068,92660,1,0,1,3869.53,10843.5,
0,1,0,2071,11392.5,1,0,1,22627.4,37406.8,
0,1,0,2073,15019,1,0,1,22209.3,16184.5,
0,1,0,2073,9099.38,1,0,1,24535.9,13124.4,
0,1,0,2076,5009.24,1,0,1,37512.1,1638.8,
0,1,0,2076,32508.9,1,0,1,29836,28781.6,
0,1,0,2077,111506,1,0,1,25995.8,19714.6,
0,1,0,2077,15903.7,1,0,1,26645.6,19524.4,
0,1,0,2078,14731.5,1,0,1,24534.9,24169.3,
0,1,0,2079,13469.3,1,0,1,26871.8,24897.4,
0,1,0,2079,10164.5,1,0,1,24935.5,24714.7,
0,1,0,2079,5992.72,1,0,1,24846.9,24389,
0,1,0,2079,10446.4,1,0,1,25893.6,24830.2,
0,1,0,2080,23689.1,1,0,1,32189.9,1225.45,
0,1,0,2080,34972.9,1,0,1,24999.9,25613.9,
1,2,1,2081,304821,11,3,8,33354.2,1436.42,
0,1,0,2081,12003.6,1,0,1,33879.3,23480.2,
2,3,2,2087,61020.7,75,72,3,27329.8,27270,
0,1,0,2088,98196.7,1,0,1,28045.6,26672.4,
0,1,0,2088,30536.8,1,0,1,34320.6,38059.1,
0,1,0,2089,12671.8,1,0,1,33003.2,30885.3,
0,1,0,2092,97865.8,1,0,1,12550.3,28074.6,
0,1,0,2096,24960.5,2,0,2,25776.9,23931.5,
1,2,1,2097,173142,77,72,5,21488.1,22958.8,
5,6,5,2098,1.26239e+06,53,14,39,27824.8,24502.9,
0,1,0,2099,15472.6,1,0,1,34073.2,2731.49,
0,1,0,2100,6684.85,1,0,1,17448,26342.8,
0,1,0,2101,32020,1,0,1,30816.9,5686.17,
0,1,0,2103,104593,1,0,1,24567.3,25130.9,
0,1,0,2104,20448.5,2,0,2,12844.1,27944.3,
0,1,0,2106,102054,1,0,1,9326.91,2479.21,
0,1,0,2113,11054.6,1,0,1,33519,20995.7,
0,1,0,2113,13287.8,1,0,1,40319.4,31514.7,
0,1,0,2115,31406.3,1,0,1,34004.3,17781.5,
0,1,0,2117,41866.9,1,0,1,6512.34,5624.08,
0,1,0,2119,102842,1,0,1,7245.56,15977.2,
0,1,0,2120,12040.8,1,0,1,11636.2,37744.1,
1,2,1,2121,196639,8,1,7,5880.23,26353.2,
0,1,0,2122,35256.3,1,0,1,24933.2,17920.7,
0,1,0,2122,14428.9,1,0,1,15211.5,34814.1,
0,1,0,2123,94559.8,1,0,1,23513.2,24718.3,
0,1,0,2124,20666.9,1,0,1,22434.4,24976.1,
0,1,0,2124,15271.1,1,0,1,25907.3,28938.4,
0,1,0,2125,54917.9,3,0,3,10586.3,36194.3,
0,1,0,2125,15116.9,1,0,1,33721.9,37405.9,
0,1,0,2130,35078.1,1,0,1,33853.3,34479.8,
1,2,1,2135,120995,5,3,2,7466.53,6714.95,
0,1,0,2135,14216.5,1,0,1,32815.1,31354.6,
0,1,0,2136,204918,5,0,5,10915.5,26007.5,
0,1,0,2138,13224.9,1,0,1,8342.78,20608.4,
0,1,0,2140,133705,3,0,3,36494.6,10424,
0,1,0,2140,100341,1,0,1,33853.1,26358.6,
0,1,0,2142,12384.6,1,0,1,27033.3,27598.9,
0,1,0,2142,33292.4,1,0,1,37526,32246,
0,1,0,2144,20051.1,2,0,2,35933,28520.1,
0,1,0,2145,17454.9,1,0,1,12713.3,28182,
0,1,0,2147,12712.8,1,0,1,26039.9,24896.3,
0,1,0,2154,31629.4,1,0,1,14682.2,29355.8,
0,1,0,2156,102686,1,0,1,38394.2,36244.4,
0,1,0,2157,24808.4,2,0,2,24434.4,23165.4,
0,1,0,2157,17381.3,1,0,1,25345.6,22739.2,
0,1,0,2158,100756,2,0,2,24473.2,22085.9,
0,1,0,2161,42243.2,2,0,2,15739.9,25848.3,
0,1,0,2161,9225.37,1,0,1,21554.6,30679.6,
0,1,0,2162,18562,1,0,1,17593.4,28410.7,
6,7,6,2162,987621,380,353,27,20430.4,5660.5,
0,1,0,2163,39786.5,1,0,1,20449.3,30554.1,
0,1,0,2163,18056.1,1,0,1,37206.2,21819.4,
2,3,2,2164,165550,262,257,5,36172.5,26547.1,
0,1,0,2165,11181,1,0,1,34987.6,23582.2,
0,1,0,2166,19309.6,1,0,1,9134.2,40280.6,
0,1,0,2166,30113.9,1,0,1,34843,25617.8,
0,1,0,2166,103596,1,0,1,35297.9,26052.3,
0,1,0,2166,36847.3,1,0,1,31991.8,27181.5,
0,1,0,2168,15911.4,1,0,1,21987.5,25606.7,
0,1,0,2168,99648.2,1,0,1,22884,30492,
0,1,0,2168,44762.9,2,0,2,23533.8,24965.4,
0,1,0,2168,36018.3,2,0,2,6505.34,39459.5,
0,1,0,2169,101653,1,0,1,25744.9,30760.9,
1,2,1,2170,62594.6,4,1,3,19128.3,28004.2,
0,1,0,2172,104224,1,0,1,31858.4,27841,
0,1,0,2172,10629.7,1,0,1,18762.2,27864.7,
0,1,0,2173,7804.69,1,0,1,20297.3,23739.9,
0,1,0,2178,14669.5,1,0,1,6379.5,6307.42,
0,1,0,2178,43009.6,2,0,2,25276.2,17525.7,
0,1,0,2179,96007.7,1,0,1,31697.4,13863,
0,1,0,2181,11539.9,1,0,1,4403.04,16590.2,
0,1,0,2183,30592.2,1,0,1,37205,36932.8,
0,1,0,2189,98399,1,0,1,40084.8,31536,
0,1,0,2190,29185.1,2,0,2,3438.02,17821.5,
0,1,0,2192,31824.1,1,0,1,27088.1,6699.59,
0,1,0,2194,96541.2,1,0,1,18665.6,16900.5,
0,1,0,2197,14910.6,1,0,1,38969.3,31441.9,
0,1,0,2198,34432.9,1,0,1,5227.19,33627.8,
0,1,0,2201,9288.8,1,0,1,29579.5,34966.4,
0,1,0,2202,13254.2,1,0,1,34563.5,34973.1,
0,1,0,2202,100506,1,0,1,35089.7,34071.9,
0,1,0,2202,13165.1,1,0,1,36314.8,32481.5,
0,1,0,2203,34335.6,1,0,1,36872.7,34093,
0,1,0,2203,6220.88,1,0,1,37460.9,33103.3,
0,1,0,2204,113072,2,0,2,23721.5,15481.2,
0,1,0,2205,12253.7,1,0,1,3695.8,30442,
0,1,0,2210,10626.3,1,0,1,15890.5,31415.6,
0,1,0,2211,18893.2,1,0,1,11031.9,9690.34,
0,1,0,2220,134164,2,0,2,20172.8,16566.8,
0,1,0,2222,11624.2,1,0,1,19762.8,16553.7,
0,1,0,2222,16222.3,1,0,1,32283.4,21261.7,
0,1,0,2223,9276.93,1,0,1,21141.1,26293.8,
0,1,0,2229,29423,1,0,1,2590.19,7242.9,
0,1,0,2230,98141.9,1,0,1,32064.8,38893,
0,1,0,2235,208272,6,0,6,23888.9,25275.8,
0,1,0,2235,105658,1,0,1,10162.9,21723.7,
0,1,0,2236,11299.3,1,0,1,35957.6,22333.2,
0,1,0,2237,152475,4,0,4,17504.4,9293.89,
0,1,0,2238,20696.8,2,0,2,23603.2,40086.8,
0,1,0,2240,35706.2,1,0,1,29102.8,7585.18,
0,1,0,2240,97716.1,1,0,1,16526.5,35072.4,
0,1,0,2241,14895.6,1,0,1,16539.9,34216.3,
4,5,4,2242,372244,77,67,10,5212.43,4123,
0,1,0,2244,11604.4,1,0,1,35872.5,19532,
0,1,0,2254,151867,3,0,3,31714.8,31009,
7,8,7,2255,535466,34,18,16,15306.9,21892.4,
0,1,0,2259,11815.5,1,0,1,37110.1,14930,
0,1,0,2260,12925.2,1,0,1,34249.3,36988.9,
0,1,0,2263,11316.1,1,0,1,29099.4,40124.3,
0,1,0,2264,14058.5,1,0,1,14263.5,934.116,
0,1,0,2265,38839.6,1,0,1,26729.2,23247,
0,1,0,2269,104681,1,0,1,23778.8,26853.4,
0,1,0,2269,11003.2,1,0,1,36357.6,21986.6,
0,1,0,2271,22409.8,2,0,2,24456.9,35863.9,
0,1,0,2272,37129.3,1,0,1,32927.4,26164.4,
0,1,0,2273,100956,1,0,1,37775.1,18595.6,
0,1,0,2273,101900,1,0,1,25866,36087.9,
0,1,0,2273,14844,1,0,1,26590,34195.4,
0,1,0,2274,12881.5,1,0,1,31093.8,38273.5,
0,1,0,2275,11979.6,1,0,1,13817.7,28932,
0,1,0,2276,171864,4,0,4,24103.1,34148.7,
0,1,0,2276,12603.7,1,0,1,24146.1,36142.3,
0,1,0,2278,16606.4,1,0,1,33434.2,31919.1,
0,1,0,2279,8942.9,1,0,1,20377.8,28835,
0,1,0,2281,15090.8,1,0,1,28784.3,39719.1,
0,1,0,2284,11869.8,1,0,1,7817.77,14335.8,
0,1,0,2290,32712.4,1,0,1,26852.1,24218.5,
0,1,0,2295,15643.8,1,0,1,13727.7,6567.08,
0,1,0,2303,42054,2,0,2,30008.1,39444.7,
0,1,0,2307,96748.7,1,0,1,7692.5,13822.8,
1,2,1,2309,45258.7,253,251,2,24631,11124,
0,1,0,2313,6506.24,1,0,1,30938.9,39088.1,
0,1,0,2314,98984.5,1,0,1,33991.3,35000.6,
0,1,0,2314,31859.2,2,0,2,33660.9,20566.8,
0,1,0,2319,13972.9,1,0,1,39379.8,16925.6,
0,1,0,2319,41656.8,1,0,1,29571.8,37493.5,
0,1,0,2321,97843.2,1,0,1,33870,33244.5,
1,2,1,2324,425616,296,280,16,15954.7,14757,
0,1,0,2326,13447.9,1,0,1,38857.5,36190.8,
0,1,0,2328,97502.4,1,0,1,24012.4,40185.4,
0,1,0,2329,28103,1,0,1,34344.4,20688.8,
0,1,0,2329,9913.67,1,0,1,19446.2,30849.9,
0,1,0,2329,14886.4,1,0,1,34374.4,11988.9,
0,1,0,2329,34640.8,1,0,1,11983,34846.8,
2,3,2,2330,454739,24,12,12,31695.5,36639.7,
0,1,0,2334,10234.9,1,0,1,11918.9,37863.3,
0,1,0,2335,45009.8,2,0,2,36223.2,25830.2,
0,1,0,2335,99712.4,1,0,1,34329,23222.5,
0,1,0,2344,28483.2,2,0,2,40161.7,35307.1,
0,1,0,2347,39992.4,1,0,1,40072.3,8682.26,
0,1,0,2348,97250.4,1,0,1,37486.9,10661,
0,1,0,2349,16938.9,1,0,1,11276.6,19096.4,
0,1,0,2351,32411.2,1,0,1,8896.86,22804.6,
0,1,0,2352,16180.7,1,0,1,37176.8,32343.7,
0,1,0,2356,102195,1,0,1,25362.6,33780.9,
0,1,0,2357,12328.9,1,0,1,26839.3,34208.3,
0,1,0,2358,37004.4,1,0,1,36876.9,28279.4,
0,1,0,2359,98002.8,1,0,1,37678.6,27179.1,
1,2,1,2360,24112.6,94,92,2,37560.4,28001.9,
0,1,0,2363,13742.7,1,0,1,26808.8,30892.1,
0,1,0,2363,100183,1,0,1,39312,25025.5,
0,1,0,2364,40972,1,0,1,40104.4,11988.7,
0,1,0,2364,7681.01,1,0,1,19328.4,40245.5,
1,2,1,2366,24479.4,175,173,2,2711.29,33319.5,
0,1,0,2376,101807,1,0,1,21053,3550.04,
0,1,0,2379,34329.8,1,0,1,29050.4,10269.7,
0,1,0,2381,10852,1,0,1,36355.4,34791.6,
0,1,0,2382,35725.7,1,0,1,37124.2,33930.5,
0,1,0,2383,100151,1,0,1,3111.22,21144,
0,1,0,2385,17737.5,1,0,1,35982,31663.6,
0,1,0,2385,11530,1,0,1,36754.3,29586.6,
0,1,0,2386,33869.9,1,0,1,37045.1,29821.8,
0,1,0,2386,102521,1,0,1,36229.1,29562.9,
0,1,0,2387,16353.9,1,0,1,37226.9,30548,
0,1,0,2396,27831.9,2,0,2,17335.5,817.576,
0,1,0,2396,38575.9,1,0,1,27303,40275.4,
0,1,0,2402,103235,1,0,1,26716.2,12873.3,
1,2,1,2402,38017.7,9,7,2,31162.9,37999.9,
0,1,0,2403,147584,3,0,3,9762.02,22570,
0,1,0,2411,10885.4,1,0,1,30521.1,27874.9,
0,1,0,2412,10748.7,1,0,1,30347.8,27841.8,
0,1,0,2414,37473.3,1,0,1,28009.2,25846.4,
0,1,0,2415,102129,1,0,1,10162,3215.86,
0,1,0,2416,11951.6,1,0,1,32663.9,29908.2,
0,1,0,2417,13458,1,0,1,39982.9,30821.1,
0,1,0,2417,99226.9,1,0,1,35741,27553.2,
0,1,0,2417,35310.6,1,0,1,35236.7,29998.6,
0,1,0,2418,11935.8,1,0,1,33073.8,33764.1,
0,1,0,2418,14233.8,1,0,1,36009.9,30280.3,
0,1,0,2418,99899,1,0,1,34661.3,30300.6,
0,1,0,2419,37021.2,1,0,1,29910.8,35835,
0,1,0,2419,12218.4,1,0,1,38188.9,32098.8,
0,1,0,2424,33500.9,1,0,1,22883.4,28292.6,
0,1,0,2425,96450.7,1,0,1,31206.3,35715.6,
0,1,0,2425,12031.1,1,0,1,35732.3,26812.4,
0,1,0,2425,101426,1,0,1,30913.8,32437.6,
0,1,0,2426,17066.7,1,0,1,34176.1,27275.5,
0,1,0,2426,15634.6,1,0,1,26783.5,29921.7,
0,1,0,2427,46039.5,2,0,2,32977.4,24831.9,
0,1,0,2427,30622.9,1,0,1,28078.1,21682.7,
4,5,4,2427,401101,135,126,9,3698.34,24971.4,
0,1,0,2427,34990.8,1,0,1,32889.1,25793.1,
0,1,0,2427,11856.2,1,0,1,34216.9,26617.5,
0,1,0,2428,15561.8,1,0,1,24441,37558.3,
0,1,0,2428,105150,1,0,1,38783.6,21072.5,
0,1,0,2428,37743.8,1,0,1,26236,26980.1,
0,1,0,2428,14640.3,1,0,1,33354.1,26881.4,
0,1,0,2429,306690,7,0,7,34845.1,20680.8,
0,1,0,2429,169601,4,0,4,26437.4,26903,
1,2,1,2430,32171.6,6,4,2,4126.79,8091.6,
0,1,0,2430,26626.5,1,0,1,18074.2,30819.5,
0,1,0,2431,102235,1,0,1,24240.1,26534.8,
0,1,0,2435,37366.1,1,0,1,28568.3,22554.7,
0,1,0,2435,101316,1,0,1,29473.1,23287.8,
0,1,0,2436,13436.5,1,0,1,19768.3,32606,
0,1,0,2437,13275.4,1,0,1,6201.84,31102.5,
0,1,0,2438,11218.5,1,0,1,23653.4,28635.8,
0,1,0,2439,9558.37,1,0,1,37770.4,31876,
0,1,0,2439,31014.4,1,0,1,31295,25902.3,
0,1,0,2440,100546,1,0,1,15120.2,14076.9,
0,1,0,2440,17905.3,2,0,2,20562.7,37700.3,
0,1,0,2440,12122.1,1,0,1,36017.7,25765.2,
0,1,0,2440,166914,4,0,4,34288.2,28768.7,
0,1,0,2440,35385,1,0,1,32966,24211.8,
0,1,0,2440,98784.5,1,0,1,34803.3,26946,
0,1,0,2441,16484.8,1,0,1,35854.9,25882,
0,1,0,2442,107979,1,0,1,21136,33919.1,
0,1,0,2442,12146.7,1,0,1,19543,37445.4,
0,1,0,2444,40218.4,1,0,1,29006.1,18696,
0,1,0,2444,103065,1,0,1,27236.1,19750,
0,1,0,2446,12335.8,1,0,1,32925.6,21371.5,
0,1,0,2448,11922.1,1,0,1,36263,18946.2,
0,1,0,2451,35291.1,1,0,1,23098.8,22611.3,
0,1,0,2452,14447.6,1,0,1,38603,26271.2,
0,1,0,2453,102554,1,0,1,10526.6,14205.7,
0,1,0,2454,8136.51,1,0,1,18389.8,34875.8,
0,1,0,2454,33335.7,1,0,1,37120.9,35923.7,
0,1,0,2455,19853.9,1,0,1,34834.7,11107.7,
0,1,0,2461,6236.16,1,0,1,22746.7,27942,
0,1,0,2462,8900.96,1,0,1,31672.7,35342.8,
0,1,0,2466,37256.4,1,0,1,39407.7,31225.4,
0,1,0,2466,104198,1,0,1,31178.5,14420.5,
0,1,0,2469,129170,3,0,3,28706.2,13984.4,
0,1,0,2471,4303.21,1,0,1,22396.9,22247.2,
0,1,0,2472,33336.5,1,0,1,36706,22550.1,
0,1,0,2473,16149,1,0,1,20612.2,20515.4,
0,1,0,2473,10507.4,1,0,1,39876.4,26865.1,
0,1,0,2473,135961,2,0,2,36293.9,25547.1,
0,1,0,2475,15559.9,1,0,1,36351.2,25702.4,
0,1,0,2477,148818,3,0,3,28545.5,31608.9,
0,1,0,2478,20028.7,2,0,2,22164.7,13913.9,
0,1,0,2480,17591.4,1,0,1,27999.6,24052.3,
0,1,0,2488,98048.7,1,0,1,14947.6,18688.2,
2,3,2,2489,166030,272,267,5,25879.6,17855.8,
0,1,0,2494,35523.7,1,0,1,13655.7,37312.3,
0,1,0,2496,18364,1,0,1,23307.1,33153.5,
0,1,0,2497,14580.5,1,0,1,23762.9,35453.9,
0,1,0,2498,158151,3,0,3,23098.7,32089.6,
0,1,0,2500,33068,1,0,1,32604.4,6979.72,
0,1,0,2501,106965,1,0,1,27362.2,33721.2,
0,1,0,2502,14306.8,1,0,1,30702.8,39054.8,
0,1,0,2502,12086.5,1,0,1,22714.3,38279.1,
0,1,0,2503,14929.6,1,0,1,30454.4,38941.1,
0,1,0,2503,107307,1,0,1,25364.2,39422.7,
0,1,0,2504,27943.7,1,0,1,25492.3,39589.6,
0,1,0,2504,10260.4,1,0,1,26127.6,39653.4,
0,1,0,2505,8857.09,1,0,1,26041.9,39325.7,
0,1,0,2506,11978.8,1,0,1,28832,17436.9,
4,5,4,2509,214370,55,47,8,25918.1,39035.9,
0,1,0,2510,94920.7,1,0,1,39247.9,17741.3,
0,1,0,2520,130280,2,0,2,1705.89,23812.8,
0,1,0,2523,13721,1,0,1,26647.5,37189.1,
1,2,1,2523,139534,8,1,7,5490.65,27421.3,
0,1,0,2526,110933,2,0,2,2326.18,32546.6,
0,1,0,2527,8725.21,1,0,1,5092.64,26002.7,
0,1,0,2531,131981,2,0,2,30328.2,4279.09,
0,1,0,2532,13123.3,1,0,1,36582.3,37026.1,
0,1,0,2539,11284.1,1,0,1,2254.19,33598.1,
0,1,0,2541,12261.5,1,0,1,3320.69,33113.8,
0,1,0,2541,104831,1,0,1,39328.1,34999.8,
0,1,0,2542,16835,1,0,1,39275.7,34473.5,
0,1,0,2543,37448.3,1,0,1,40269.4,35703.8,
0,1,0,2543,32838.8,1,0,1,20661.2,35746.9,
0,1,0,2544,18808.1,2,0,2,13509.3,37561.9,
0,1,0,2545,35140.9,1,0,1,36098.8,29228.8,
0,1,0,2546,153218,3,0,3,39729.3,32383.1,
0,1,0,2549,10782.3,1,0,1,7912.6,28965.7,
0,1,0,2550,97371,1,0,1,6993.04,28121.8,
0,1,0,2559,13116.4,1,0,1,1411.2,36272.7,
0,1,0,2561,21129.6,2,0,2,8983.81,23397.9,
0,1,0,2564,18092.8,1,0,1,12252.9,32007,
0,1,0,2565,12786.6,1,0,1,23995.3,9056.41,
0,1,0,2567,20178.1,1,0,1,12245.2,34642.4,
0,1,0,2570,31168.9,1,0,1,38066.8,40274.3,
0,1,0,2573,98714,1,0,1,10103.4,10223.4,
0,1,0,2573,37956.8,2,0,2,3444.89,11047.9,
0,1,0,2588,17008.6,1,0,1,38050.1,27987.3,
0,1,0,2589,8307.33,1,0,1,29785.9,35173.3,
0,1,0,2590,96978.1,1,0,1,28478.9,34429.1,
0,1,0,2590,11553,1,0,1,29201.8,35025.1,
0,1,0,2591,103859,1,0,1,28394.9,34711.2,
0,1,0,2592,73333.6,4,0,4,28181.6,34699.8,
3,4,3,2592,161559,13,9,4,15987.8,14786.9,
0,1,0,2593,36485.6,1,0,1,19244,23274.5,
0,1,0,2593,16215.9,1,0,1,4397.9,40227.3,
0,1,0,2596,102278,1,0,1,28416.8,35939.9,
0,1,0,2597,13079.3,1,0,1,24794.4,29655.9,
0,1,0,2598,269056,6,0,6,22995,2325.83,
0,1,0,2599,33888.9,1,0,1,38269.6,25194.6,
0,1,0,2599,15882.9,1,0,1,29780.6,34262.4,
0,1,0,2600,31502.2,1,0,1,36461.5,24769.6,
0,1,0,2601,97237.9,1,0,1,34642.7,25849,
0,1,0,2602,9495.76,1,0,1,35212.1,25710.4,
0,1,0,2602,16348,1,0,1,35729.8,25700.7,
0,1,0,2605,8180.76,1,0,1,32121.4,38713.8,
0,1,0,2606,14001.1,1,0,1,36020.1,9266.75,
0,1,0,2613,104017,1,0,1,3163.06,20484.5,
0,1,0,2615,14639.3,1,0,1,33613.4,34571.5,
0,1,0,2617,11841.6,1,0,1,22411.7,23261.6,
0,1,0,2618,7769.32,1,0,1,23286.3,20965.3,
0,1,0,2622,46631,2,0,2,14133.9,34839.6,
0,1,0,2624,14630.4,1,0,1,33901.4,21786.5,
0,1,0,2628,25119.4,1,0,1,21682.6,37832.7,
0,1,0,2628,117667,2,0,2,17948.1,31381.4,
0,1,0,2628,106159,1,0,1,32953.4,2872.7,
0,1,0,2630,32091.6,1,0,1,18548.5,28611.6,
0,1,0,2638,10255.9,1,0,1,21170.5,23507.6,
0,1,0,2638,49384.2,2,0,2,34300.8,21252,
0,1,0,2639,97202.5,1,0,1,31569.6,27731.4,
0,1,0,2640,15058.9,1,0,1,18563.8,37282.5,
0,1,0,2641,116246,2,0,2,39620.1,21097.3,
0,1,0,2641,8414.96,1,0,1,17202,35254.8,
0,1,0,2641,32533.2,1,0,1,26732.6,24741.4,
0,1,0,2646,14411.1,1,0,1,7792.15,20883.6,
0,1,0,2651,17296.7,2,0,2,17402.2,7944.21,
0,1,0,2651,601922,14,0,14,10768.7,8396.3,
0,1,0,2652,8782.82,1,0,1,14606.4,11247.3,
0,1,0,2652,31795,1,0,1,33166.9,22026.4,
0,1,0,2657,8990.67,1,0,1,38653,34845.4,
0,1,0,2657,113736,1,0,1,37750.4,14414.1,
0,1,0,2658,11807.7,1,0,1,25885.2,37079.7,
4,5,4,2662,351446,29,19,10,30785,7178.98,
0,1,0,2663,97294.6,1,0,1,24625.6,24760.6,
0,1,0,2667,10712.8,1,0,1,17964.3,6745.39,
0,1,0,2670,60055.9,3,0,3,33215.2,36300.7,
0,1,0,2671,32199.4,1,0,1,33168.5,13055.3,
0,1,0,2671,10878.3,1,0,1,19976.4,31302.5,
0,1,0,2672,99145.7,1,0,1,24011.5,34060.4,
0,1,0,2673,13508.8,1,0,1,10286.4,1267.65,
0,1,0,2674,11950.3,1,0,1,27522,32424.3,
0,1,0,2675,29873.6,1,0,1,26749.7,36895.8,
0,1,0,2676,121840,2,0,2,3194.9,5796.27,
2,3,2,2676,129051,46,43,3,26385.4,23039.8,
0,1,0,2677,32803.3,1,0,1,3647.7,20740.7,
0,1,0,2678,517690,15,0,15,26714.6,40033.5,
0,1,0,2678,15345.4,1,0,1,23376.1,18093,
0,1,0,2678,12051.8,1,0,1,24526.1,18137.1,
0,1,0,2679,96009.9,1,0,1,2661.55,35905.6,
0,1,0,2679,13998.5,1,0,1,4323.35,23024.7,
0,1,0,2680,6857.86,1,0,1,31025.8,19808.9,
0,1,0,2682,35160,1,0,1,18633.2,37907.3,
0,1,0,2683,21830.8,1,0,1,38989.7,9989.98,
1,2,1,2683,109593,3,1,2,29716.4,25558.3,
0,1,0,2684,15922.5,1,0,1,38675.2,11403.7,
0,1,0,2692,12490.7,1,0,1,38348.6,24805.7,
0,1,0,2693,39854.1,1,0,1,3047.98,12618.9,
0,1,0,2694,15735.3,1,0,1,24847.3,33932,
0,1,0,2700,8090.3,1,0,1,34452.5,29788.1,
0,1,0,2703,105608,1,0,1,13191.3,32773.7,
0,1,0,2704,10969.4,1,0,1,16544.5,33938.3,
0,1,0,2705,14452.9,1,0,1,20087.9,30961.6,
0,1,0,2707,35129.1,1,0,1,32730.8,13559.6,
0,1,0,2717,33739.2,1,0,1,32341,34515.1,
0,1,0,2718,101950,1,0,1,31727.1,36781.1,
0,1,0,2721,11980.8,1,0,1,38009.9,15302.3,
1,2,1,2722,201522,88,81,7,29815.6,38702.1,
0,1,0,2724,102482,1,0,1,24823.1,17582.9,
0,1,0,2724,13485.9,1,0,1,26038.4,21984.4,
3,4,3,2724,189923,11,6,5,37648.6,14144.4,
0,1,0,2726,13553.7,1,0,1,25101.4,13877.7,
0,1,0,2730,36446,1,0,1,6156.83,36704.2,
0,1,0,2732,5382,1,0,1,26135.5,19647.2,
0,1,0,2734,13865.4,1,0,1,38982.2,615.391,
0,1,0,2734,122261,3,0,3,37709.3,32906.7,
0,1,0,2735,10260.3,1,0,1,11122.9,21293.3,
0,1,0,2743,254677,5,0,5,23335.7,23135.8,
0,1,0,2746,18801.5,1,0,1,22581,21107.6,
0,1,0,2747,38891.3,1,0,1,32818.2,21841,
0,1,0,2748,9150.95,1,0,1,6714.89,30448.5,
0,1,0,2750,95192.9,1,0,1,40041.8,26664.2,
0,1,0,2751,19253.1,1,0,1,31669.9,21742,
0,1,0,2754,7648.28,1,0,1,37225.5,33818.5,
0,1,0,2757,11121.8,1,0,1,5303.46,16558.5,
0,1,0,2757,33995,1,0,1,22257.4,31374.1,
0,1,0,2757,19283.9,2,0,2,31949,37798.4,
0,1,0,2760,33681.5,1,0,1,24449.5,30470.7,
0,1,0,2761,99592.3,1,0,1,33943.3,30030.4,
0,1,0,2763,18057.8,1,0,1,14375.3,14879,
0,1,0,2763,43878.7,2,0,2,13447.2,18632.2,
0,1,0,2769,102742,1,0,1,31230.7,29338.9,
0,1,0,2770,18070.8,1,0,1,30960.3,23150,
0,1,0,2771,119178,2,0,2,13659,8311.6,
1,2,1,2782,39048.4,26,24,2,6215.56,37732.4,
0,1,0,2783,12972.6,1,0,1,11984.7,28675.2,
0,1,0,2783,17475.3,1,0,1,27167.6,22059.3,
0,1,0,2784,8489.01,1,0,1,8149.18,36715.1,
0,1,0,2786,31250.5,1,0,1,38376.6,17577.9,
0,1,0,2791,113991,2,0,2,3823.59,36644.6,
0,1,0,2793,47122.4,2,0,2,27091.7,34104.1,
0,1,0,2796,98589.9,1,0,1,21954,13477.3,
0,1,0,2799,17060.8,1,0,1,14580.8,29313.5,
0,1,0,2800,50055.2,2,0,2,38696.3,9500.17,
0,1,0,2801,20195.1,1,0,1,1042.72,27656.2,
0,1,0,2803,9500.08,1,0,1,5467.29,24490.3,
0,1,0,2804,6931.51,1,0,1,16140.4,37379.3,
0,1,0,2807,115824,2,0,2,19991,38106.1,
0,1,0,2808,13906.5,1,0,1,35265.4,22585.6,
1,2,1,2809,22750.2,153,151,2,33862.3,21437.8,
0,1,0,2809,32565.5,1,0,1,31262.9,39090.9,
0,1,0,2809,95304.6,1,0,1,30878.7,39844.3,
0,1,0,2810,14875.4,1,0,1,28025.2,39978.9,
0,1,0,2810,32262.5,1,0,1,32310.3,24719.8,
0,1,0,2811,24966.9,2,0,2,22926.9,40278.7,
0,1,0,2813,123786,2,0,2,23658.2,20658.6,
0,1,0,2815,43565.9,3,0,3,22816.4,38698.4,
0,1,0,2816,96115.2,1,0,1,12387.8,29003.6,
0,1,0,2819,35837.8,1,0,1,27243.1,37322.3,
0,1,0,2820,101415,2,0,2,20181.8,23563.3,
0,1,0,2823,13410.4,1,0,1,21289.6,22745.5,
0,1,0,2824,60228.4,3,0,3,39833.3,39435.2,
0,1,0,2824,100493,1,0,1,22700.9,20459.8,
4,5,4,2828,962874,40,10,30,20391.2,18465.4,
0,1,0,2829,13530.5,1,0,1,20360.6,18481,
0,1,0,2831,170758,5,0,5,38137.3,13774.9,
0,1,0,2834,37269.4,1,0,1,33764.2,12160.2,
0,1,0,2836,101022,1,0,1,23667.3,1104.01,
0,1,0,2839,15074.2,1,0,1,29903.5,22569.4,
0,1,0,2842,33297.3,1,0,1,12662.9,12235.2,
1,2,1,2843,99923.8,4,2,2,5026.71,17631.8,
0,1,0,2847,10128.5,1,0,1,4862.24,17821.7,
0,1,0,2850,8264.23,1,0,1,9001.59,36539.4,
0,1,0,2850,138445,3,0,3,25552.5,22816.7,
0,1,0,2857,19592.6,1,0,1,14647.9,35481.1,
0,1,0,2858,11799.9,1,0,1,35170.5,34416.7,
0,1,0,2858,32984.6,1,0,1,40247.7,36138.2,
1,2,1,2859,150673,5,1,4,38689.1,35901.2,
0,1,0,2859,101820,1,0,1,39134.7,31768.6,
0,1,0,2860,30268.8,1,0,1,38554.6,36002.3,
0,1,0,2864,10842.8,1,0,1,14629.4,37605.2,
0,1,0,2869,365010,12,0,12,3420.91,36993.2,
0,1,0,2873,9691.87,1,0,1,15932.6,3040.81,
0,1,0,2874,11991.5,1,0,1,12763.6,4438.85,
0,1,0,2876,100371,1,0,1,3920.04,20720.1,
0,1,0,2878,15703.6,1,0,1,25737.8,35008.5,
0,1,0,2879,41814.7,2,0,2,11865.6,15776.4,
0,1,0,2879,13557,1,0,1,925.355,13476.2,
0,1,0,2881,99861.9,1,0,1,18251.6,37055.6,
0,1,0,2882,13208,1,0,1,27138.9,26854.2,
0,1,0,2886,13187.5,1,0,1,24411,28376.9,
0,1,0,2890,28273,1,0,1,4282.67,15798.3,
0,1,0,2893,34328.1,1,0,1,32037.4,24801.5,
0,1,0,2893,7178.58,1,0,1,35732,23824.7,
0,1,0,2894,8630.57,1,0,1,29103.6,26711.1,
0,1,0,2894,92873.4,1,0,1,38667.4,22032.9,
0,1,0,2896,9676.4,1,0,1,36317.6,36158.3,
0,1,0,2897,32397.5,1,0,1,32025.6,40027,
0,1,0,2897,101405,1,0,1,33101.7,22207.2,
0,1,0,2901,14234.1,1,0,1,19280.7,30547.3,
0,1,0,2903,26836.9,1,0,1,37011.5,21833.1,
0,1,0,2906,10626.2,1,0,1,39322.2,31735.8,
0,1,0,2908,10050.6,1,0,1,35287.2,22849,
0,1,0,2910,101076,1,0,1,32340.7,15357,
0,1,0,2915,20032.1,1,0,1,14538.4,23534.5,
0,1,0,2915,33233.3,1,0,1,18887.5,4306.19,
0,1,0,2919,13093.9,1,0,1,39393.9,23539.1,
1,2,1,2922,304300,46,38,8,34052.4,38114.7,
0,1,0,2928,12248.9,1,0,1,32548,27864.3,
0,1,0,2928,49841.6,2,0,2,17366.3,30719.5,
0,1,0,2931,104335,1,0,1,10330.3,8077.35,
1,2,1,2931,123470,4,1,3,28321.6,39138.6,
0,1,0,2932,33519.2,1,0,1,34262.1,25457.5,
0,1,0,2935,8928.45,1,0,1,22879.8,27352.5,
0,1,0,2937,13227.5,1,0,1,22324.2,30481.9,
0,1,0,2938,14095.1,1,0,1,7757.68,26275.4,
0,1,0,2941,31260.8,1,0,1,32659.1,35795.6,
0,1,0,2942,7982.33,1,0,1,34460.2,36877.1,
0,1,0,2944,100204,1,0,1,23712.5,25216.6,
2,3,2,2946,379066,15,4,11,34438.3,11979.1,
0,1,0,2947,96546.2,1,0,1,34436.6,11868.2,
0,1,0,2951,11090.2,1,0,1,21000.9,1430.29,
0,1,0,2955,6186.06,1,0,1,23692.7,13163.3,
0,1,0,2962,9535.55,1,0,1,949.106,33160.3,
0,1,0,2962,36416.4,1,0,1,38772.9,25114.6,
0,1,0,2962,106140,1,0,1,36723.8,34272.1,
0,1,0,2963,50210.3,2,0,2,18305.5,28591.7,
0,1,0,2966,46194.7,2,0,2,39721.7,13915.7,
0,1,0,2967,107237,1,0,1,34478,37520.1,
0,1,0,2968,13655.8,1,0,1,21349.4,25176.2,
0,1,0,2970,11514.7,1,0,1,30679.7,39936.5,
0,1,0,2971,12458.1,1,0,1,35204,13631.7,
0,1,0,2973,14793.3,1,0,1,31370.2,28752.7,
0,1,0,2974,40440.2,2,0,2,19310.1,18984.6,
0,1,0,2980,105053,1,0,1,27370.3,4502.27,
0,1,0,2980,36220.2,1,0,1,22228.9,5834.38,
0,1,0,2986,15480.1,1,0,1,34006.7,37945.5,
0,1,0,2993,99914.2,1,0,1,22848.9,22952.7,
0,1,0,2994,17598.2,1,0,1,28339.4,33356.5,
1,2,1,2994,41663.7,171,169,2,39472.4,17673.4,
0,1,0,2995,17314.9,1,0,1,7791.03,2322.3,
0,1,0,2997,95223.8,1,0,1,16528.3,28887.7,
0,1,0,3000,9355.49,1,0,1,36099.6,27235.5,
0,1,0,3003,9920.75,1,0,1,29371.2,25498.6,
0,1,0,3005,33761.4,1,0,1,4923.95,30413.8,
0,1,0,3006,93751.4,1,0,1,28867.6,28535.4,
0,1,0,3008,17512.4,1,0,1,22532.8,13971.2,
0,1,0,3010,137320,2,0,2,1924.1,33925.6,
0,1,0,3012,15053.7,1,0,1,31010.6,38417.5,
0,1,0,3012,9001.92,1,0,1,34691.1,24329.8,
0,1,0,3014,15173.8,1,0,1,6592.9,37788.9,
0,1,0,3014,15383.1,1,0,1,28046.5,16690.8,
0,1,0,3015,17832.2,1,0,1,34083.4,39807.9,
0,1,0,3017,53947.4,2,0,2,19407.6,7787.76,
0,1,0,3018,148209,3,0,3,32551.5,31321.8,
0,1,0,3022,100587,1,0,1,32075.9,37949.2,
0,1,0,3029,169045,5,0,5,25004.3,35738.9,
0,1,0,3030,11662.5,1,0,1,35791.1,26863.8,
0,1,0,3035,8623.52,1,0,1,20969.9,32336.1,
0,1,0,3036,95298.8,1,0,1,24325.2,33379.2,
0,1,0,3041,11821.4,1,0,1,20771.2,18262.1,
0,1,0,3043,7525.09,1,0,1,33307.3,12780.8,
0,1,0,3051,34692.2,1,0,1,8414.54,1804.54,
0,1,0,3051,274112,6,0,6,37752.9,36955.2,
0,1,0,3053,12916.1,1,0,1,1365.05,39208.4,
0,1,0,3053,39597.1,1,0,1,33830.8,27207.8,
0,1,0,3053,33755.5,1,0,1,34523.8,26071.3,
0,1,0,3054,13914.4,1,0,1,32839.1,27338,
0,1,0,3056,105954,1,0,1,27090.8,27927.5,
0,1,0,3057,12349.6,1,0,1,27523.6,29997,
0,1,0,3063,11551.7,1,0,1,37597.4,9797.33,
0,1,0,3066,163834,4,0,4,26328.2,32252,
0,1,0,3067,11621.7,1,0,1,21743.8,22971.1,
0,1,0,3068,102611,1,0,1,8331.07,1078.36,
0,1,0,3074,18016,1,0,1,33871.9,33631.2,
0,1,0,3076,51786.3,2,0,2,31675.6,17571.3,
0,1,0,3078,16018.4,1,0,1,31369.3,33697.3,
0,1,0,3078,13541.8,1,0,1,34040.7,35174.9,
0,1,0,3078,11055.8,1,0,1,33097.1,22852.5,
0,1,0,3079,20445.7,1,0,1,26798.1,33964.6,
0,1,0,3079,110187,2,0,2,38357.8,19387.7,
0,1,0,3079,33515.9,1,0,1,27471,34575.3,
0,1,0,3080,12713.5,1,0,1,34454.6,27118.4,
0,1,0,3080,24667.9,1,0,1,40143.6,17649.6,
0,1,0,3080,108472,1,0,1,2661.64,29628.7,
0,1,0,3081,26537.3,2,0,2,39102.7,10459,
0,1,0,3081,32822.6,1,0,1,35195.7,21828.9,
0,1,0,3081,22933,1,0,1,37758.6,39866.3,
0,1,0,3081,17693.2,1,0,1,25324.4,32855.4,
0,1,0,3085,41005.6,2,0,2,2590.55,40292.9,
0,1,0,3085,8290.08,1,0,1,28010.6,26938.5,
2,3,2,3087,1.05783e+06,32,4,28,40206.5,19233.1,
0,1,0,3088,12879.4,1,0,1,30434.4,22933.8,
0,1,0,3092,12529,1,0,1,33296,16319.9,
0,1,0,3092,146281,3,0,3,25734.7,25285,
0,1,0,3092,13573,1,0,1,29927.8,31953.1,
0,1,0,3094,173243,5,0,5,16028.2,33066.8,
0,1,0,3095,103519,1,0,1,27451.4,21043.8,
0,1,0,3095,44055,2,0,2,32597,34556.8,
0,1,0,3097,9768.39,1,0,1,7830.85,27224.3,
1,2,1,3099,118152,3,1,2,17146.4,17273.5,
0,1,0,3100,31911.2,1,0,1,31841.8,35868.8,
0,1,0,3102,10625.7,1,0,1,19422.6,39237.2,
0,1,0,3104,112423,2,0,2,22660.9,39971.3,
0,1,0,3106,44203.2,1,0,1,18098.1,23740.5,
0,1,0,3107,16272.6,1,0,1,17873.6,38962.6,
0,1,0,3113,58893.9,3,0,3,5063.32,7964.77,
0,1,0,3114,100587,1,0,1,30786.1,12025.9,
0,1,0,3115,17744.5,1,0,1,19770.4,20749.1,
0,1,0,3116,14607.5,1,0,1,21077.9,20789.6,
0,1,0,3116,30410.5,1,0,1,26956,39377.2,
0,1,0,3117,112956,2,0,2,18400.9,24254.5,
0,1,0,3121,12894.3,1,0,1,35611.9,17018.3,
0,1,0,3123,13755.5,1,0,1,36423.7,7762.07,
0,1,0,3128,481323,13,0,13,9133.58,14534.5,
0,1,0,3128,13969.3,1,0,1,30281.4,15321,
0,1,0,3135,99661.4,1,0,1,12511.1,18410.4,
0,1,0,3141,34180.6,1,0,1,40014.3,23277.6,
0,1,0,3141,13561.3,1,0,1,39066.4,22933.9,
0,1,0,3141,7888.42,1,0,1,18638,31895.4,
0,1,0,3142,13126,1,0,1,19145.3,31061.1,
0,1,0,3145,98537.5,1,0,1,8902.4,31169.2,
0,1,0,3151,13499.3,1,0,1,39860,9785.96,
0,1,0,3153,36707.4,1,0,1,30923.2,30909.6,
0,1,0,3154,12136.3,1,0,1,15196.1,38472.7,
0,1,0,3155,13278.1,1,0,1,13656,37584.6,
0,1,0,3156,151453,3,0,3,36155.6,39925.6,
0,1,0,3157,19898.5,1,0,1,19216,14311.3,
0,1,0,3157,36675.3,1,0,1,573.025,24384.6,
0,1,0,3158,101436,1,0,1,32903.2,12957.3,
0,1,0,3159,11224.9,1,0,1,9994.68,7826.02,
0,1,0,3159,35548,1,0,1,5850.92,38903,
0,1,0,3159,19300.1,1,0,1,36301.3,39575.2,
0,1,0,3161,98726.5,1,0,1,24467.5,31628.7,
0,1,0,3161,16470.2,1,0,1,34194,32595.8,
0,1,0,3164,15842.4,1,0,1,6335.04,31271.8,
0,1,0,3166,47592.8,2,0,2,17146.2,37727.2,
0,1,0,3168,255677,5,0,5,15886.3,33679.2,
0,1,0,3170,9218.17,1,0,1,22904.5,6953.71,
0,1,0,3172,11154.7,1,0,1,12439.3,31035.1,
0,1,0,3173,25911.8,1,0,1,12803.3,34289.7,
0,1,0,3176,14108.9,1,0,1,22325.1,13312.6,
0,1,0,3192,95691.4,1,0,1,6686.04,13686.9,
0,1,0,3192,38409.9,2,0,2,8586.92,17493.6,
0,1,0,3194,13349.8,1,0,1,9799.51,21361.7,
0,1,0,3194,103083,1,0,1,31498.8,31978.9,
0,1,0,3194,10616.9,1,0,1,27136.9,32167.6,
0,1,0,3195,42484.4,1,0,1,25768.8,32737.9,
0,1,0,3195,28549.6,2,0,2,34110.4,30430.4,
0,1,0,3195,99449.9,1,0,1,11800,20839.8,
0,1,0,3195,25643.4,2,0,2,4080.9,32166.1,
0,1,0,3197,10946.6,1,0,1,34229.9,30303.2,
0,1,0,3197,101876,1,0,1,29534.8,29300.5,
14,15,14,3197,1.93694e+06,92,38,54,38408.3,27964.5,
0,1,0,3198,15195.9,1,0,1,26955.5,29103.7,
0,1,0,3199,13913.7,1,0,1,16021,32153,
0,1,0,3200,7094.62,1,0,1,15830.9,32789.5,
0,1,0,3202,99938.1,1,0,1,11192.8,28584.3,
0,1,0,3202,15129.3,1,0,1,28362.2,26701.4,
0,1,0,3213,11060.5,1,0,1,28501,37033.9,
0,1,0,3214,113130,2,0,2,19585.1,29800.5,
0,1,0,3216,38349.9,1,0,1,5154.43,26984.3,
0,1,0,3216,34526.4,1,0,1,32332.4,38734.7,
0,1,0,3217,215236,9,0,9,30151,20277.3,
0,1,0,3222,100179,1,0,1,28060.9,29080.2,
0,1,0,3223,29858.3,1,0,1,23387.7,27829.5,
0,1,0,3223,19426.3,1,0,1,14950.6,26656.5,
0,1,0,3224,10888.2,1,0,1,38840,24727.6,
0,1,0,3224,7429.74,1,0,1,10401.2,35034.8,
1,2,1,3225,136992,3,1,2,5682.97,33570.4,
0,1,0,3227,125952,2,0,2,22301.9,21895.2,
0,1,0,3227,8982.65,1,0,1,2857.78,27586.8,
0,1,0,3227,11919.5,1,0,1,34416,23991.4,
0,1,0,3228,41148.9,1,0,1,36112.9,8459.41,
0,1,0,3228,24628.3,2,0,2,25642.4,28073,
0,1,0,3229,9452.4,1,0,1,7905.81,31694.8,
0,1,0,3233,98725.3,1,0,1,34913,40153,
0,1,0,3234,10554.3,1,0,1,19331,38036.6,
0,1,0,3238,32533.4,1,0,1,34474.5,35180.3,
0,1,0,3239,98624.4,1,0,1,30560.8,39616.3,
0,1,0,3239,13240.1,1,0,1,32116.7,36049.9,
1,2,1,3240,116213,249,247,2,35801.2,36436.9,
0,1,0,3240,30007.7,2,0,2,36541.3,37600.2,
0,1,0,3241,35244.6,1,0,1,35771.2,36673.4,
0,1,0,3242,9855.04,1,0,1,31784,33407.6,
0,1,0,3243,16072.4,1,0,1,28788.6,23194.2,
0,1,0,3243,13442.3,1,0,1,8005.58,26441.5,
0,1,0,3243,9827.8,1,0,1,37584.4,30870.9,
0,1,0,3245,98240.5,1,0,1,37842.5,25257.3,
0,1,0,3247,30297.6,1,0,1,24306.9,24997.2,
0,1,0,3255,32750.5,1,0,1,38378.5,27936.2,
0,1,0,3263,158043,4,0,4,31768.2,21837.9,
0,1,0,3263,14479.4,1,0,1,3762.25,29795.3,
0,1,0,3265,101018,1,0,1,22385.3,531.315,
0,1,0,3266,8355.97,1,0,1,7662.51,8061.4,
0,1,0,3270,13351.4,1,0,1,35113.8,17896.7,
0,1,0,3270,31122.4,1,0,1,9036.8,12667.8,
0,1,0,3270,19698.3,1,0,1,39392.3,31393.5,
0,1,0,3271,99666.5,1,0,1,16583.1,11088.4,
0,1,0,3272,34125.3,2,0,2,16358.6,10686,
0,1,0,3274,12492.3,1,0,1,35530.4,25606.8,
0,1,0,3275,35877.3,1,0,1,35682.8,25444,
0,1,0,3284,10265.1,1,0,1,30401,39960.3,
0,1,0,3285,103628,1,0,1,37953.7,32150.8,
0,1,0,3285,31549.7,1,0,1,32604.7,38631.9,
0,1,0,3286,14979.3,1,0,1,38079.9,31776.3,
0,1,0,3286,13086.5,1,0,1,6140.77,20493.2,
0,1,0,3288,36214,1,0,1,38721.4,24474.1,
0,1,0,3288,7477.87,1,0,1,5934.8,33415.5,
0,1,0,3295,97345,1,0,1,24701.3,28719.9,
0,1,0,3298,12166.9,1,0,1,36552.5,32088.5,
0,1,0,3306,13171.2,1,0,1,28663.8,22751.9,
0,1,0,3311,35920.9,1,0,1,35345.6,19644.3,
0,1,0,3313,112458,2,0,2,34936.6,23258.2,
0,1,0,3314,16196.4,1,0,1,32405.5,18017,
0,1,0,3320,14942.7,1,0,1,28416.7,16718.1,
0,1,0,3321,33661.5,1,0,1,29411.5,28790.8,
0,1,0,3324,99229.8,1,0,1,8692.62,37634.8,
0,1,0,3326,34293.8,1,0,1,21630.4,18991.4,
1,2,1,3329,109493,3,1,2,34005.1,22290.2,
0,1,0,3333,40698.7,2,0,2,28716.4,15375,
0,1,0,3334,12671.3,1,0,1,39002.4,30838.2,
0,1,0,3336,212383,7,0,7,13597.1,16763.6,
0,1,0,3336,7129.87,1,0,1,37478.1,21845.2,
0,1,0,3338,34791.6,1,0,1,36412.4,32178.7,
0,1,0,3346,100632,1,0,1,13979.2,21737.3,
0,1,0,3348,7454.09,1,0,1,19680.8,37194.1,
0,1,0,3350,29407.7,1,0,1,23557,25322.8,
0,1,0,3352,103595,1,0,1,1492.91,29659.3,
0,1,0,3352,8385.72,1,0,1,19574.3,21410.5,
0,1,0,3355,58495.1,4,0,4,39700.2,24261.4,
0,1,0,3355,18757.3,1,0,1,12534.1,8448.47,
0,1,0,3358,12061.9,1,0,1,26775.8,36713.8,
0,1,0,3361,30014.6,1,0,1,27217.4,31091.6,
0,1,0,3362,100433,1,0,1,22534.1,30847.5,
0,1,0,3365,168893,4,0,4,9932.46,37257.1,
0,1,0,3366,7206,1,0,1,39789.8,12851.9,
0,1,0,3372,127883,3,0,3,9198.55,11938.6,
0,1,0,3375,11314.7,1,0,1,33713.5,23522.6,
1,2,1,3378,57587.6,188,186,2,31605.7,35813.9,
0,1,0,3378,15173.9,1,0,1,37585,32750.9,
0,1,0,3379,9181.39,1,0,1,32360.5,35188.3,
0,1,0,3379,110597,2,0,2,29652.6,28739.9,
0,1,0,3381,24216.1,1,0,1,22440.7,22872.5,
0,1,0,3388,61507.5,3,0,3,12146.5,21323.4,
0,1,0,3390,100724,1,0,1,29694.6,948.588,
0,1,0,3391,41621.1,1,0,1,12750.4,21215.1,
0,1,0,3400,26489.3,1,0,1,35285.4,34161,
0,1,0,3402,62377.4,3,0,3,6764.05,25743.1,
0,1,0,3409,14242.5,1,0,1,2532.94,25846.5,
0,1,0,3409,64832.1,2,0,2,24578.4,37209.8,
0,1,0,3411,96782.1,1,0,1,16065,37284.5,
0,1,0,3411,51073.1,1,0,1,20536.3,31118.7,
0,1,0,3412,161455,4,0,4,15855.5,8081.54,
0,1,0,3412,50070.5,1,0,1,16186.2,37072.5,
0,1,0,3412,16319.4,1,0,1,1853.87,12362.8,
0,1,0,3413,93670.7,1,0,1,14529.1,31489.1,
0,1,0,3413,38141.8,1,0,1,6844.35,16478.4,
0,1,0,3413,410334,10,0,10,23943.4,1623.45,
0,1,0,3414,46545,4,0,4,16470.6,31106.3,
0,1,0,3414,11936.8,1,0,1,14626.1,31190,
0,1,0,3415,31799.8,1,0,1,15219,30757.2,
0,1,0,3421,142177,3,0,3,29546,38384.4,
0,1,0,3424,50811.7,2,0,2,7837.75,2751.06,
0,1,0,3428,101775,1,0,1,32451,27973.3,
0,1,0,3428,10425.7,1,0,1,37583.9,25654.3,
0,1,0,3429,14021.8,1,0,1,32761,37059.7,
0,1,0,3432,40003.1,1,0,1,12365.3,31774.7,
0,1,0,3434,8128.21,1,0,1,6867.39,8514.79,
0,1,0,3442,15721.5,1,0,1,33570.4,22898.6,
0,1,0,3447,132814,2,0,2,31081,34751.1,
0,1,0,3448,12450.8,1,0,1,35253.1,3982.07,
0,1,0,3450,17731.9,1,0,1,10485.8,20499.1,
0,1,0,3451,102810,1,0,1,7925.83,16598.9,
1,2,1,3453,28622.3,94,92,2,16693.9,19775.3,
0,1,0,3453,10776.4,1,0,1,5426.95,33302.8,
0,1,0,3453,31486.4,1,0,1,28365,36152.3,
0,1,0,3454,8021.23,1,0,1,30235.7,35929.8,
4,5,4,3455,309665,16,7,9,30873.9,27789.1,
0,1,0,3456,32794.8,1,0,1,32777,30609.4,
0,1,0,3458,19944.4,2,0,2,6580.36,34510.4,
0,1,0,3463,15755.9,1,0,1,13140.6,40154.5,
0,1,0,3464,10789.3,1,0,1,16322.9,35632.6,
0,1,0,3464,35748.6,1,0,1,34885.6,33833.3,
0,1,0,3465,102144,1,0,1,34830.8,26965.4,
0,1,0,3467,8364.47,1,0,1,36717,22474.1,
0,1,0,3467,28743.7,1,0,1,24982.4,30941,
0,1,0,3468,102413,1,0,1,26425.9,33981.6,
0,1,0,3468,11942.2,1,0,1,25976.7,33856.7,
0,1,0,3468,31834.9,3,0,3,13422.8,37348.5,
0,1,0,3470,94390,1,0,1,3461.54,11060.9,
0,1,0,3471,38588.5,1,0,1,8093.46,31343.9,
0,1,0,3473,55131.7,3,0,3,28994.1,16978.7,
0,1,0,3474,102585,2,0,2,38430,24088.3,
1,2,1,3487,371088,13,1,12,39986.3,6147.61,
0,1,0,3489,15512.2,1,0,1,25800.1,24891.9,
0,1,0,3490,94454,1,0,1,31858.8,28558.4,
1,2,1,3491,47319.8,76,74,2,32371.8,30365,
0,1,0,3491,7457.8,1,0,1,31994.7,28859.2,
0,1,0,3493,11008.4,1,0,1,25629.3,28593.2,
0,1,0,3495,101939,1,0,1,25575.7,28764.5,
0,1,0,3498,33722.9,1,0,1,10505,34415,
0,1,0,3501,14487.1,1,0,1,39844.6,5841.15,
0,1,0,3502,34260.6,1,0,1,22443.8,13511,
0,1,0,3502,5075.8,1,0,1,38097.9,20680.6,
0,1,0,3510,9536.5,1,0,1,38872.6,36248.4,
0,1,0,3512,135376,3,0,3,19448.7,5359.31,
0,1,0,3514,169833,4,0,4,23456.6,13441.3,
0,1,0,3515,34824.2,1,0,1,20332.2,5827.06,
0,1,0,3517,45465.1,2,0,2,19675.2,12100.1,
0,1,0,3521,103481,1,0,1,23754.9,28415.6,
0,1,0,3521,13107,1,0,1,35165.1,25546.1,
1,2,1,3521,27146.3,92,90,2,24381.7,30722.2,
0,1,0,3523,14953.2,1,0,1,38213.4,25145.7,
0,1,0,3523,15665,2,0,2,14467.8,40282,
0,1,0,3531,107143,1,0,1,36377.2,3867.3,
0,1,0,3539,33314.2,1,0,1,39096.3,36075.8,
0,1,0,3545,11673.3,1,0,1,10368.2,12072.6,
0,1,0,3546,35270.8,1,0,1,30436.9,20579.2,
0,1,0,3551,100440,1,0,1,24571,21868.1,
0,1,0,3553,27203.3,2,0,2,19155.2,25620.9,
0,1,0,3555,10145.3,1,0,1,8529.38,38526.2,
0,1,0,3556,4598.07,1,0,1,28533.7,18844,
0,1,0,3556,97256,1,0,1,28512.7,18458.2,
0,1,0,3556,9851.38,1,0,1,9708.4,38091.3,
0,1,0,3557,66633.6,3,0,3,9867.86,14359,
0,1,0,3557,99987.8,1,0,1,6322.3,33427.6,
0,1,0,3558,11170.1,1,0,1,7494.33,33732,
0,1,0,3562,36639.8,1,0,1,33021.5,25464.9,
0,1,0,3563,14206.4,1,0,1,24714.2,27173.8,
0,1,0,3564,5459.37,1,0,1,20259.4,31005,
0,1,0,3564,34417.9,1,0,1,37868.2,25277.9,
0,1,0,3566,105975,1,0,1,37862.4,26575.2,
0,1,0,3566,10549,1,0,1,38742.4,26921.6,
0,1,0,3567,18014.4,1,0,1,31888.3,30616.2,
0,1,0,3568,12007.5,1,0,1,33539.8,27476.2,
0,1,0,3569,33489.8,1,0,1,29629.3,30244.2,
0,1,0,3569,33088.4,1,0,1,31443.8,25903.9,
0,1,0,3571,103752,1,0,1,29174.5,29113.5,
0,1,0,3571,14334.5,1,0,1,27364.7,27566,
0,1,0,3572,7916.7,1,0,1,38478.2,33853,
0,1,0,3572,21027.2,1,0,1,27320.9,26551.8,
0,1,0,3573,13391.7,1,0,1,35219.2,552.565,
0,1,0,3573,6307.79,1,0,1,37979.7,33562.1,
0,1,0,3573,98163,1,0,1,27527.1,30122.6,
0,1,0,3582,31025.6,1,0,1,31208.2,36041.5,
0,1,0,3583,10257.6,1,0,1,10053.8,28905.8,
0,1,0,3585,32828,1,0,1,25256.7,25732.4,
0,1,0,3585,7025.92,1,0,1,19661.4,31963.8,
0,1,0,3585,121426,2,0,2,8821.61,38734.3,
0,1,0,3585,17872.3,1,0,1,23499,38753.4,
0,1,0,3588,27406.7,1,0,1,12949.7,37298.5,
0,1,0,3589,31365.5,1,0,1,34551,11638.5,
0,1,0,3590,45694.4,2,0,2,5721.27,36944.1,
0,1,0,3594,106838,1,0,1,30663.7,30037.5,
0,1,0,3599,66029.1,1,0,1,25640.1,26134.2,
4,5,4,3599,330524,54,43,11,32164.5,18711.2,
0,1,0,3600,9502.82,1,0,1,26364.7,26566.4,
0,1,0,3601,104389,1,0,1,28490.3,5607.71,
0,1,0,3605,110678,2,0,2,23778.1,34054.9,
0,1,0,3611,14013.9,1,0,1,33550.3,18554,
0,1,0,3612,17878.5,1,0,1,13973.9,40124.8,
0,1,0,3612,50901.3,2,0,2,26954.8,29968.6,
0,1,0,3616,19238.5,1,0,1,37033,22183.5,
0,1,0,3623,20024.3,1,0,1,25507.4,34531.8,
0,1,0,3623,8855.04,1,0,1,33230.7,23404.8,
0,1,0,3625,15854.1,1,0,1,12680.7,1809.03,
0,1,0,3625,48329.9,2,0,2,8529.4,37404.3,
0,1,0,3626,113929,2,0,2,10675.4,622.032,
0,1,0,3626,154550,3,0,3,22363.5,38124.9,
0,1,0,3627,13513.3,1,0,1,12588.2,4533.83,
0,1,0,3627,9328.4,1,0,1,26750.2,39167.1,
0,1,0,3629,29671.7,2,0,2,21498.7,38084.4,
1,2,1,3630,136297,3,1,2,18624.1,2454.9,
0,1,0,3632,22042.4,2,0,2,21789,37788.5,
0,1,0,3633,9164.43,1,0,1,20170.8,35290.3,
0,1,0,3634,17000.7,1,0,1,8081.22,2795.84,
1,2,1,3635,179915,7,1,6,6166.27,36663.8,
0,1,0,3637,12759.5,1,0,1,8317.29,2755.76,
0,1,0,3641,14326.3,1,0,1,1879.07,39564.7,
0,1,0,3642,12743,1,0,1,24508.2,24824.7,
0,1,0,3643,34862.4,1,0,1,24561.4,16307.9,
0,1,0,3643,94925,1,0,1,24450.1,29680.8,
0,1,0,3643,12079.1,1,0,1,3235.27,34810.3,
0,1,0,3645,12936.9,1,0,1,39223.3,40225.2,
0,1,0,3646,17942.6,1,0,1,25029,14710.2,
0,1,0,3647,34766.8,1,0,1,33737.3,1881.69,
0,1,0,3649,114913,2,0,2,28073.2,6161.5,
0,1,0,3649,16707.2,1,0,1,37609.1,11796,
0,1,0,3650,33091.5,1,0,1,28851,7793.95,
0,1,0,3652,106013,1,0,1,32980.5,21284.2,
0,1,0,3653,12618.3,1,0,1,8837.75,8576.83,
0,1,0,3653,51878.8,2,0,2,23221.8,25444,
0,1,0,3654,105441,1,0,1,38222.1,19209.6,
0,1,0,3656,9947.94,1,0,1,38790.7,17908.6,
0,1,0,3659,8460.23,1,0,1,38162.8,11367.5,
1,2,1,3661,115937,5,3,2,35686.4,7267.24,
0,1,0,3664,31403.3,1,0,1,27694.6,786.203,
0,1,0,3666,14966.3,1,0,1,34481.1,27154.6,
0,1,0,3669,15927.5,1,0,1,39465.9,24322.2,
0,1,0,3670,19506,1,0,1,10511.2,19578.8,
0,1,0,3671,135090,2,0,2,28570.1,31951.4,
0,1,0,3673,16531.8,1,0,1,4570.61,36739.6,
0,1,0,3674,101088,1,0,1,5183.16,33286.7,
1,2,1,3676,517608,14,1,13,35585.9,26252.4,
0,1,0,3677,19352.8,1,0,1,25305.8,23094.2,
0,1,0,3681,14107.2,1,0,1,4212.79,21704.6,
0,1,0,3681,33698.8,1,0,1,20136,28542.7,
0,1,0,3682,101283,1,0,1,9596.28,13984.9,
1,2,1,3682,19970.3,94,92,2,29615.3,35376,
1,2,1,3683,129501,241,237,4,39276.6,32776,
0,1,0,3685,35216.7,1,0,1,39861.7,34426.6,
0,1,0,3686,31343.4,1,0,1,25284.4,33067.8,
0,1,0,3691,106130,1,0,1,16415.7,2219.21,
0,1,0,3699,13216.8,1,0,1,28561.4,23652.3,
0,1,0,3715,13748.3,1,0,1,30521.2,23594.1,
0,1,0,3720,14919.2,1,0,1,24573.5,6090.04,
0,1,0,3721,13677.4,1,0,1,35043.7,547.008,
0,1,0,3722,14449.7,1,0,1,26734.7,12456.9,
0,1,0,3725,23166.3,1,0,1,35146.5,27737.1,
8,9,8,3730,1.23728e+06,87,49,38,7958.8,10988.3,
1,2,1,3730,113439,175,173,2,23665,13209.6,
0,1,0,3731,16376.3,1,0,1,36935.7,34481,
0,1,0,3732,9252.54,1,0,1,22081.2,9621.94,
0,1,0,3735,30021.1,1,0,1,24354.8,32767.6,
0,1,0,3738,99067.3,1,0,1,21387.7,11922.5,
0,1,0,3739,10399.1,1,0,1,25117.9,39186.1,
0,1,0,3745,31840.8,1,0,1,37248.7,14672.4,
0,1,0,3745,98627.1,1,0,1,35266.6,26451.3,
0,1,0,3746,11655.9,1,0,1,34633.6,26588.8,
0,1,0,3750,14409.8,1,0,1,27771.1,11149.2,
0,1,0,3751,32194.2,1,0,1,2818.25,30766.9,
0,1,0,3759,98659.9,1,0,1,21879.4,18500.3,
5,6,5,3760,345930,203,193,10,33701.8,35728.1,
1,2,1,3761,174738,7,2,5,30972.5,35165.9,
0,1,0,3763,101040,1,0,1,16306.4,19149.1,
0,1,0,3775,13794.8,1,0,1,38911,28977,
0,1,0,3776,13290.7,1,0,1,39383.2,27753.2,
0,1,0,3781,33782.3,1,0,1,37965.6,20562.7,
0,1,0,3782,24140.7,1,0,1,20743.6,21184.5,
0,1,0,3783,10884.4,1,0,1,24820.4,20174.5,
0,1,0,3785,97033.2,1,0,1,36801.7,29527,
0,1,0,3786,11531.1,1,0,1,25801.3,30873.4,
0,1,0,3788,13136.1,1,0,1,29220.3,32198.1,
0,1,0,3791,30892.2,1,0,1,30594.5,26623.6,
0,1,0,3791,11679.8,1,0,1,21454,7397.8,
0,1,0,3795,33501.6,1,0,1,36602.4,35887.7,
0,1,0,3797,16911.2,1,0,1,4874.18,31408.9,
0,1,0,3798,9759.48,1,0,1,4906.76,37870.2,
1,2,1,3799,46912.2,5,3,2,4965.15,37696.9,
0,1,0,3799,96258.7,1,0,1,13409.9,17246.8,
0,1,0,3799,8724,1,0,1,28079.2,22749.7,
0,1,0,3801,34852.8,1,0,1,34436.1,20992.6,
0,1,0,3803,98314.1,1,0,1,13919.1,33711.9,
0,1,0,3806,19878.4,1,0,1,15356.2,16395.7,
0,1,0,3809,44231.5,1,0,1,16635.6,20646.4,
0,1,0,3814,21903.8,1,0,1,39480.1,8865.58,
0,1,0,3819,22497.4,2,0,2,31541.9,13977,
0,1,0,3823,19781.2,1,0,1,36035.2,37254.1,
0,1,0,3823,12579.4,1,0,1,32192.3,29818.3,
0,1,0,3827,91354,1,0,1,29341.6,33229.2,
0,1,0,3828,14978.3,1,0,1,35740.1,32120.3,
0,1,0,3828,34601.2,1,0,1,34934.6,15066,
0,1,0,3829,29320.7,2,0,2,35473,17498.1,
0,1,0,3829,10766.6,1,0,1,31428,28397.4,
0,1,0,3830,322247,8,0,8,37439.4,28794.4,
0,1,0,3831,20825.5,2,0,2,26234.7,16814.9,
0,1,0,3833,12980.9,1,0,1,30189.6,25001.4,
0,1,0,3846,8792.59,1,0,1,23408.4,17750,
0,1,0,3848,11576.8,1,0,1,9243.72,11447.6,
0,1,0,3850,100708,1,0,1,2170.25,36542.3,
2,3,2,3852,383484,24,12,12,40240.1,15568.7,
0,1,0,3856,38411.4,1,0,1,27105.3,20710.7,
0,1,0,3857,106596,1,0,1,17048.6,37384.5,
0,1,0,3858,15605.1,1,0,1,6019.38,9637.25,
0,1,0,3858,19556,1,0,1,30712.7,28619.9,
6,7,6,3864,332656,30,22,8,20384.7,17161.9,
0,1,0,3877,11103.9,1,0,1,17866.6,26944.4,
0,1,0,3877,7178.94,1,0,1,18863,31135.1,
0,1,0,3883,11935.3,1,0,1,28670.5,32485.3,
0,1,0,3885,37515.9,1,0,1,29098.8,33763,
2,3,2,3887,762439,26,8,18,33849.9,21227.6,
0,1,0,3888,12608.9,1,0,1,31043.3,33811.9,
0,1,0,3888,8725.97,1,0,1,24715,12919.3,
0,1,0,3889,18646.1,1,0,1,28233.5,40145.8,
0,1,0,3889,11400.3,1,0,1,24260.1,31540,
0,1,0,3891,39372.5,1,0,1,26184.8,27789.3,
0,1,0,3894,98266.2,1,0,1,38869.1,23893.3,
0,1,0,3895,7030.8,1,0,1,38998.2,23731.9,
0,1,0,3899,15283.1,1,0,1,20148.8,35016.9,
0,1,0,3900,45947.7,2,0,2,38184.6,27815.5,
1,2,1,3901,111371,7,5,2,2468.52,40007.1,
0,1,0,3903,32348.6,1,0,1,12826.5,38125.9,
0,1,0,3903,100427,1,0,1,37754.2,31659.7,
0,1,0,3904,11498,1,0,1,12879.5,37488.5,
0,1,0,3905,9894.42,1,0,1,10480.1,23399.3,
0,1,0,3905,14061.3,1,0,1,39882.8,19848.2,
0,1,0,3905,10246.2,1,0,1,12682.5,37577.5,
0,1,0,3906,31610.4,1,0,1,39045,28085.9,
0,1,0,3909,9899.9,1,0,1,19058.8,32983.5,
0,1,0,3910,97336.9,1,0,1,30598.7,15061.4,
1,2,1,3913,28229.3,4,2,2,38506.4,23947.8,
0,1,0,3914,96440.8,1,0,1,25479.6,13120.2,
0,1,0,3914,5137.38,1,0,1,33863.4,14775.5,
0,1,0,3916,11464,1,0,1,28096.8,39021.4,
0,1,0,3916,32685.7,1,0,1,28862.7,25452,
0,1,0,3917,12827.8,1,0,1,35030.9,18507.7,
2,3,2,3919,142586,7,4,3,31709.6,19504.5,
0,1,0,3919,38745.8,1,0,1,40051.1,31534.2,
0,1,0,3920,6891.49,1,0,1,39552.2,32602.8,
0,1,0,3921,15788.8,1,0,1,24621,36936.6,
0,1,0,3922,7759.64,1,0,1,39056.3,33488.1,
0,1,0,3923,108894,1,0,1,21094,30835.4,
0,1,0,3924,31199.7,1,0,1,10900.6,9973.96,
0,1,0,3924,59986.6,3,0,3,25341.6,28484.6,
0,1,0,3927,17123,1,0,1,25423.9,37311.3,
0,1,0,3927,17059.9,1,0,1,36789.1,11172.1,
0,1,0,3928,8672.5,1,0,1,19391.8,14075.5,
0,1,0,3928,148442,3,0,3,20633.8,36825.7,
0,1,0,3929,15492.5,1,0,1,40278.6,35405.4,
0,1,0,3930,24355.2,1,0,1,33939,38946.8,
0,1,0,3931,242606,4,0,4,31729.1,10986.8,
0,1,0,3931,10015.9,1,0,1,17139.4,28820.6,
0,1,0,3931,11027.3,1,0,1,15153.3,36804.8,
1,2,1,3934,47036.8,40,38,2,36338.8,33181.1,
1,2,1,3937,23221.2,8,6,2,36752.9,27302.3,
0,1,0,3944,10497.3,1,0,1,24796.2,32852.8,
0,1,0,3945,14065.2,1,0,1,27551.1,32062.7,
0,1,0,3945,50199.3,2,0,2,38556.5,11524.7,
0,1,0,3947,7082.2,1,0,1,28721.2,22586.2,
0,1,0,3948,102015,1,0,1,32770.5,24697.6,
0,1,0,3948,176063,5,0,5,32634,5256.76,
0,1,0,3950,11675.6,1,0,1,14675,15536.6,
0,1,0,3953,98823.2,1,0,1,17262.6,38164,
0,1,0,3960,245314,8,0,8,1378.25,1042.53,
0,1,0,3960,114332,2,0,2,10737,26816.1,
0,1,0,3962,19502,2,0,2,38492.6,31184.2,
0,1,0,3962,19577,1,0,1,14180.4,23513.4,
0,1,0,3963,24814.4,1,0,1,39306.1,27005.9,
0,1,0,3965,58201.7,2,0,2,26507.8,30373.2,
0,1,0,3966,104039,1,0,1,27725.7,24059.4,
0,1,0,3966,37793.6,1,0,1,24804,31923.5,
0,1,0,3967,32065.1,1,0,1,26359.4,32910.7,
0,1,0,3969,110413,1,0,1,27542.9,24935.7,
0,1,0,3970,16550,1,0,1,27155.8,24284.5,
0,1,0,3975,14987.5,1,0,1,38520.3,31583.7,
0,1,0,3978,8891.25,1,0,1,2090.76,22268.9,
0,1,0,3978,13941,1,0,1,39746.6,14857.2,
0,1,0,3981,28815.9,2,0,2,25368.1,36021.3,
1,2,1,3981,149606,4,1,3,18215.3,19172.4,
0,1,0,3982,110232,4,0,4,38200.6,26103.8,
0,1,0,3984,97418.4,1,0,1,39613.6,20233.4,
0,1,0,3984,16343.4,1,0,1,26273.2,36389.5,
0,1,0,3986,98499,2,0,2,5125.64,39457.6,
0,1,0,3987,17252.5,2,0,2,23085.9,6538.97,
0,1,0,3988,36352.8,1,0,1,6137.05,40167.3,
0,1,0,3988,104684,1,0,1,5769.02,37165.2,
0,1,0,3988,15408.7,1,0,1,39512,20101,
0,1,0,3990,16824.5,1,0,1,15144.9,36201.3,
1,2,1,3993,86987.3,4,1,3,33856.1,37656.5,
0,1,0,3993,308996,7,0,7,22580.1,25305.6,
0,1,0,3994,46413.6,2,0,2,32154.9,34760.9,
0,1,0,3997,93251.1,1,0,1,21476.4,13672.2,
