# seq OFF,# seq ON,blinks,frame,intensity,lifetime,total OFF,total ON,x,y,
0,1,0,1,212620,8,0,8,18758.4,8652.34,
0,1,0,1,1.11123e+08,4000,0,4000,19336,5124.56,
0,1,0,1,17160,1,0,1,34049.4,29048.3,
0,1,0,1,11062.7,1,0,1,32011,22371.3,
0,1,0,2,22788,1,0,1,29841.1,31474.4,
1,2,1,2,103496,7,1,6,18970.2,23411.4,
0,1,0,2,31690.4,1,0,1,36639.8,25478.4,
0,1,0,3,32608.4,1,0,1,26690.7,2938.68,
0,1,0,3,12933.9,1,0,1,27797.4,33052.8,
4,5,4,6,383274,328,313,15,26597.5,25497.6,
6,7,6,7,303253,211,200,11,36784.4,33328.5,
2,3,2,9,88931.7,38,34,4,20291.8,24017.3,
0,1,0,10,40071.1,1,0,1,19037.9,7624.1,
0,1,0,11,100098,3,0,3,24627.4,39886,
0,1,0,13,121001,3,0,3,26371.3,32735.2,
7,8,7,13,984281,224,191,33,15286.3,24955.4,
0,1,0,16,34679,1,0,1,34185.9,29173,
0,1,0,16,8330.39,1,0,1,6238.94,7688.37,
3,4,3,17,66599.4,7,3,4,33283.9,36190.9,
0,1,0,19,36525.9,1,0,1,7906.83,16561.7,
10,11,10,21,814294,951,913,38,28223.9,6327.07,
1,2,1,24,65374.9,8,5,3,32984.4,10661.4,
0,1,0,26,62011.7,2,0,2,6953.99,848.043,
0,1,0,29,10844.1,1,0,1,38843.7,32739.1,
2,3,2,34,134493,60,55,5,36340.7,32891.4,
1,2,1,36,233701,40,30,10,39392.9,10737.7,
13,14,13,37,1.12498e+06,779,724,55,33363.9,6934.62,
0,1,0,39,34633.7,1,0,1,7557.86,855.566,
1,2,1,40,70494.9,4,2,2,21526.6,19684.1,
0,1,0,42,37167.9,1,0,1,28253.5,33251,
4,5,4,42,369331,383,369,14,8048.2,8375.87,
0,1,0,43,9796.45,1,0,1,34591.9,28951,
0,1,0,47,34816.5,1,0,1,8188.16,5687.65,
2,3,2,54,81582,115,112,3,33984.2,27390.4,
13,14,13,57,444100,101,82,19,19054.8,1565.5,
4,5,4,57,166694,266,259,7,36317.3,38987.3,
0,1,0,65,16670.4,1,0,1,30190.2,31242.6,
0,1,0,69,33806.7,1,0,1,10922.4,29215.3,
10,11,10,76,514402,888,864,24,26144.9,16190.6,
2,3,2,77,258002,140,131,9,36315.2,29708.7,
0,1,0,78,33872.9,1,0,1,2710.52,35796.1,
0,1,0,79,38474.1,1,0,1,14407.4,31446.9,
0,1,0,79,145884,5,0,5,15823.2,17121.2,
0,1,0,84,62376.7,3,0,3,26636.7,5634.29,
2,3,2,85,138891,271,266,5,24576.8,35590.9,
0,1,0,88,8822.44,1,0,1,29622.2,17562.7,
0,1,0,89,38178.7,1,0,1,11745,1211.5,
0,1,0,89,6887.59,1,0,1,21313.3,36872.8,
0,1,0,93,51385.3,2,0,2,24814.7,39449.4,
0,1,0,93,193140,7,0,7,13166.6,28449,
0,1,0,101,30676.7,1,0,1,40098.1,38988.2,
0,1,0,104,10273.9,1,0,1,38907.1,15628,
0,1,0,106,33140.1,1,0,1,23351.1,39334.5,
17,18,17,107,1.85547e+06,941,849,92,13553.6,8790.98,
0,1,0,107,28792.2,1,0,1,28163.7,35978,
0,1,0,109,26239.5,1,0,1,16985,9164.31,
0,1,0,110,9512.89,1,0,1,29600.2,30819.1,
0,1,0,114,22311.8,2,0,2,23044.7,22355.1,
0,1,0,118,19561.4,1,0,1,26940.5,30243.9,
5,6,5,120,197723,83,73,10,25539.6,24690.1,
1,2,1,120,89142.6,242,238,4,25238.2,14444,
1,2,1,125,52596.4,4,1,3,4323.13,11746.3,
0,1,0,125,12137.7,1,0,1,18638.4,23079.5,
0,1,0,126,33272,1,0,1,33119.4,23429.4,
0,1,0,127,12710.8,1,0,1,23571,24599.7,
0,1,0,128,32741.6,1,0,1,38385.7,36644.5,
1,2,1,135,111283,40,36,4,33550.8,28221.3,
0,1,0,137,36439.7,1,0,1,19522.2,4142.78,
0,1,0,142,36942.2,1,0,1,37142.8,7264.38,
10,11,10,145,3.777e+06,199,24,175,24244.1,13650.2,
1,2,1,149,79539.6,68,65,3,17879,35145.9,
0,1,0,150,21551.9,1,0,1,39633,23298.3,
1,2,1,155,67142.4,4,1,3,8386.25,33900.8,
0,1,0,156,33847.2,1,0,1,39019.2,12424.5,
0,1,0,157,55994.5,2,0,2,22845.2,32700.9,
1,2,1,158,413891,30,17,13,38257,38573.7,
1,2,1,159,105542,68,65,3,25670.1,23376.7,
1,2,1,162,61277.5,254,252,2,29081.2,18682.5,
0,1,0,165,35305.7,1,0,1,28485.5,25847.8,
0,1,0,167,14474.7,1,0,1,31347.2,8828.52,
0,1,0,168,49624,2,0,2,31930.7,27223.1,
0,1,0,168,33871.8,1,0,1,32612.4,26207,
0,1,0,170,16356.7,1,0,1,30253.3,25910.6,
0,1,0,171,36291.4,1,0,1,32613.8,15742.4,
0,1,0,171,13729.6,1,0,1,38798.3,27096.9,
3,4,3,171,161089,281,276,5,5681.52,3693.75,
0,1,0,172,45609.7,1,0,1,6086.22,38119.4,
0,1,0,172,74117.2,2,0,2,36803.6,21564.4,
0,1,0,173,41860.3,1,0,1,26979.2,19226.8,
0,1,0,173,37707.5,1,0,1,12325,28299.1,
0,1,0,173,37476.1,1,0,1,35923.3,23567,
0,1,0,174,33070.8,1,0,1,30195.6,10019,
0,1,0,174,35648.1,1,0,1,33703.5,24840.5,
0,1,0,174,33899.3,1,0,1,32429.3,22452.7,
0,1,0,179,36828.1,1,0,1,34892.3,37929.7,
0,1,0,179,36415.9,1,0,1,25228.6,32396.7,
0,1,0,179,42327.7,1,0,1,24424.1,31663.5,
0,1,0,189,66053.8,2,0,2,28382.2,30556.1,
1,2,1,189,255972,10,2,8,9419.21,5749.64,
0,1,0,191,38522.4,1,0,1,15827.7,22170.7,
0,1,0,196,17756,1,0,1,37099.9,8538.06,
0,1,0,205,35418.8,1,0,1,36456.8,29203.3,
0,1,0,206,16409.5,1,0,1,36798.9,28920.2,
0,1,0,206,36906.4,1,0,1,37000.6,29698,
0,1,0,207,40622.4,1,0,1,37634.6,28752.6,
5,6,5,207,471415,618,598,20,8474.11,18410.1,
0,1,0,207,34466.8,1,0,1,25591.5,33602.7,
4,5,4,209,161264,317,309,8,32014.9,38150.8,
0,1,0,211,36908.4,2,0,2,34130.9,18099.3,
0,1,0,211,7321.47,1,0,1,13987.1,37106.3,
0,1,0,212,10027.5,1,0,1,38565.6,32718,
1,2,1,212,86892.6,11,7,4,20708,9804.61,
0,1,0,212,44101.3,2,0,2,20886,23093.7,
1,2,1,213,73586.1,3,1,2,38136.6,31543,
0,1,0,214,89211.2,4,0,4,39246.8,9262.53,
0,1,0,217,8926.76,1,0,1,25658.5,22736.2,
0,1,0,218,38819.3,1,0,1,23666.3,4259.19,
0,1,0,220,16932.2,1,0,1,5157.5,20612.3,
16,17,16,223,2.49029e+06,1461,1380,81,17130.1,4095.05,
5,6,5,223,499847,469,449,20,26416.2,19835.4,
13,14,13,231,654688,114,91,23,20513.5,9218.21,
0,1,0,232,47793.3,2,0,2,5368.25,34258,
5,6,5,234,471761,273,260,13,27574.4,19166.1,
0,1,0,237,10898.3,1,0,1,37120.9,31873.8,
6,7,6,237,438530,244,231,13,25021.8,34329.7,
0,1,0,238,8037.87,1,0,1,37229.7,32084.5,
2,3,2,246,190765,65,59,6,37067.8,29491.9,
0,1,0,262,16720.2,1,0,1,28670.2,35542.2,
0,1,0,263,39712.8,1,0,1,26266.1,32145.7,
0,1,0,264,36981.8,1,0,1,27938.8,29786.7,
9,10,9,267,356777,297,282,15,25641.7,23337.9,
0,1,0,268,11769.5,1,0,1,21859.4,3448.87,
0,1,0,271,37630.7,1,0,1,25330.9,3193.88,
0,1,0,273,35975.2,1,0,1,25280.5,8122.03,
0,1,0,274,28972.2,2,0,2,25373.2,36974.4,
0,1,0,276,10452.6,1,0,1,17629.8,33974.6,
0,1,0,285,36981.5,1,0,1,26504.9,25046.1,
0,1,0,288,34877,1,0,1,4243,30125.8,
0,1,0,289,40165,1,0,1,21111.2,16383.5,
0,1,0,294,34532.8,1,0,1,32999.9,24754.2,
5,6,5,294,550660,314,291,23,10139.1,4191.2,
0,1,0,296,34495.5,1,0,1,29591.8,15941.5,
22,23,22,304,1.40417e+06,781,719,62,32785.2,18246,
0,1,0,309,32862.2,1,0,1,8267.12,24968.8,
1,2,1,310,46046.4,250,248,2,28255,29365.5,
5,6,5,312,841591,242,206,36,18371.5,2277.67,
0,1,0,312,36303.8,1,0,1,29549.4,24332.4,
0,1,0,317,19102.5,1,0,1,32461.9,21765.6,
0,1,0,319,29951,1,0,1,23041.7,26477.9,
0,1,0,328,10390.5,1,0,1,10993.5,30951.3,
0,1,0,329,37078.3,1,0,1,27146.2,13668.7,
0,1,0,330,38108.5,1,0,1,28378.9,16686.3,
0,1,0,330,70213.3,2,0,2,37247.9,24747,
1,2,1,332,63306.9,197,195,2,31862.1,40335.5,
0,1,0,338,7142.91,1,0,1,31207.9,30550.4,
0,1,0,338,16002.4,1,0,1,12834.1,35213.2,
0,1,0,338,17506.4,1,0,1,30184.9,29437.9,
0,1,0,340,40371,1,0,1,17284.5,18804.1,
3,4,3,340,138289,109,104,5,24798.2,37527.4,
0,1,0,344,8075.89,1,0,1,30466,27940.1,
2,3,2,345,134894,49,45,4,30306.3,34361.2,
0,1,0,346,39310.6,1,0,1,30934.3,24795.5,
0,1,0,347,14512.5,1,0,1,11623,28843.2,
0,1,0,355,7433.45,1,0,1,34079.4,24248.8,
0,1,0,355,36867.8,1,0,1,36007.6,23737.8,
0,1,0,359,34948.6,1,0,1,34506.5,2658.27,
3,4,3,362,586804,290,270,20,22177.6,18511.5,
2,3,2,362,175920,261,254,7,7167.52,30833.8,
0,1,0,369,32668.4,1,0,1,37710.1,29413.3,
2,3,2,370,236476,182,170,12,6237.37,19872.9,
0,1,0,373,12202.8,1,0,1,30676.2,32333.5,
0,1,0,378,13953.6,1,0,1,34646.9,1662.6,
0,1,0,380,26869.6,1,0,1,38104.2,5731.34,
0,1,0,382,72321.1,3,0,3,34509.3,23988,
0,1,0,384,9415.44,1,0,1,22527.1,13575.6,
0,1,0,395,319916,18,0,18,34185.7,26102,
5,6,5,399,1.6963e+06,489,415,74,31404.5,16168.2,
0,1,0,400,36920.9,1,0,1,25460,5217.86,
0,1,0,410,9959.15,1,0,1,26400.2,6988.95,
7,8,7,410,675626,453,423,30,23232.6,10586.2,
0,1,0,412,10988,1,0,1,23370.3,8756.91,
0,1,0,424,8394.39,1,0,1,32182.5,27697.7,
0,1,0,426,36008.9,1,0,1,30275,23343.6,
0,1,0,439,10536.6,1,0,1,34409.4,29588.4,
0,1,0,441,41790.2,1,0,1,8016.69,33442.3,
5,6,5,441,242897,25,17,8,10876.1,28863.3,
0,1,0,443,11294.9,1,0,1,35375.9,38538.8,
0,1,0,451,31904.6,1,0,1,25817.3,19934.7,
0,1,0,456,37184,1,0,1,32903.6,28714.8,
0,1,0,457,34272.6,1,0,1,26178.9,35677.3,
6,7,6,459,260765,353,342,11,10792.5,20000.4,
0,1,0,461,13728.9,1,0,1,35772.8,39285.8,
0,1,0,462,21112.5,1,0,1,34872.8,38270.5,
0,1,0,463,15834,1,0,1,27767.3,35883.9,
0,1,0,463,35844.1,1,0,1,34739.8,38024.4,
0,1,0,464,16288.6,1,0,1,34437.9,33938.7,
0,1,0,465,45671.4,1,0,1,23105.9,22415.8,
4,5,4,468,452887,101,82,19,32381.5,27502,
0,1,0,472,35978.2,1,0,1,31188.4,24986.4,
0,1,0,475,35272.4,1,0,1,21859.5,23873.2,
0,1,0,478,57524.1,2,0,2,7235.3,39852,
0,1,0,483,15420.2,1,0,1,17322.8,28816.6,
0,1,0,485,55066.9,2,0,2,16641.1,23666.7,
0,1,0,485,60901.5,2,0,2,23299.7,2454.3,
1,2,1,490,105782,7,3,4,13107.7,4686.52,
0,1,0,490,35135.6,1,0,1,7538.19,25560.2,
2,3,2,490,63004,13,10,3,25573.2,27759.6,
0,1,0,492,323689,13,0,13,6432.64,31558.9,
0,1,0,498,103674,4,0,4,39043.1,6754.31,
0,1,0,504,32155.1,1,0,1,32722.2,21576.8,
0,1,0,510,19074.9,1,0,1,13603.5,25355.8,
0,1,0,513,26014.3,1,0,1,22576.1,18405.9,
0,1,0,514,32879.4,1,0,1,27007.8,24932.6,
0,1,0,516,8822.15,1,0,1,22443.2,25682.3,
0,1,0,517,43387.2,1,0,1,9630.53,35743.1,
0,1,0,518,40073.5,1,0,1,23495.2,25474.6,
2,3,2,521,120935,8,2,6,19111.2,29655.6,
0,1,0,528,57601.7,2,0,2,40272.3,19115,
0,1,0,532,15207.2,1,0,1,33206.2,28462,
0,1,0,537,14456.4,1,0,1,24715.4,497.605,
0,1,0,537,27130.8,1,0,1,31959.4,37752.4,
0,1,0,538,38592.1,1,0,1,31815.7,31933.2,
0,1,0,538,10586.3,1,0,1,28080.6,21101.3,
0,1,0,538,43483.9,2,0,2,37209.3,9186.46,
0,1,0,540,56960.8,3,0,3,18002.6,32542.8,
0,1,0,547,37348,1,0,1,30948.3,31598.9,
0,1,0,548,13689.1,1,0,1,36824.1,32576.4,
1,2,1,549,90320.4,169,166,3,21616.2,25386.2,
0,1,0,550,69969.8,2,0,2,37749.2,30033.7,
2,3,2,552,187903,9,3,6,14256.2,15634.9,
0,1,0,555,39333.7,1,0,1,33035,25016.6,
4,5,4,556,409282,30,16,14,40225.1,34240.2,
0,1,0,556,33110.5,1,0,1,25933.1,29826.8,
0,1,0,563,34647.4,1,0,1,30906.4,28812.9,
0,1,0,564,33470.4,1,0,1,31487.5,28669.7,
0,1,0,566,37015.6,1,0,1,33905.3,31312,
0,1,0,567,12588.9,1,0,1,36586.8,4185.67,
0,1,0,567,9327.05,1,0,1,33985.2,30647.4,
0,1,0,571,61623.1,2,0,2,33659.8,11704.4,
3,4,3,573,99478.8,369,365,4,35028.9,23841.1,
0,1,0,586,141395,4,0,4,22709.4,30367.5,
0,1,0,586,23546.2,1,0,1,27727.4,10855.1,
0,1,0,588,15127.9,1,0,1,31880.8,24881.9,
0,1,0,589,34480.1,1,0,1,30247.3,25409.8,
0,1,0,589,22315.1,1,0,1,31410.4,29097.6,
0,1,0,589,81018.3,3,0,3,34357.8,26562.7,
3,4,3,589,476940,163,143,20,25760.2,31489.4,
0,1,0,590,27349.2,2,0,2,38069.7,1697.37,
0,1,0,591,73741,2,0,2,37050.9,2785.77,
0,1,0,592,16517.4,1,0,1,19287.6,25912.5,
0,1,0,596,9866.62,1,0,1,32472.5,33727.8,
1,2,1,597,86130,7,3,4,19018.9,31025.9,
1,2,1,597,269661,13,1,12,22106.1,960.519,
0,1,0,598,37038.3,1,0,1,20777.4,32399.3,
4,5,4,599,226989,78,72,6,39165.7,25528,
0,1,0,600,35376.3,1,0,1,21308.2,36592,
1,2,1,601,117498,9,3,6,13069.4,12025.1,
0,1,0,602,89985.9,4,0,4,21882.7,32447.2,
3,4,3,603,556716,88,68,20,30508.6,17608.9,
0,1,0,606,10616.9,1,0,1,12919.2,38427.1,
0,1,0,625,14327.6,1,0,1,29005.4,39074.2,
0,1,0,625,41307.2,1,0,1,28498.3,39269.3,
0,1,0,628,16960.1,1,0,1,39418.6,32478.9,
0,1,0,629,71042.4,2,0,2,13234.7,2465.83,
0,1,0,632,38201.6,1,0,1,35486.8,29349.9,
0,1,0,634,34161.5,1,0,1,32530.8,22352.7,
2,3,2,638,82101.6,84,79,5,31465,39436.7,
0,1,0,645,11504.8,1,0,1,30787.2,25076.2,
0,1,0,647,15892,1,0,1,19864.2,34750.5,
0,1,0,647,34552.7,1,0,1,26314.7,25183,
0,1,0,648,8047.93,1,0,1,22751.8,21988.3,
0,1,0,648,35490.9,1,0,1,25411.1,33466.1,
0,1,0,650,11315.1,1,0,1,24110,29756.4,
0,1,0,652,118909,5,0,5,15480.3,37992.1,
0,1,0,652,35484.2,1,0,1,26172.1,27840.9,
0,1,0,653,9221.87,1,0,1,28138.8,29555.3,
0,1,0,657,17075.4,1,0,1,26967.9,9944.13,
0,1,0,661,30249.8,1,0,1,21803.4,1231.56,
0,1,0,663,36878,1,0,1,23385.1,29430.6,
0,1,0,664,7975.55,1,0,1,26317.9,27649.5,
1,2,1,664,114637,232,227,5,12343.5,14872.7,
0,1,0,665,8265.34,1,0,1,13182.4,25474.9,
0,1,0,672,35013.7,1,0,1,39884.8,2503.56,
0,1,0,673,35944.8,1,0,1,6881.49,22853.2,
0,1,0,674,10419.4,1,0,1,17422.4,21030.4,
0,1,0,674,10881.2,1,0,1,30930.1,19518,
0,1,0,676,36323.3,1,0,1,38446.5,21847,
0,1,0,677,20615.9,2,0,2,10280.7,25914.7,
0,1,0,687,40730.9,1,0,1,28200.3,40211.4,
0,1,0,693,9926.04,1,0,1,38314.1,28981,
0,1,0,697,37894.3,1,0,1,36881.6,35951.2,
0,1,0,698,21159.2,1,0,1,6401.47,36922.4,
1,2,1,698,48520.1,4,2,2,6128.89,32775.7,
0,1,0,706,14633.9,1,0,1,37633,31464.8,
10,11,10,707,705901,1058,1033,25,24641.2,35554.1,
0,1,0,708,10424.8,1,0,1,31339.6,39691.1,
0,1,0,712,50909.2,2,0,2,16452.2,39167,
2,3,2,714,205666,57,50,7,27577.9,22763.2,
1,2,1,736,199455,64,55,9,36148,28272.5,
1,2,1,737,36123,124,122,2,38895.3,28427.4,
1,2,1,738,143797,116,111,5,17643.6,23710.9,
4,5,4,748,307330,262,247,15,22233.1,806.312,
0,1,0,752,31736.6,1,0,1,21734.2,37266.4,
2,3,2,752,64027.8,9,6,3,5669.81,1864.28,
1,2,1,758,36604.1,153,151,2,39683.4,23402.6,
0,1,0,771,14482,1,0,1,25194.9,19949.6,
0,1,0,778,23652.1,1,0,1,27657.8,28962.3,
0,1,0,782,35485.9,1,0,1,24002.3,34066.8,
0,1,0,787,9879.53,1,0,1,36558.2,8974.77,
1,2,1,796,308955,61,49,12,5598.84,16298.6,
0,1,0,797,23659.5,1,0,1,30475.6,28410.5,
1,2,1,801,137398,148,143,5,21627.4,10240.9,
1,2,1,804,38505.9,4,2,2,33563.6,16133.6,
6,7,6,808,226471,124,115,9,21750.3,31125,
1,2,1,819,79482.8,9,7,2,38252,36829.1,
0,1,0,826,31171.4,1,0,1,38603.8,35222.3,
0,1,0,828,38406.9,1,0,1,32314.3,32056.2,
0,1,0,834,13842,1,0,1,36979.7,18274.8,
0,1,0,838,32554.6,1,0,1,39999.7,14046.1,
1,2,1,839,159186,68,62,6,13488.2,40237.9,
0,1,0,839,296181,13,0,13,32843.5,12837.9,
0,1,0,843,34032.2,1,0,1,19811,14070,
0,1,0,844,36087.9,1,0,1,30317.3,7514.27,
0,1,0,848,70387.4,2,0,2,19490.2,23671.3,
0,1,0,849,10282.5,1,0,1,12585.1,14816.8,
13,14,13,854,1.29849e+06,606,553,53,6280.04,17830.2,
6,7,6,856,217701,151,140,11,28800.5,20746.7,
1,2,1,863,124000,38,33,5,25685.8,29463.2,
1,2,1,865,120888,6,4,2,8083.74,8382.76,
0,1,0,867,16814,1,0,1,33696.8,12944,
0,1,0,869,10695.2,1,0,1,38888.6,25993.7,
1,2,1,870,85517.7,37,33,4,28502.5,1199.29,
2,3,2,871,173793,11,3,8,25704.8,33495.4,
0,1,0,871,194595,8,0,8,22823.5,4726.56,
14,15,14,871,403702,644,627,17,28200.1,36467.6,
0,1,0,875,44040,1,0,1,23624.3,7279.99,
0,1,0,887,19160.5,1,0,1,34954.1,27070.2,
2,3,2,890,121336,7,2,5,25570.4,23255.1,
0,1,0,904,69892.5,3,0,3,17443.4,9705.02,
0,1,0,909,10381.1,1,0,1,31934.3,31162.4,
0,1,0,909,15198.6,1,0,1,24837,10139.4,
0,1,0,910,36309.3,1,0,1,35384.4,23601.4,
0,1,0,910,8024.16,1,0,1,32008.8,31403.7,
0,1,0,912,25691.7,1,0,1,22769,10833.6,
0,1,0,918,15967.6,1,0,1,37653.8,18901.4,
0,1,0,920,10124.5,1,0,1,34220.4,38065.3,
0,1,0,920,51263,2,0,2,25882.3,29577.1,
0,1,0,923,51387.2,2,0,2,25728.8,2380.99,
0,1,0,925,56817.5,2,0,2,1339.81,37558,
0,1,0,929,14198.7,1,0,1,6546.81,37055.2,
0,1,0,929,7840.13,1,0,1,26143.6,14890.7,
3,4,3,930,324787,195,185,10,26969.4,31255,
0,1,0,930,34543.3,1,0,1,24138,15465.4,
0,1,0,932,15876.3,1,0,1,38432.2,36549.4,
0,1,0,934,35607.6,1,0,1,28991.9,20856.4,
0,1,0,935,40919.4,1,0,1,26131.1,32887.7,
0,1,0,936,33368,1,0,1,19917.4,18315.8,
0,1,0,937,39080.3,1,0,1,27285.7,14528.8,
0,1,0,943,37795.3,1,0,1,5802.17,15861.4,
3,4,3,949,93677.1,329,325,4,6284.73,19862.6,
0,1,0,951,34291.5,1,0,1,35006,16924.3,
0,1,0,955,38446.3,1,0,1,30109.9,36114.7,
0,1,0,957,145918,6,0,6,29808.4,40219.5,
0,1,0,961,54947.1,3,0,3,18884.1,25156,
0,1,0,961,12711.4,1,0,1,31836.9,25044.4,
0,1,0,962,34992.8,2,0,2,30230.7,37777.4,
0,1,0,967,599632,25,0,25,27735.1,39078.9,
0,1,0,967,15226.6,1,0,1,15354.5,23107.7,
0,1,0,972,92624,4,0,4,29673.8,38020.4,
0,1,0,975,15954.8,1,0,1,27819,27652.7,
1,2,1,975,59364,22,19,3,11802.6,28682.4,
0,1,0,977,17016.7,1,0,1,25957.9,33424.9,
0,1,0,986,17509.4,1,0,1,32700,32643.2,
0,1,0,986,16183.6,1,0,1,30927.3,30959.7,
1,2,1,987,180773,24,16,8,18370.4,30883.5,
8,9,8,990,556018,347,321,26,21604.3,915.555,
0,1,0,1001,34178.4,1,0,1,38377.5,32649.2,
0,1,0,1008,39954.8,1,0,1,15655.8,741.912,
1,2,1,1008,62216.3,7,5,2,956.09,12544.5,
5,6,5,1010,1.10399e+06,431,392,39,39401.3,2985.76,
2,3,2,1018,287697,25,16,9,32433,10829.8,
0,1,0,1025,41062.8,1,0,1,32478.1,15694.6,
0,1,0,1025,43778.6,1,0,1,33287.3,15290.7,
0,1,0,1026,82399.3,2,0,2,26560.7,22052.8,
0,1,0,1028,40004.2,1,0,1,25896.6,5033.33,
0,1,0,1030,18978.1,1,0,1,33975.8,30352.8,
0,1,0,1034,57074.7,2,0,2,32758.2,27757.7,
0,1,0,1037,36661.4,1,0,1,33764.7,30431.9,
0,1,0,1041,35571.3,1,0,1,40201.1,23126.6,
0,1,0,1043,36147.9,1,0,1,27138.2,22102.8,
0,1,0,1048,13547.5,1,0,1,32432.1,30907.6,
0,1,0,1057,55142.7,2,0,2,34100.2,29017.2,
0,1,0,1059,15453.3,1,0,1,34253,28505.3,
0,1,0,1060,8830.77,1,0,1,34341.7,30486.2,
0,1,0,1061,17285.7,1,0,1,34192.8,30682,
0,1,0,1061,36792.2,1,0,1,33967.6,29462.9,
3,4,3,1073,392438,202,188,14,19243,30059.8,
0,1,0,1073,36440.8,1,0,1,13803.5,21604.4,
0,1,0,1075,9868.15,1,0,1,37652.4,12342.8,
0,1,0,1077,29954.1,1,0,1,27700.3,36366.7,
0,1,0,1081,39069.6,1,0,1,22460,20999.1,
0,1,0,1082,40772.6,1,0,1,22965.7,18282.5,
0,1,0,1083,25989.4,1,0,1,33093,24392.1,
0,1,0,1085,12041.9,1,0,1,25210.4,27954.1,
0,1,0,1086,37807.2,1,0,1,25742,24133.7,
0,1,0,1087,149007,6,0,6,11877.5,36235.7,
0,1,0,1095,10076.9,1,0,1,28998.5,33928,
0,1,0,1096,37280.5,1,0,1,31915.4,37778.2,
0,1,0,1103,14456.9,1,0,1,12792.1,34872,
0,1,0,1104,34788.3,1,0,1,3299.94,20597.5,
1,2,1,1112,54919.2,4,2,2,21645.9,19685.7,
0,1,0,1114,6922.53,1,0,1,37437.4,28172,
4,5,4,1114,199436,32,24,8,31737.9,18969.2,
0,1,0,1117,11772.2,1,0,1,30466.9,34431.9,
0,1,0,1118,70447.3,2,0,2,30208.7,33741.3,
0,1,0,1118,11835.6,1,0,1,10842.5,28036.2,
0,1,0,1120,38760.8,1,0,1,31262.4,37606.9,
0,1,0,1124,11764.6,1,0,1,2841.32,9846.61,
0,1,0,1133,32992.3,1,0,1,30702.5,28868.3,
4,5,4,1136,536690,364,346,18,9263.1,14368.6,
0,1,0,1137,38508,1,0,1,19199.4,36303.6,
0,1,0,1142,54643.4,2,0,2,26227.9,27893.4,
16,17,16,1151,532686,480,457,23,29431.7,22634.8,
0,1,0,1152,18622.2,1,0,1,35707.3,29755.1,
0,1,0,1152,34756.3,1,0,1,32461.6,33518.8,
0,1,0,1154,15072.9,1,0,1,29208.3,19191.6,
5,6,5,1155,507653,392,371,21,15887.3,24311.8,
0,1,0,1156,65051.4,2,0,2,28066.2,32783.1,
0,1,0,1157,13617.4,1,0,1,29082.8,32946.9,
2,3,2,1157,286803,15,4,11,38568,15223.2,
0,1,0,1158,7065.29,1,0,1,26987.3,34192.4,
0,1,0,1164,16681.5,1,0,1,31645.6,13392.5,
2,3,2,1167,494436,199,182,17,13343.3,35338.4,
0,1,0,1174,24077.7,1,0,1,33775.1,27411,
0,1,0,1175,42735.2,1,0,1,36592.9,32775.8,
0,1,0,1178,8282.06,1,0,1,36797.1,22504.3,
0,1,0,1179,37468.5,1,0,1,40048.9,30231.4,
0,1,0,1179,36521.3,1,0,1,34359.5,24413.4,
0,1,0,1182,15267.7,1,0,1,27172.4,16443.5,
0,1,0,1183,25743,1,0,1,28979,21258.9,
0,1,0,1184,35351.3,1,0,1,34591.2,20481.7,
0,1,0,1185,69814,2,0,2,17652,29194.6,
0,1,0,1185,22776.9,1,0,1,34742.4,20372.8,
0,1,0,1192,43156.6,1,0,1,37663.8,27841,
0,1,0,1192,34629.7,1,0,1,25261.4,26005.3,
0,1,0,1193,30108.2,1,0,1,15216.4,10162.3,
0,1,0,1193,35346.1,1,0,1,39635,27636.7,
0,1,0,1193,34971.9,2,0,2,13225.2,11432.3,
0,1,0,1198,37531,1,0,1,38536.5,22142,
0,1,0,1198,12761.5,1,0,1,38847.6,27206.3,
0,1,0,1198,16318.1,1,0,1,24490.1,22097.7,
0,1,0,1199,11927.4,1,0,1,38966,30216.7,
0,1,0,1201,41761.4,1,0,1,24936.5,29162.2,
0,1,0,1203,10312.1,1,0,1,39039.4,31456.7,
0,1,0,1205,51554,1,0,1,31645.6,31927.6,
0,1,0,1206,25619.4,1,0,1,11365.1,28422.8,
0,1,0,1206,47554.9,1,0,1,12725.4,8115.66,
0,1,0,1207,36919.8,1,0,1,13855.2,30319.1,
0,1,0,1213,38318.6,1,0,1,29747,22406.8,
0,1,0,1214,15952.5,1,0,1,33016.8,29337.8,
0,1,0,1214,25065,1,0,1,30968.6,18130.4,
0,1,0,1216,9501.21,1,0,1,34227,32758.8,
0,1,0,1220,13530.2,1,0,1,22272.2,28391.9,
0,1,0,1221,8966.68,1,0,1,21693,27039.8,
0,1,0,1238,34287,1,0,1,33977.3,5549.38,
1,2,1,1243,450075,29,14,15,22721.4,26170.7,
0,1,0,1246,11126.6,1,0,1,32595.8,20978.1,
0,1,0,1252,23280,1,0,1,25614,35347.5,
0,1,0,1254,27597.3,1,0,1,23447.8,33953.8,
0,1,0,1256,40753.3,1,0,1,22397,31281.3,
0,1,0,1257,42740.6,1,0,1,22813.2,30826.4,
0,1,0,1261,27101.1,1,0,1,27627.6,19642.1,
0,1,0,1265,23717,1,0,1,37480.9,20880.1,
0,1,0,1278,8647.61,1,0,1,9752.25,23029.9,
0,1,0,1280,104087,3,0,3,15771.2,18830.2,
0,1,0,1281,41909.8,1,0,1,19706.6,31253.3,
0,1,0,1285,81177,2,0,2,23900.1,33641.3,
0,1,0,1287,40401.1,1,0,1,11040.7,22760.3,
0,1,0,1289,10567.8,1,0,1,37914.5,14236.4,
0,1,0,1293,41612.7,1,0,1,28351.5,10942.3,
0,1,0,1298,9274.54,1,0,1,34871.4,15237.8,
0,1,0,1299,42626.8,1,0,1,12465.7,40093.5,
0,1,0,1303,29902.7,1,0,1,33206.6,12467,
0,1,0,1304,20834.6,1,0,1,31434,16166.5,
0,1,0,1309,19208.3,1,0,1,20613.2,24696.7,
1,2,1,1310,121928,4,1,3,15131.9,29112.7,
0,1,0,1310,15828.2,2,0,2,19875.3,25620,
0,1,0,1312,37068.4,1,0,1,4291.46,39926.1,
0,1,0,1312,42925.2,1,0,1,20116.5,25762.7,
11,12,11,1331,578186,808,786,22,37319.6,34107.9,
0,1,0,1333,109823,3,0,3,1003.28,27850.9,
0,1,0,1334,15783.9,1,0,1,15861.1,30566,
8,9,8,1336,1.85481e+06,550,481,69,11853.1,4456.32,
9,10,9,1340,1.05873e+06,432,386,46,18902,18058.7,
0,1,0,1342,10235.4,1,0,1,39130,4241.26,
0,1,0,1350,6976.02,1,0,1,30513.2,37167.1,
0,1,0,1352,49483.8,2,0,2,18607.5,34933.8,
6,7,6,1354,138200,82,75,7,38597.2,8475.02,
0,1,0,1356,13132.2,1,0,1,21117.4,33630.7,
0,1,0,1361,38593.1,1,0,1,34239.2,25353.8,
0,1,0,1362,12128.6,1,0,1,28541.3,32659.9,
0,1,0,1363,31537.9,1,0,1,25770.6,36293.1,
0,1,0,1365,9500.69,1,0,1,30749.6,15158.3,
0,1,0,1366,22707.1,2,0,2,21075.3,36947.4,
0,1,0,1370,7939.66,1,0,1,30815.9,38698.6,
0,1,0,1372,33720.1,1,0,1,37273.9,28411.5,
0,1,0,1372,122544,8,0,8,29854,25356.5,
0,1,0,1372,40141.1,1,0,1,24171.4,27603.6,
0,1,0,1372,10829.5,1,0,1,36422.4,29651.4,
0,1,0,1385,12301.3,1,0,1,30103.1,20621.5,
0,1,0,1386,37260.3,1,0,1,28030.1,3193.13,
0,1,0,1388,26855.9,2,0,2,37891.4,8509.97,
8,9,8,1390,367133,254,238,16,32669.6,38245.7,
0,1,0,1396,38969.4,1,0,1,34100.7,29688.4,
0,1,0,1400,45341,2,0,2,37554.6,36136.4,
0,1,0,1404,53664.3,2,0,2,2382.13,19499,
0,1,0,1406,42700.4,1,0,1,12360.6,31516,
0,1,0,1411,12427.4,1,0,1,30927.4,21808.1,
0,1,0,1413,251187,11,0,11,3162.64,38043.4,
5,6,5,1416,370436,211,195,16,20281.7,31685.7,
0,1,0,1418,43379.3,1,0,1,33146.2,12884.2,
0,1,0,1418,12978.1,1,0,1,12827.2,28053.8,
0,1,0,1422,10035.5,1,0,1,28251.3,20872.1,
0,1,0,1426,12404.8,1,0,1,38611.7,24892.9,
4,5,4,1426,228441,199,188,11,36361.4,33328.1,
0,1,0,1427,6471.37,1,0,1,31384,30656.2,
0,1,0,1427,11047.2,1,0,1,38626.9,24512.1,
0,1,0,1431,21379.5,1,0,1,27131,21797.2,
0,1,0,1436,21294.7,1,0,1,26097.5,32268.3,
0,1,0,1441,46120.6,1,0,1,33540,34923.7,
0,1,0,1447,12604.8,1,0,1,26220.4,34139,
2,3,2,1454,105558,57,50,7,26274.3,29774.3,
8,9,8,1454,1.16722e+06,370,325,45,39415.8,6086.47,
0,1,0,1461,9587.33,1,0,1,29123,24070,
4,5,4,1464,109188,16,11,5,25714.9,23343.1,
11,12,11,1465,1.42714e+06,355,293,62,3344.32,20560.6,
0,1,0,1465,10061.5,1,0,1,33130,30660,
0,1,0,1478,30030.6,1,0,1,6151.24,35564.3,
0,1,0,1479,12139.8,1,0,1,37559.3,24668.9,
0,1,0,1479,37183,1,0,1,37687.5,32497.9,
0,1,0,1489,57068,3,0,3,36885.8,15376.6,
1,2,1,1494,72975.8,4,1,3,24306.2,832.362,
0,1,0,1495,14722.2,1,0,1,21896,22115.7,
0,1,0,1498,27826.6,1,0,1,7775.34,10697.5,
0,1,0,1503,40416.4,1,0,1,31659.8,27687.8,
0,1,0,1510,29809.2,1,0,1,38553.5,3613.15,
0,1,0,1510,11242.7,1,0,1,34905.9,10843.8,
0,1,0,1510,36909.1,1,0,1,29809,37770.7,
0,1,0,1511,6352.33,1,0,1,30017,37693.8,
0,1,0,1511,10797.6,1,0,1,26715.7,25404.1,
0,1,0,1511,139956,8,0,8,34007.7,11062.6,
0,1,0,1518,14106.5,1,0,1,771.284,40250.9,
0,1,0,1520,31422.9,1,0,1,28264.5,11080.8,
0,1,0,1521,7721.2,1,0,1,32473.8,40207.5,
0,1,0,1526,29728.4,1,0,1,26500.7,31782.8,
2,3,2,1541,178249,171,163,8,17465.4,38605.7,
0,1,0,1544,55896.4,2,0,2,36326,33292.5,
0,1,0,1544,32049.6,1,0,1,9721.01,18454,
0,1,0,1559,22636.4,2,0,2,24681.5,19623.4,
4,5,4,1562,191785,25,15,10,27936.8,22059.6,
0,1,0,1567,43811,2,0,2,15091.3,2527.59,
0,1,0,1569,38844.3,1,0,1,28307.3,38232.7,
0,1,0,1569,8435.14,1,0,1,34813.2,25594.8,
0,1,0,1571,10925.9,1,0,1,17460.4,6363.14,
1,2,1,1574,50859.6,5,3,2,11694.5,29587.3,
0,1,0,1575,36307.5,1,0,1,36292.7,36566.5,
0,1,0,1575,7551.16,1,0,1,38309.7,23510.7,
0,1,0,1576,10260,1,0,1,36102.1,36430.2,
0,1,0,1580,39946.9,1,0,1,32737.8,13216.4,
0,1,0,1582,42694.6,1,0,1,4047.93,36966.9,
9,10,9,1587,240829,41,30,11,36617.4,3496.66,
2,3,2,1588,200536,17,9,8,33013.6,38353.5,
0,1,0,1592,11710.9,1,0,1,10119.2,30995.6,
0,1,0,1605,41717.3,1,0,1,26955.7,24020.2,
2,3,2,1606,85913.9,10,6,4,34807,5879.32,
13,14,13,1608,1.88137e+06,926,839,87,21882.2,23826.8,
0,1,0,1609,41732.8,1,0,1,32767.1,3489.44,
0,1,0,1611,15411.3,1,0,1,34811.5,30590.1,
2,3,2,1612,179351,134,127,7,20594.2,32623.5,
0,1,0,1616,45788.7,1,0,1,27431.8,27970.1,
0,1,0,1617,20053.1,1,0,1,17924.5,36918.2,
0,1,0,1621,13736.5,1,0,1,32191.9,37250.6,
0,1,0,1621,54233.2,2,0,2,8761.18,39073.5,
0,1,0,1621,88709.8,2,0,2,29976.7,25232.9,
0,1,0,1624,43163.9,1,0,1,33350.9,23969.3,
0,1,0,1625,35539.9,2,0,2,39801.7,24351.2,
1,2,1,1626,60660,4,1,3,34745,33593.1,
0,1,0,1629,40870.2,1,0,1,36377,32139.5,
0,1,0,1630,40852.1,1,0,1,36545.1,31735.8,
0,1,0,1630,43917.8,1,0,1,36618.3,32184.3,
0,1,0,1631,37218.4,1,0,1,38171.9,32733.8,
0,1,0,1631,29392.2,2,0,2,37826.1,27371.2,
0,1,0,1633,8183.04,1,0,1,36393.2,36353.5,
0,1,0,1654,45568.9,1,0,1,24602.5,25549,
0,1,0,1664,43411.1,1,0,1,35351.4,30043.5,
5,6,5,1666,282184,144,135,9,39664.9,27901.5,
0,1,0,1677,10852.4,1,0,1,32073.5,31785.4,
0,1,0,1679,10809.1,1,0,1,35275.1,29686,
0,1,0,1682,11964.6,1,0,1,16260.7,28424,
0,1,0,1703,7846.79,1,0,1,28463.3,31144.2,
0,1,0,1705,90909.8,3,0,3,15349.4,24866.1,
0,1,0,1709,41874.7,1,0,1,28171.9,33235.3,
3,4,3,1712,242724,109,97,12,24287.7,34558.9,
0,1,0,1718,11703.1,1,0,1,37103.5,35099.2,
0,1,0,1729,8471.15,1,0,1,1795.75,16166.1,
0,1,0,1730,30408.4,2,0,2,33506.5,21964.5,
0,1,0,1730,9364.55,1,0,1,34413,20495.5,
0,1,0,1736,26427.5,2,0,2,1577.63,40028.4,
10,11,10,1747,968665,733,692,41,40122.5,28947.5,
0,1,0,1749,52234.3,2,0,2,33059.8,24852.9,
0,1,0,1752,9079.24,1,0,1,40021,27455.1,
0,1,0,1770,12132.8,1,0,1,28071.7,11470.1,
0,1,0,1772,25327.9,1,0,1,34129.9,30601.6,
0,1,0,1777,37072.7,1,0,1,12082.6,30948.6,
0,1,0,1786,42774,2,0,2,33459.2,6906.77,
0,1,0,1794,22151,1,0,1,19294.9,3946.34,
0,1,0,1795,26646.6,1,0,1,27311.6,9377.74,
0,1,0,1795,38196.5,1,0,1,31500,27745.2,
0,1,0,1797,13543.5,1,0,1,14617.7,576.094,
0,1,0,1804,12525.4,1,0,1,37962.2,25185.1,
10,11,10,1806,775809,814,781,33,15705.2,23185.8,
0,1,0,1812,12567.6,1,0,1,37303.2,36093.5,
0,1,0,1813,11530,1,0,1,29554.6,18904.8,
0,1,0,1842,38536.8,1,0,1,19127.1,4081.29,
0,1,0,1842,10348.3,1,0,1,23864.7,4405.3,
0,1,0,1844,51160.7,2,0,2,22665.6,37216,
0,1,0,1844,9501.77,1,0,1,21343,1228,
0,1,0,1848,11195.3,1,0,1,34942.9,10383.8,
0,1,0,1861,65291.9,3,0,3,35477.8,38171.7,
0,1,0,1866,12223,1,0,1,8150.82,8388.03,
0,1,0,1868,54733.2,2,0,2,39215.8,24939.3,
0,1,0,1871,9100.87,1,0,1,33959.1,28498.4,
0,1,0,1871,14827.7,1,0,1,24413.8,23691.9,
0,1,0,1872,12706.3,1,0,1,33035.2,31060.4,
0,1,0,1872,43886.1,1,0,1,32830.2,30409,
0,1,0,1876,12597,1,0,1,24397.7,27582.6,
0,1,0,1877,144745,8,0,8,23712.6,28258.5,
1,2,1,1878,79571.9,5,1,4,26857.8,28401.4,
0,1,0,1884,10807.7,1,0,1,3908.28,3408.14,
0,1,0,1889,13901.4,1,0,1,21787.5,37254.1,
4,5,4,1896,287663,406,392,14,6878.81,35077.5,
7,8,7,1899,1.00402e+06,576,531,45,13539.5,18988.7,
0,1,0,1900,7755.82,1,0,1,32380.8,9572,
1,2,1,1917,25215,90,88,2,4094.12,32502.2,
0,1,0,1921,34223.4,1,0,1,29742.5,22603.6,
0,1,0,1932,14133.1,1,0,1,12819.2,1094.06,
0,1,0,1934,30352.1,1,0,1,23998.5,15190.3,
0,1,0,1937,49760.4,2,0,2,11338,16663.6,
9,10,9,1940,427232,329,308,21,30954.8,39881.6,
1,2,1,1943,131749,18,12,6,25732.9,23337.3,
0,1,0,1947,38841.7,1,0,1,37396.9,32364.3,
0,1,0,1953,32412,1,0,1,20297,31664.4,
0,1,0,1956,110143,6,0,6,11811.8,34546.5,
0,1,0,1958,40291.5,1,0,1,23510.4,34264.1,
0,1,0,1959,50755.1,2,0,2,20378.6,17605.2,
0,1,0,1963,58281.1,3,0,3,34166.3,20219.6,
0,1,0,1965,12812.4,1,0,1,7967.55,39928.3,
0,1,0,1966,34104.2,1,0,1,31589.6,30917.4,
0,1,0,1966,11448.9,1,0,1,34368,25769.7,
0,1,0,1966,35370.7,1,0,1,31030.6,32373.4,
0,1,0,1967,10030.1,1,0,1,23539.4,34014.4,
0,1,0,1969,10778.6,1,0,1,23512.5,33398.1,
0,1,0,1973,32564,1,0,1,26645.7,24293.1,
3,4,3,1976,136513,22,17,5,20195.8,30808.8,
2,3,2,1981,366563,95,83,12,7403.65,15554.5,
0,1,0,1982,7168.87,1,0,1,23553.9,13485.9,
14,15,14,1983,593251,1046,1017,29,27042.5,33826.2,
0,1,0,1984,35978.7,1,0,1,16133.6,17639.4,
21,22,21,1986,1.84386e+06,1019,947,72,1222.13,37419,
0,1,0,1987,17192.1,1,0,1,30079.4,26010.8,
7,8,7,1987,599039,396,370,26,20077.8,4054.67,
0,1,0,1991,40102.7,1,0,1,29715,34999.7,
0,1,0,1991,40530.6,1,0,1,24177.1,15383.9,
1,2,1,1999,106520,243,240,3,9290.58,21553.5,
2,3,2,2000,338727,19,2,17,7639.32,27946.2,
0,1,0,2001,40290.5,1,0,1,15382.8,34401.9,
0,1,0,2003,7635.43,1,0,1,16430.5,31348.8,
0,1,0,2004,20936.1,2,0,2,35627.5,35952.3,
0,1,0,2005,13309.5,1,0,1,23461,31489.4,
0,1,0,2006,45327,1,0,1,37330.3,39824.4,
0,1,0,2009,10420.6,1,0,1,36281.7,25583.4,
0,1,0,2014,14468.6,1,0,1,37124.4,12628,
0,1,0,2017,17769.1,1,0,1,28028.3,16834.6,
2,3,2,2019,109964,57,53,4,32689.3,38234.8,
0,1,0,2024,37952.9,1,0,1,18951.1,39884,
0,1,0,2030,40524.9,1,0,1,31672.6,38974.1,
11,12,11,2034,1.21795e+06,809,761,48,24690.4,31904.9,
0,1,0,2036,15529.2,1,0,1,33878.2,30274.5,
0,1,0,2036,19141.6,1,0,1,8159.39,22950.4,
4,5,4,2038,159124,162,155,7,35098.1,33813.3,
3,4,3,2045,137874,24,19,5,28514.7,29825.9,
0,1,0,2050,42454.1,3,0,3,35751.3,29688.6,
0,1,0,2050,43435.6,1,0,1,37102.6,31101.5,
0,1,0,2054,19026.5,1,0,1,28818.1,24810.9,
0,1,0,2061,16046.3,1,0,1,33432.7,27350.1,
0,1,0,2061,14552.5,1,0,1,23838.4,15224.4,
0,1,0,2066,24528.8,1,0,1,38230,40272.1,
0,1,0,2070,17840.8,1,0,1,31202.3,38061.2,
0,1,0,2072,12734.1,1,0,1,35054.1,33177.7,
0,1,0,2073,21963.9,1,0,1,34653.6,32537.4,
0,1,0,2074,42885.7,1,0,1,32020.8,31365.2,
1,2,1,2075,91663.5,17,13,4,25003.4,32879.3,
0,1,0,2075,39013.6,1,0,1,33801.6,31376.2,
0,1,0,2076,7413.98,1,0,1,33140,31830.8,
2,3,2,2077,203568,29,20,9,29243.6,16216.5,
0,1,0,2077,32143.8,2,0,2,24839.5,10100,
0,1,0,2077,91736.9,4,0,4,21545.1,31215.5,
0,1,0,2079,104081,5,0,5,34607.2,4632.88,
0,1,0,2086,7250.19,1,0,1,30372,20554.6,
0,1,0,2088,15367.1,1,0,1,24602.8,13236.2,
0,1,0,2095,36933.5,1,0,1,33560.8,19030.8,
2,3,2,2096,70995.1,44,40,4,37783.1,31452.9,
0,1,0,2100,36812.6,1,0,1,36530,33768.4,
0,1,0,2101,8753.77,1,0,1,5931.47,33561.7,
0,1,0,2103,11128.9,1,0,1,36246.5,25321.3,
0,1,0,2103,8743.24,1,0,1,36148.4,23486.7,
0,1,0,2111,13180.7,1,0,1,6315.09,19884.8,
0,1,0,2115,43467.8,1,0,1,18241.2,3720.97,
5,6,5,2116,467303,86,67,19,33463,6927.94,
3,4,3,2121,830343,123,90,33,35688.5,29276.8,
0,1,0,2136,41781.1,1,0,1,3431.82,23150.2,
0,1,0,2142,14061.8,1,0,1,7732.48,40143.6,
0,1,0,2144,378769,14,0,14,6839.3,40091.1,
1,2,1,2144,125154,8,4,4,37838,21550.5,
0,1,0,2146,38646.6,1,0,1,20866.1,33271.4,
0,1,0,2147,43197.2,2,0,2,24356.1,34457.5,
0,1,0,2147,9512.42,1,0,1,23093,32516.9,
0,1,0,2148,16996.2,1,0,1,23956.4,33757.1,
0,1,0,2148,23895.8,1,0,1,25236.2,33646.1,
0,1,0,2149,37121.1,1,0,1,22840.5,32828.2,
0,1,0,2156,10138.8,1,0,1,24873.4,32558.2,
8,9,8,2156,568328,181,155,26,32856.7,21898.7,
0,1,0,2156,41778.9,1,0,1,36362.3,7523.88,
0,1,0,2157,12238.5,1,0,1,39231.1,39276,
0,1,0,2157,28593.6,1,0,1,40176,33421.2,
0,1,0,2160,37552,1,0,1,16951.9,11849.5,
0,1,0,2174,70891.5,3,0,3,37154.4,32237.8,
1,2,1,2180,236144,55,47,8,35283.6,17538.4,
0,1,0,2181,9331.39,1,0,1,24833.8,25387.8,
0,1,0,2183,26766.3,1,0,1,38095,39518.5,
1,2,1,2186,97396.2,49,45,4,23383.2,28393.1,
0,1,0,2187,42693.8,1,0,1,33746.6,21237.9,
5,6,5,2188,152654,165,159,6,39358.2,9249.1,
0,1,0,2190,8614.69,1,0,1,36935.7,34919.9,
0,1,0,2190,26059.4,1,0,1,32997.9,18301.2,
0,1,0,2191,37214.4,1,0,1,34142.5,24227.4,
0,1,0,2199,16573.7,1,0,1,18467.8,29596.9,
0,1,0,2199,9976.64,1,0,1,22798.3,9467.47,
0,1,0,2200,43144.3,1,0,1,22825.3,31192.3,
0,1,0,2201,21799.3,1,0,1,16849.4,7848.16,
0,1,0,2209,13721.1,1,0,1,15745.8,37484.5,
0,1,0,2210,46853.5,2,0,2,29490.3,28876.5,
0,1,0,2211,8839.51,1,0,1,8475.37,39256.9,
0,1,0,2223,15879.6,1,0,1,28401.2,2595.52,
0,1,0,2223,41360.8,1,0,1,18119.6,34771.5,
2,3,2,2228,307839,35,22,13,26527.3,22197.7,
8,9,8,2229,934881,819,780,39,35476.1,4611.01,
1,2,1,2229,200703,20,14,6,3495.24,40289.6,
0,1,0,2233,43798.6,2,0,2,28915,32464.6,
0,1,0,2234,43310.5,1,0,1,36263,35033.2,
0,1,0,2235,45687.4,1,0,1,38032.6,36643.3,
0,1,0,2239,29654.5,1,0,1,8904.94,16589.8,
0,1,0,2241,30898.4,1,0,1,8464.24,35816.1,
0,1,0,2243,7048.16,1,0,1,35839.2,29204.5,
0,1,0,2243,37477,1,0,1,9334.78,18703.4,
1,2,1,2252,79213.4,5,3,2,14525.1,20474.4,
0,1,0,2254,7608.95,1,0,1,37022.6,32332.2,
0,1,0,2254,11324.7,1,0,1,36190.3,30060.7,
0,1,0,2256,13204,1,0,1,36626,30773.3,
0,1,0,2258,41377.7,1,0,1,33919.2,34253.4,
0,1,0,2263,340914,12,0,12,26361.3,23658.5,
0,1,0,2265,44693.2,1,0,1,5614.1,22724.7,
0,1,0,2271,10666.9,1,0,1,13322.1,34136.9,
1,2,1,2271,57184.4,184,182,2,24770.9,22650.5,
0,1,0,2272,49882.3,1,0,1,12736.9,34579.3,
0,1,0,2273,12311.5,1,0,1,12551.6,34647.4,
0,1,0,2274,45660.8,1,0,1,1682.25,35742,
0,1,0,2288,45762.4,1,0,1,33787.9,37369,
0,1,0,2292,10216,1,0,1,22125.9,18263.4,
7,8,7,2294,1.03407e+06,585,547,38,27414.9,37932.4,
0,1,0,2295,12134.2,1,0,1,33776.8,30958.5,
0,1,0,2297,37345.2,1,0,1,20510.4,37981.3,
4,5,4,2314,152141,566,560,6,4106.32,32500.7,
0,1,0,2315,14156.5,1,0,1,27040.7,36420.3,
0,1,0,2317,675841,24,0,24,5950.83,30096,
0,1,0,2317,12915.3,1,0,1,26698.8,19338.4,
0,1,0,2319,90480.2,3,0,3,33291.8,26389.5,
0,1,0,2326,12165.2,1,0,1,34822.8,11354.4,
0,1,0,2333,42621.1,3,0,3,20401.2,17598.2,
0,1,0,2338,17069.5,1,0,1,6715.23,23707.8,
0,1,0,2340,39475,1,0,1,21649.6,34542.7,
2,3,2,2346,88614.1,76,70,6,22732.3,5299.09,
0,1,0,2351,44077.8,1,0,1,22778.6,18110.9,
0,1,0,2357,51780.7,2,0,2,33892.8,35479.4,
21,22,21,2357,2.30869e+06,1002,905,97,26416,5523.81,
0,1,0,2359,9958.73,1,0,1,29864.4,36562.4,
41,42,41,2363,1.88559e+06,1622,1550,72,30583.2,30734.1,
3,4,3,2372,384911,58,49,9,37125.8,34987.9,
0,1,0,2381,55780,1,0,1,31975.9,27907.3,
15,16,15,2384,1.33369e+06,878,825,53,20759.1,30360.8,
0,1,0,2387,12981.8,1,0,1,25030.4,25137.5,
0,1,0,2388,73124.7,3,0,3,39257.8,31503.4,
0,1,0,2390,67878,4,0,4,26369,9738.86,
4,5,4,2391,469213,112,90,22,34127.2,28413.7,
0,1,0,2397,14211.5,1,0,1,33047.1,34470.7,
0,1,0,2406,36368.8,1,0,1,35945.8,8453.09,
0,1,0,2409,27069.2,1,0,1,20665,28516.5,
0,1,0,2409,29594.7,1,0,1,33956.8,30145.4,
0,1,0,2419,10212.4,1,0,1,28059.7,17965.7,
0,1,0,2420,75853.2,2,0,2,18133.7,755.843,
0,1,0,2428,20258.6,1,0,1,33550.8,24999.7,
0,1,0,2429,9979.31,1,0,1,35601.2,25598,
0,1,0,2430,36969.2,1,0,1,36001.5,29539.2,
0,1,0,2431,21176.8,1,0,1,38803.5,28405.1,
0,1,0,2431,18461.8,1,0,1,39464.8,27980.4,
0,1,0,2438,10118.8,1,0,1,25746.6,23392.6,
0,1,0,2441,34873.3,1,0,1,34162.6,36834.6,
0,1,0,2441,12883,1,0,1,38178.1,31023.9,
1,2,1,2445,54046.8,8,6,2,11727,29590.5,
0,1,0,2451,13921.5,1,0,1,4908.29,37304.9,
0,1,0,2456,15387.5,1,0,1,3833.48,34294.3,
0,1,0,2457,18339.8,1,0,1,14655.9,21565.6,
6,7,6,2466,622086,234,209,25,33083.1,20738.9,
0,1,0,2467,8012.76,1,0,1,33198.6,38808.4,
1,2,1,2467,91979,4,1,3,36879.5,39810.9,
2,3,2,2474,53893.1,264,261,3,24691.9,35519.1,
0,1,0,2474,34026.5,2,0,2,28850.7,20722,
0,1,0,2483,39198.7,1,0,1,37613.7,28733.5,
8,9,8,2489,413155,139,120,19,28331.3,31861.8,
0,1,0,2495,121430,3,0,3,33551,21459.8,
0,1,0,2498,38735.6,1,0,1,34397.7,22754.3,
2,3,2,2504,325759,55,45,10,23397.8,19947.9,
0,1,0,2508,37936.1,1,0,1,3654.04,5146.17,
7,8,7,2508,360100,240,226,14,23296.4,30117.7,
0,1,0,2513,55103.2,2,0,2,5654.91,12159.1,
0,1,0,2519,43078,1,0,1,21652.3,28825.3,
1,2,1,2520,80304.3,3,1,2,22738.8,27156.7,
0,1,0,2522,29258.7,1,0,1,29065.2,26808.4,
0,1,0,2526,47678.2,1,0,1,32298.2,28710.3,
0,1,0,2526,41822,1,0,1,27605.4,15415.1,
0,1,0,2526,21962,1,0,1,31205.3,29102.2,
0,1,0,2531,19200.4,1,0,1,18309.5,39342.3,
0,1,0,2539,54216.1,2,0,2,19767.5,7999.62,
3,4,3,2540,113932,289,285,4,33794.5,17855.1,
0,1,0,2543,15875.9,1,0,1,33435.6,38904,
0,1,0,2557,38821.5,1,0,1,35819.8,9965.97,
0,1,0,2557,14795.4,1,0,1,12409.8,37799.5,
0,1,0,2558,35739.8,1,0,1,5621.16,34752.2,
0,1,0,2558,14073.2,1,0,1,36271.3,26555.2,
4,5,4,2558,419812,177,161,16,33476.9,6915.68,
0,1,0,2561,36165.9,1,0,1,36249.5,33434.8,
12,13,12,2581,458398,749,729,20,18841.7,12624.9,
0,1,0,2584,38999.5,1,0,1,32634.5,38201,
0,1,0,2584,39596,1,0,1,35746.7,19505.8,
0,1,0,2588,45672,1,0,1,35400.5,29337.4,
0,1,0,2589,45467.5,1,0,1,32177.6,27807.4,
1,2,1,2594,69664.3,90,87,3,35112.1,33816.4,
0,1,0,2594,38208.4,1,0,1,10842.9,2266.71,
6,7,6,2594,290393,693,681,12,26416.1,39278.9,
0,1,0,2609,19595.4,1,0,1,7199.56,39101.4,
0,1,0,2610,40774.6,1,0,1,38514.5,20036.6,
0,1,0,2611,39550.8,1,0,1,33532.6,33973.4,
0,1,0,2614,8106.58,1,0,1,13326.4,35055.4,
0,1,0,2614,13827.1,1,0,1,26007.4,13555,
0,1,0,2616,39531.9,1,0,1,14967.9,34048.4,
0,1,0,2617,14982.4,1,0,1,26477.9,30118.9,
0,1,0,2618,34712.2,1,0,1,40309.1,30498.3,
0,1,0,2618,16810.5,1,0,1,23758,30555,
0,1,0,2619,41239.1,1,0,1,23955.7,30854.9,
29,30,29,2619,1.86837e+06,1010,943,67,19658,22772.1,
0,1,0,2620,83410.9,4,0,4,26862.5,33815.1,
0,1,0,2620,18531.6,1,0,1,39511.2,31750,
0,1,0,2620,37053.2,1,0,1,39250.5,30004.5,
0,1,0,2621,46726.7,2,0,2,23641.3,25178,
1,2,1,2624,569502,78,60,18,18157.8,4389.42,
1,2,1,2638,165091,132,128,4,29109.2,19981.5,
0,1,0,2642,79937,3,0,3,9606.82,6180.97,
0,1,0,2643,69929.3,2,0,2,33785.1,36076.7,
0,1,0,2644,17748.9,1,0,1,780.487,26915.9,
0,1,0,2646,10159.6,1,0,1,6941.55,35098.4,
0,1,0,2648,22374.2,1,0,1,24681.3,33156.9,
0,1,0,2650,17645.4,1,0,1,30728,37519.1,
0,1,0,2653,45222,2,0,2,11381.3,28697.2,
0,1,0,2654,36944.6,1,0,1,30052.3,29045.4,
0,1,0,2657,11552.9,1,0,1,12043.3,37426.9,
1,2,1,2657,55590,233,231,2,32915.7,34010.5,
0,1,0,2658,14301.5,1,0,1,14986.2,535.834,
0,1,0,2659,7117.29,1,0,1,33927.8,21425.8,
0,1,0,2659,14974.8,1,0,1,34785.9,30675.9,
0,1,0,2662,30403.6,2,0,2,11801.3,26670.4,
0,1,0,2663,22232.6,1,0,1,21924,37124.5,
0,1,0,2663,35882,1,0,1,21274.4,34007.2,
0,1,0,2663,9482.32,1,0,1,17148,743.386,
0,1,0,2664,8652.85,1,0,1,40277.8,8693.75,
0,1,0,2664,22587.8,1,0,1,29778.5,31519.4,
0,1,0,2666,24399.7,2,0,2,26910.8,22527.4,
0,1,0,2667,80096,3,0,3,7470.89,15436.3,
0,1,0,2667,20997.1,1,0,1,25873,39266.8,
0,1,0,2676,18032.2,1,0,1,9224.74,10381.5,
0,1,0,2677,15101.4,1,0,1,32573.4,35501.2,
0,1,0,2678,15594.7,1,0,1,37995.3,37444.7,
0,1,0,2678,69293.8,2,0,2,9812.53,33900.6,
5,6,5,2679,359806,259,244,15,22227.3,11452.4,
0,1,0,2680,21621,1,0,1,34206.8,27662.8,
0,1,0,2683,31506.9,1,0,1,31489.1,24771.9,
0,1,0,2683,36689,1,0,1,25795.4,21612.4,
4,5,4,2684,138361,27,20,7,25927.9,22276.1,
2,3,2,2684,153592,40,34,6,2827.21,11849.7,
0,1,0,2685,39108,1,0,1,10806.1,37319.8,
0,1,0,2688,154125,6,0,6,5336.08,36452.6,
2,3,2,2689,687601,172,142,30,6898.94,34868.3,
3,4,3,2694,360121,204,189,15,27244.7,22511.5,
0,1,0,2699,31461.4,2,0,2,33325.8,21705.6,
1,2,1,2699,124756,26,21,5,16896.5,35099.4,
0,1,0,2706,38184.9,1,0,1,1473.64,33326.2,
0,1,0,2707,35053,1,0,1,31401.3,22235.8,
0,1,0,2709,31389.7,1,0,1,38960.4,26577.9,
0,1,0,2709,38268.6,1,0,1,39604.2,24750.4,
0,1,0,2709,36729.4,1,0,1,14444.1,37423.3,
0,1,0,2710,41266.8,1,0,1,13186.7,36773,
0,1,0,2716,38553.1,1,0,1,28899,28530.9,
0,1,0,2717,34152.9,1,0,1,18228.7,19233.6,
0,1,0,2722,78368.5,2,0,2,15680.5,37538.9,
0,1,0,2723,47598.5,1,0,1,31444.3,37726.7,
6,7,6,2725,546900,39,20,19,29488.7,23281.9,
0,1,0,2727,100964,4,0,4,22431.6,21829,
2,3,2,2729,480887,112,92,20,35652.2,34941.2,
1,2,1,2729,71688.3,13,10,3,27857.9,29254.8,
0,1,0,2731,37877.2,1,0,1,22019.5,5755.12,
0,1,0,2731,26473.3,1,0,1,15806.1,28695.6,
0,1,0,2737,37696.1,1,0,1,23657.4,34139.5,
0,1,0,2739,18501.8,1,0,1,12162.6,37854.6,
6,7,6,2740,539623,351,327,24,20796.8,27984.7,
0,1,0,2741,11546.5,1,0,1,21146,28634.6,
7,8,7,2748,1.19571e+06,184,127,57,38060.1,2025.76,
0,1,0,2761,12538,1,0,1,19089.3,27118.3,
0,1,0,2766,33216.9,1,0,1,27478.2,27372.2,
0,1,0,2768,19037.7,1,0,1,19217,706.629,
18,19,18,2769,1.99071e+06,1167,1079,88,26438.5,18894.3,
0,1,0,2770,8369.95,1,0,1,27378,16476.1,
0,1,0,2774,26168.7,1,0,1,31707.3,29992.7,
0,1,0,2776,24739.9,1,0,1,30077.2,25933.1,
0,1,0,2778,31496.7,1,0,1,31620.3,13800.5,
0,1,0,2780,14026.6,1,0,1,19139.2,28292,
0,1,0,2780,32461.9,1,0,1,20995,30770.1,
0,1,0,2783,14450.6,1,0,1,34431.3,12385.1,
10,11,10,2785,519419,128,107,21,30029,25594.4,
0,1,0,2791,13912.3,1,0,1,7804.63,38436.9,
0,1,0,2791,18049,1,0,1,28204.6,29904.6,
0,1,0,2792,56771.4,2,0,2,17437.5,10424.8,
0,1,0,2795,43808.9,1,0,1,16200.1,36708.7,
0,1,0,2795,9892.48,1,0,1,13150.4,8781.12,
0,1,0,2797,40239,1,0,1,33541.4,27233.7,
0,1,0,2798,37967.8,1,0,1,17334.1,31313.2,
0,1,0,2801,53947.9,2,0,2,37361.7,36301.6,
0,1,0,2808,91243.1,3,0,3,37450.6,19852.7,
2,3,2,2809,126379,6,2,4,33642.5,19768.7,
0,1,0,2810,39658.7,1,0,1,27987,39097.9,
0,1,0,2810,11343.1,1,0,1,26818.3,38761.4,
0,1,0,2813,34466.5,1,0,1,35244.3,19485.1,
0,1,0,2816,208441,6,0,6,39211.4,23497.5,
0,1,0,2826,37305.4,1,0,1,22543.6,16193.2,
0,1,0,2829,94623.2,4,0,4,27509.9,9703.48,
0,1,0,2830,38159.6,1,0,1,33486.1,37929.4,
0,1,0,2834,26657.5,1,0,1,24551,15121.9,
1,2,1,2835,81495.1,5,2,3,40042.8,11813.4,
0,1,0,2842,50259.1,2,0,2,20420,2264.1,
0,1,0,2842,27308.9,1,0,1,19257.1,3833.11,
3,4,3,2848,129421,12,7,5,22715.6,31172.1,
2,3,2,2849,181822,10,2,8,22342.2,7648.54,
0,1,0,2851,49017.9,2,0,2,37356.4,34102.6,
0,1,0,2851,28520.7,1,0,1,32269.4,31059,
0,1,0,2852,14688.8,1,0,1,31737.2,31595.1,
0,1,0,2854,31356.7,1,0,1,15160.8,652.063,
3,4,3,2857,62588,213,209,4,14876.6,8514.62,
0,1,0,2858,1.66695e+06,66,0,66,29667.1,9705.51,
17,18,17,2862,786679,1054,1027,27,28982.8,31568.1,
29,30,29,2865,1.39809e+06,278,225,53,30559.6,17432.5,
0,1,0,2865,89705.5,4,0,4,36734.5,15426.2,
0,1,0,2869,13509.3,1,0,1,33630.1,32882.4,
0,1,0,2874,12724.7,1,0,1,27019.7,39526.2,
0,1,0,2875,12270.4,1,0,1,30306.3,20440.2,
0,1,0,2875,11970.6,1,0,1,29410.6,19853.4,
2,3,2,2880,69697.4,10,7,3,39294.7,27859.9,
0,1,0,2883,7949.71,1,0,1,40229.5,29620.6,
2,3,2,2889,194400,92,85,7,19188.4,37920.3,
0,1,0,2894,31805.2,1,0,1,40120,31797.8,
0,1,0,2896,23471.7,1,0,1,34586.2,35460.8,
0,1,0,2898,37176.6,1,0,1,39835.9,24858.4,
0,1,0,2899,36329.7,1,0,1,21014.9,28245,
0,1,0,2900,39237,1,0,1,38131.4,33478.1,
0,1,0,2901,9826.05,1,0,1,38523.8,34187.2,
0,1,0,2904,12070,1,0,1,28868,32619.4,
12,13,12,2910,1.50102e+06,665,605,60,22844.5,11008.4,
12,13,12,2919,1.30992e+06,463,410,53,37612.7,8897.53,
0,1,0,2929,27985.2,1,0,1,21892.8,5477.19,
0,1,0,2938,14434.1,1,0,1,25605.9,26920.9,
0,1,0,2938,12619.5,1,0,1,33435.2,12842.5,
0,1,0,2942,56026,2,0,2,33888.8,11764.4,
0,1,0,2948,11405.5,1,0,1,33891.1,12055.8,
0,1,0,2949,44203.5,1,0,1,33784.9,11921.4,
0,1,0,2950,50449.5,2,0,2,28414.2,17866.6,
13,14,13,2953,2.08348e+06,1002,933,69,39447.3,5424.84,
0,1,0,2955,89497.4,4,0,4,28749.5,10177.8,
0,1,0,2956,29330.8,2,0,2,12898.3,15077.4,
0,1,0,2957,40471,1,0,1,30020.9,33166.4,
1,2,1,2957,24082.6,27,25,2,17779.1,37223.3,
0,1,0,2957,41715.8,1,0,1,26886,32741.5,
0,1,0,2959,11504,1,0,1,14860.8,4146.37,
0,1,0,2964,14382.9,1,0,1,35776.7,11261.2,
0,1,0,2982,41774.7,1,0,1,5260,33496.9,
0,1,0,2988,22499.3,1,0,1,23850.4,36596.3,
0,1,0,2992,7663.62,1,0,1,8976.6,12335.1,
5,6,5,2993,253774,405,394,11,22699.1,33172.1,
2,3,2,2994,93351.8,22,19,3,21721.8,29572.2,
0,1,0,2996,95654.4,3,0,3,6070.24,21152,
0,1,0,2998,40891.2,1,0,1,26962.1,25132.5,
0,1,0,2999,8085.09,1,0,1,25546.7,25460.6,
0,1,0,2999,41518.6,1,0,1,37056,24896.3,
3,4,3,3003,396612,23,7,16,24056.1,10109.9,
0,1,0,3006,27204.8,1,0,1,38083.3,10949.3,
2,3,2,3007,162829,16,9,7,38338.3,11125.3,
0,1,0,3009,22960.3,1,0,1,8548.26,4023.86,
0,1,0,3010,13255.8,1,0,1,20521.7,31055.8,
0,1,0,3013,36283.8,2,0,2,16441.4,27955.9,
0,1,0,3019,18051.2,1,0,1,36536.9,33477.8,
0,1,0,3020,37356.3,1,0,1,34482.9,23132.6,
0,1,0,3020,40808.7,1,0,1,29917.3,32615.1,
0,1,0,3020,66663.1,2,0,2,40034.6,40095.5,
0,1,0,3021,19553.2,1,0,1,34100,23541,
0,1,0,3023,9376.29,1,0,1,29000.9,27396.1,
0,1,0,3039,37085.7,1,0,1,28890.8,23781.6,
0,1,0,3040,9741.07,1,0,1,27352.6,25270.6,
0,1,0,3041,23204.8,1,0,1,26972.8,33465.8,
0,1,0,3042,24770.2,1,0,1,26213.6,33533.5,
0,1,0,3043,36205.5,1,0,1,35882.3,32180.3,
3,4,3,3043,492095,242,228,14,12424.7,20931,
2,3,2,3044,1.0356e+06,41,3,38,30696,23675.6,
0,1,0,3052,26105.3,1,0,1,33168.3,34292.4,
0,1,0,3056,27095.2,2,0,2,33292.6,21565.7,
0,1,0,3057,39030.8,1,0,1,35117,16591.9,
0,1,0,3057,14123.6,1,0,1,33129,10006.9,
0,1,0,3063,11784.6,1,0,1,29891.1,38055.9,
0,1,0,3066,12986.2,1,0,1,36576.5,37163.9,
0,1,0,3078,9943.57,1,0,1,39884.9,16162.4,
0,1,0,3079,33698.7,1,0,1,34864.6,10952,
0,1,0,3079,45919.7,2,0,2,35333.9,11449.3,
0,1,0,3081,8091.05,1,0,1,38691.2,9983.17,
0,1,0,3082,11616.5,1,0,1,37674.5,1827.96,
0,1,0,3082,34920.8,1,0,1,38859.8,10023.4,
0,1,0,3082,10889,1,0,1,37048,1988.49,
0,1,0,3086,7590.82,1,0,1,38207.2,8593.95,
0,1,0,3095,28894.1,1,0,1,23137.9,20999.5,
0,1,0,3095,9489.18,1,0,1,22623.9,15469,
9,10,9,3097,565265,294,269,25,38566.8,28100.6,
0,1,0,3098,34110.1,1,0,1,12540,14398.6,
0,1,0,3100,35632.2,1,0,1,36630.4,23129.4,
0,1,0,3100,96701.2,4,0,4,28818.4,31455.3,
1,2,1,3101,102049,217,212,5,33213.8,26583.6,
0,1,0,3102,12544.9,1,0,1,18068.3,9668.32,
0,1,0,3102,7943.64,1,0,1,35787.4,28939.1,
0,1,0,3102,37139.3,1,0,1,36840,29388.5,
0,1,0,3109,39105,1,0,1,25793.6,2360.4,
0,1,0,3118,126969,5,0,5,33449,10208.3,
0,1,0,3119,280730,10,0,10,4174.01,11664.3,
0,1,0,3124,41192.1,2,0,2,36507.5,7743.87,
15,16,15,3129,1.11136e+06,786,742,44,28540.8,31290.5,
0,1,0,3129,46047.9,2,0,2,5241.68,15468.9,
0,1,0,3133,192319,8,0,8,29131.5,19983,
0,1,0,3134,34410.3,1,0,1,17147.3,34108.4,
0,1,0,3135,33849.2,1,0,1,26840.6,33025.1,
1,2,1,3137,56319.4,218,215,3,11788.7,29581.3,
0,1,0,3139,49335.4,2,0,2,39777.1,9946.06,
0,1,0,3139,38053.6,1,0,1,6561.33,15241.6,
3,4,3,3143,347407,92,79,13,38878.3,36971.1,
0,1,0,3146,35144.8,1,0,1,31274.5,37590.5,
0,1,0,3151,15113.8,1,0,1,38800,36439.8,
0,1,0,3152,32831.5,1,0,1,22833,33451.4,
0,1,0,3156,18559.2,1,0,1,29430.1,32693.9,
0,1,0,3158,36234.9,1,0,1,28647.2,35607.4,
12,13,12,3158,481999,608,591,17,39359.8,29970,
7,8,7,3158,321878,114,102,12,35932,29827.3,
0,1,0,3158,9115.55,1,0,1,28587.3,23587.1,
10,11,10,3159,978165,813,775,38,37554.4,14977.5,
0,1,0,3169,34591.4,1,0,1,16077.9,13559.8,
1,2,1,3176,63544.8,4,2,2,24376.4,22152.2,
0,1,0,3177,14603.8,1,0,1,17111.2,28182.4,
0,1,0,3178,41557.1,1,0,1,17282.4,28489.1,
0,1,0,3178,36005.6,1,0,1,4846.87,7715.82,
0,1,0,3179,31159.9,1,0,1,19564.8,30798.4,
0,1,0,3183,37923.3,1,0,1,26138.6,29976.2,
0,1,0,3183,35766.8,1,0,1,38076.5,29639.3,
0,1,0,3184,12088.4,1,0,1,32650.8,31148.3,
0,1,0,3185,14988.2,1,0,1,39376.1,32586,
0,1,0,3186,41898.2,1,0,1,37281.7,31351,
0,1,0,3187,41025.6,1,0,1,39680,32784.2,
0,1,0,3192,32138.1,1,0,1,32853.1,24725.9,
0,1,0,3194,14329.5,1,0,1,16986.2,25901.8,
0,1,0,3194,29638.6,1,0,1,33951.6,18159.7,
4,5,4,3195,345556,243,229,14,3317.48,33393.9,
0,1,0,3195,43014,1,0,1,32104.2,18575,
1,2,1,3199,161275,133,127,6,34599.2,26343,
0,1,0,3200,21970.4,1,0,1,27692.1,19004.1,
0,1,0,3201,33670.7,1,0,1,24635.8,20012.2,
0,1,0,3207,12391.2,1,0,1,33411,37151.2,
0,1,0,3208,81322.3,4,0,4,28367.7,2658.37,
0,1,0,3210,13062.8,1,0,1,31560.7,37818.1,
1,2,1,3211,474370,91,71,20,31931.8,18320.4,
2,3,2,3214,66915.4,6,3,3,27831.6,14976.2,
0,1,0,3219,19843.6,2,0,2,27557,29287.1,
0,1,0,3219,66376.2,3,0,3,37376.5,25051.8,
0,1,0,3221,37275.8,1,0,1,30664.8,24055.5,
0,1,0,3222,20633.2,1,0,1,32929.9,31261.2,
0,1,0,3223,30516.9,1,0,1,32090.1,30643.2,
0,1,0,3228,23456.1,1,0,1,25824.5,30212.4,
0,1,0,3244,15020.4,1,0,1,34219.7,14633,
0,1,0,3247,13141,1,0,1,24705.3,35565.4,
0,1,0,3248,47742,2,0,2,28732.1,30220.7,
0,1,0,3248,84776,3,0,3,39511.1,9803.29,
0,1,0,3253,7503.46,1,0,1,24184.6,10311.3,
0,1,0,3255,37641.4,1,0,1,21071.7,7037.41,
7,8,7,3257,813092,573,537,36,28642.8,17717.5,
2,3,2,3268,80139.2,15,11,4,35377.3,32943.6,
0,1,0,3271,33646.2,1,0,1,36218.5,35015.8,
0,1,0,3271,17483.7,1,0,1,39710.3,30470.4,
0,1,0,3274,12352,1,0,1,37151,32067.9,
0,1,0,3275,16151.5,1,0,1,9189.54,2187.33,
0,1,0,3276,44301.5,2,0,2,32089.1,31127.8,
1,2,1,3277,217658,59,48,11,28542.2,22280.1,
0,1,0,3279,58857.4,2,0,2,5579.69,1041.11,
0,1,0,3292,10959.7,1,0,1,19710.5,35925.7,
0,1,0,3292,11631.6,1,0,1,16604.3,19122.8,
0,1,0,3294,24848.2,1,0,1,36466,25361.6,
0,1,0,3296,12095.8,1,0,1,25510,4553.76,
0,1,0,3302,13991.7,1,0,1,29905.3,29100.8,
0,1,0,3305,34452.4,1,0,1,16723.2,14416.2,
0,1,0,3309,22101.3,1,0,1,35282.3,24647.9,
0,1,0,3310,22191.2,1,0,1,31893.7,26709.4,
1,2,1,3310,179134,120,111,9,20541.1,20508.6,
0,1,0,3311,13716.1,1,0,1,32106.1,26430.1,
0,1,0,3312,23951.7,1,0,1,32444.6,21036.5,
0,1,0,3313,40541.4,1,0,1,35670.9,22893.5,
0,1,0,3314,38601.9,1,0,1,38511.4,31347.2,
5,6,5,3314,147065,669,662,7,37401,34096.4,
0,1,0,3316,63739.2,3,0,3,24927.8,19220.6,
0,1,0,3325,31109.1,2,0,2,25517.7,10531.1,
0,1,0,3325,38276.1,1,0,1,1587.63,19593.5,
0,1,0,3329,23764,1,0,1,24493.4,24798.5,
0,1,0,3331,12725.3,1,0,1,33782.4,28032.9,
0,1,0,3331,40603.8,1,0,1,22988.1,30105,
0,1,0,3332,37580.3,1,0,1,22845.3,31425,
0,1,0,3333,22071.2,1,0,1,38049.9,30343,
0,1,0,3333,36613.6,2,0,2,10451,31195.9,
1,2,1,3335,51777.5,5,3,2,33240.6,13501.2,
0,1,0,3338,63555.4,3,0,3,22154.5,24928.1,
4,5,4,3340,217155,283,274,9,25501.5,27847.6,
0,1,0,3342,15714.3,1,0,1,38311,27628.5,
0,1,0,3344,13202.7,1,0,1,28851.2,38365.8,
0,1,0,3345,18867.1,1,0,1,29562.8,24679.9,
0,1,0,3348,11106,1,0,1,36826.4,21782.6,
5,6,5,3351,463206,647,629,18,31589.8,26233.4,
1,2,1,3359,60639.5,173,171,2,29512.1,18023.8,
5,6,5,3360,179816,520,513,7,27079.7,33805.6,
0,1,0,3360,9479.7,1,0,1,36511.2,7169,
0,1,0,3361,58812.7,2,0,2,22025.3,21097.9,
0,1,0,3369,40558,1,0,1,22961.8,13571.4,
0,1,0,3377,20639.2,1,0,1,39883.1,21122.6,
0,1,0,3378,36560.9,1,0,1,34879.6,26936.7,
0,1,0,3381,23916.4,1,0,1,38546.9,37441.5,
0,1,0,3387,13305,1,0,1,35486.9,22739.5,
0,1,0,3397,15417.7,1,0,1,32846,21870.6,
0,1,0,3397,11281,1,0,1,11672.5,4085.73,
16,17,16,3400,1.4232e+06,592,533,59,10125.7,9757.63,
0,1,0,3403,40809.3,1,0,1,19865.7,37027.2,
0,1,0,3404,9887.85,1,0,1,20039.7,37478,
0,1,0,3411,59585.2,2,0,2,21296.5,25980.7,
1,2,1,3413,22211,114,112,2,33919.4,13659.3,
2,3,2,3416,333430,438,422,16,35550.8,18699.1,
0,1,0,3418,8463.15,1,0,1,33427,31943.7,
0,1,0,3420,18441.1,1,0,1,16198.6,27975.3,
0,1,0,3421,11062,1,0,1,19553.4,18303.9,
1,2,1,3424,52582.1,26,24,2,22244.5,33676,
1,2,1,3427,98793,5,1,4,30996.6,17211.7,
0,1,0,3430,13756.9,1,0,1,25187.1,5297.63,
9,10,9,3431,574178,209,182,27,27621.3,21347.7,
4,5,4,3435,145000,27,22,5,27112.6,24273.3,
0,1,0,3437,33056.5,2,0,2,24257.8,10842.3,
0,1,0,3441,9919.72,1,0,1,25919.9,27486,
0,1,0,3446,35361.6,1,0,1,13531.9,9248.35,
3,4,3,3448,616670,324,299,25,30044.1,38246.1,
0,1,0,3457,28646.3,1,0,1,36626,30799.2,
13,14,13,3462,663081,508,476,32,23216.7,23957.6,
0,1,0,3462,33777.2,1,0,1,32102.4,35246.4,
0,1,0,3463,50209.1,3,0,3,26658.3,17363.3,
0,1,0,3466,34602.6,1,0,1,27861.9,16674.7,
0,1,0,3468,18920.9,1,0,1,38654.6,21157,
0,1,0,3472,43170.5,2,0,2,31746.2,34669.4,
0,1,0,3474,13279.1,1,0,1,26339.5,15213.9,
0,1,0,3479,10432.4,1,0,1,13153.8,25811.8,
0,1,0,3481,28920.9,2,0,2,9615.24,6326.87,
0,1,0,3484,112584,6,0,6,21772.4,11578.1,
0,1,0,3485,31991.8,1,0,1,28896.6,34963.6,
0,1,0,3490,10120.9,1,0,1,27807.4,32856.9,
0,1,0,3500,63677.2,2,0,2,22837.2,34064,
0,1,0,3501,13669.9,1,0,1,6482.78,8956.86,
0,1,0,3503,32555.3,1,0,1,26676.5,36996.4,
0,1,0,3506,10493.7,1,0,1,35401.2,12120.5,
0,1,0,3509,34340.6,1,0,1,38280.5,25843.9,
7,8,7,3509,943198,272,227,45,20413.8,31896.4,
0,1,0,3512,10301.2,1,0,1,13303.9,22790.5,
0,1,0,3516,31873.2,1,0,1,39037.2,27607,
0,1,0,3516,8084.67,1,0,1,11337.3,38133.5,
0,1,0,3521,38466.7,1,0,1,35940.6,32945.6,
0,1,0,3523,18605.4,1,0,1,2040.84,3046.29,
0,1,0,3528,75511.3,3,0,3,28380.4,14209.1,
0,1,0,3529,31741.3,2,0,2,33304.1,35547.5,
0,1,0,3531,35174.9,1,0,1,5714.37,34794.4,
0,1,0,3531,28758.8,1,0,1,34455.2,35683.6,
0,1,0,3532,49927.8,2,0,2,24215.3,2098.41,
0,1,0,3535,23947.2,1,0,1,39425.5,16981.3,
0,1,0,3536,15280.4,1,0,1,15819.4,39209.7,
0,1,0,3562,31798.1,1,0,1,6305.32,22980.7,
0,1,0,3563,15460.3,1,0,1,24578.1,22067.2,
0,1,0,3565,13820.2,1,0,1,23364,22264,
0,1,0,3567,10331.1,1,0,1,39675.2,26547.5,
1,2,1,3570,127535,45,38,7,22230.8,37177.6,
0,1,0,3571,34514.4,1,0,1,39135.2,6902.67,
0,1,0,3572,20173.6,1,0,1,16758.2,23439.7,
0,1,0,3576,7320.81,1,0,1,5498.29,10371,
1,2,1,3580,134129,19,11,8,24006,37001,
2,3,2,3581,50334.1,17,14,3,35985.2,32273.6,
0,1,0,3589,31907.6,1,0,1,13775.2,12193.6,
0,1,0,3598,13138.9,1,0,1,32867.4,18669.3,
3,4,3,3600,307303,336,323,13,17541.1,32446.9,
0,1,0,3603,56453.6,2,0,2,31233.5,18784.9,
1,2,1,3606,83802.6,144,141,3,33510.7,6890.53,
4,5,4,3608,474888,165,147,18,24727.1,35519.2,
0,1,0,3609,14231,1,0,1,27956.5,36666,
0,1,0,3609,33478.1,1,0,1,22807.1,33626.4,
0,1,0,3618,14064.3,1,0,1,29223.5,21295.2,
0,1,0,3619,12549.8,1,0,1,38099.6,30862.7,
0,1,0,3620,17269,1,0,1,34641.9,33138.6,
0,1,0,3622,36285.6,1,0,1,30503.7,16811.9,
12,13,12,3627,598327,367,339,28,39642,23057,
0,1,0,3628,39556.1,1,0,1,24449.2,27097.9,
1,2,1,3646,31121.8,43,41,2,26271,16167,
0,1,0,3646,11661,1,0,1,8959.34,18581.4,
0,1,0,3647,9867.29,1,0,1,9409.63,18932.9,
0,1,0,3648,14191.6,1,0,1,9078.43,18275.2,
0,1,0,3656,34640,1,0,1,24591.4,16501.4,
0,1,0,3671,9351.24,1,0,1,5438.86,30048.5,
0,1,0,3671,14347.1,1,0,1,32985.8,30043,
4,5,4,3673,567573,305,280,25,30254.8,9890.8,
4,5,4,3674,169602,105,96,9,24330.6,30938,
1,2,1,3677,116092,39,34,5,28602.1,23530.4,
0,1,0,3683,11444.9,1,0,1,18533.6,14825,
0,1,0,3689,111670,5,0,5,24699.8,5831.05,
0,1,0,3690,18774.9,1,0,1,36621.8,34115.9,
0,1,0,3695,12592.4,1,0,1,24712.1,28956.5,
0,1,0,3697,127062,4,0,4,1002.09,32968.5,
0,1,0,3701,54076.6,3,0,3,40230.7,31093.6,
0,1,0,3703,35108.1,1,0,1,4086.6,18475.7,
0,1,0,3706,12312.9,1,0,1,18478.7,9850.17,
0,1,0,3710,60544.2,2,0,2,35510.3,22760.1,
0,1,0,3710,20618,1,0,1,38127.2,10962.6,
0,1,0,3712,35849.6,1,0,1,33509.1,22869.1,
0,1,0,3713,33133.4,1,0,1,29485.3,35442.3,
0,1,0,3714,237957,13,0,13,37934.5,27810.8,
0,1,0,3715,38402,2,0,2,13359.7,32114.1,
1,2,1,3722,263659,35,22,13,29040.4,27368,
6,7,6,3730,734118,183,153,30,7736.84,25559.7,
0,1,0,3730,56733.1,2,0,2,16588.8,40049.5,
0,1,0,3735,15123.7,1,0,1,30751.8,23032,
0,1,0,3736,53554.5,2,0,2,30726.8,29046.2,
0,1,0,3737,38484.7,1,0,1,34607,27525,
0,1,0,3737,13881.8,1,0,1,35305.9,24371.6,
0,1,0,3739,12018.1,1,0,1,24467.7,30847.6,
0,1,0,3741,16361.1,1,0,1,32101.8,23872.9,
0,1,0,3743,17608.8,1,0,1,29573.4,15286.5,
0,1,0,3749,40703.6,1,0,1,22595.4,31025.2,
0,1,0,3752,38862.1,1,0,1,11613.7,34770.5,
0,1,0,3755,13980.8,1,0,1,5725.81,12148.6,
0,1,0,3758,34154.6,1,0,1,22717.8,31183.2,
0,1,0,3759,13687.2,1,0,1,19128.4,35191.5,
0,1,0,3762,33826.2,1,0,1,11071.3,22727.7,
0,1,0,3765,227997,8,0,8,16281,27075.9,
0,1,0,3766,31045.1,1,0,1,34858.9,12663.3,
0,1,0,3767,20330.1,2,0,2,35101.7,17249.6,
0,1,0,3785,75978.7,2,0,2,27376.2,24960.8,
0,1,0,3785,10246.2,1,0,1,30693,22368.7,
1,2,1,3787,46248.5,4,2,2,15819.3,35939.6,
0,1,0,3789,54703,1,0,1,12328.9,36964.1,
1,2,1,3790,26011,3,1,2,34955.4,38659.5,
0,1,0,3791,14114,1,0,1,15235.3,34799.9,
0,1,0,3793,37371.2,1,0,1,31147.7,34302.9,
7,8,7,3793,288479,29,17,12,40040.3,23488.7,
0,1,0,3794,42031.5,2,0,2,28495.4,32373.4,
0,1,0,3795,18043.6,1,0,1,30385.5,34829.4,
0,1,0,3796,39874.2,1,0,1,30109.3,34865.8,
0,1,0,3797,16065.6,1,0,1,25024.3,29985.6,
0,1,0,3799,27322.1,1,0,1,33759.6,37027.5,
0,1,0,3807,87966.1,4,0,4,34388.4,22674.9,
0,1,0,3819,37906.1,1,0,1,39911.9,30739.7,
5,6,5,3820,165276,56,48,8,7167.32,4902.73,
3,4,3,3826,183203,12,4,8,18873.9,12612,
0,1,0,3829,12909.7,1,0,1,4167.85,17686.7,
2,3,2,3832,360918,61,47,14,20622.8,20138.1,
0,1,0,3837,41182.7,1,0,1,36889.9,25306.9,
1,2,1,3841,126268,69,65,4,976.714,35437.1,
0,1,0,3841,35478.5,1,0,1,39857.5,29865.4,
0,1,0,3845,41497.7,1,0,1,9312.54,12415.7,
0,1,0,3849,36914.6,1,0,1,35322.6,33559.7,
0,1,0,3850,35991.1,1,0,1,25988.3,22080.9,
0,1,0,3854,51226.8,2,0,2,25893.8,3434.84,
0,1,0,3854,14089.8,1,0,1,38090.5,36503.1,
0,1,0,3856,41194.3,1,0,1,6871.85,35043.5,
1,2,1,3857,99577.5,12,8,4,27243.3,30467.1,
0,1,0,3860,31689,2,0,2,35570.4,36470.1,
3,4,3,3862,339455,102,91,11,29308.8,40165.7,
0,1,0,3865,172674,5,0,5,20931.3,22872.5,
0,1,0,3869,24117.1,1,0,1,26072.9,19611.3,
0,1,0,3872,33544.7,1,0,1,25790.5,24033.3,
0,1,0,3873,11652.1,1,0,1,24344.2,683.178,
1,2,1,3873,78377.2,117,112,5,13313.3,28580.7,
0,1,0,3873,16329.2,1,0,1,25520.5,22049.5,
0,1,0,3875,14264.7,1,0,1,6470.69,16700.3,
4,5,4,3875,305431,16,4,12,32004,1519.45,
0,1,0,3876,8554.36,1,0,1,34551.2,1306.94,
0,1,0,3878,10399.9,1,0,1,10749.1,18319.4,
0,1,0,3889,7147.36,1,0,1,34502.3,18329,
0,1,0,3890,34465.1,1,0,1,35471.8,16168,
0,1,0,3890,21009.5,1,0,1,31492.2,22816.7,
0,1,0,3891,23081.1,1,0,1,20588.3,36796,
0,1,0,3893,36268.3,1,0,1,19704.5,21143.5,
0,1,0,3893,132814,7,0,7,4147.22,2798.12,
0,1,0,3893,44493.6,2,0,2,38147,30678.5,
0,1,0,3894,35563.6,1,0,1,29325.5,23361.8,
0,1,0,3896,22635.1,1,0,1,28235.4,39700.9,
0,1,0,3898,10296.5,1,0,1,7720.8,12940.1,
0,1,0,3902,12794.5,1,0,1,2370.96,11631.7,
0,1,0,3904,20832.4,1,0,1,38646.2,28213.5,
0,1,0,3905,42062.1,1,0,1,29256.8,33751.2,
0,1,0,3906,17927.1,1,0,1,33316.4,33744.2,
1,2,1,3918,43467,3,1,2,6563.52,8968.47,
0,1,0,3919,39940.2,1,0,1,24617.4,29705.5,
1,2,1,3921,157155,70,64,6,32299.7,13271.9,
3,4,3,3921,228983,80,72,8,34726.4,36999.8,
0,1,0,3922,359732,14,0,14,27141.5,6578.02,
1,2,1,3922,57933,69,66,3,6840.79,6167.19,
0,1,0,3925,39037.3,1,0,1,34064.5,24382.6,
0,1,0,3928,10293,1,0,1,28975.7,4437.62,
0,1,0,3929,9840.76,1,0,1,34082.8,26498.3,
0,1,0,3930,18895.7,1,0,1,22321.3,23340.2,
0,1,0,3931,27869.6,1,0,1,24105.8,14874,
0,1,0,3933,41886.8,1,0,1,36794.9,26308.9,
0,1,0,3936,7575.82,1,0,1,25034.5,14137.7,
0,1,0,3950,37409.4,1,0,1,24125.1,16246.9,
0,1,0,3956,29727.6,1,0,1,24664,28507.8,
0,1,0,3961,41234.9,1,0,1,38759.3,25017,
0,1,0,3962,18621.8,1,0,1,32754.5,28830.7,
0,1,0,3963,20838.5,1,0,1,25771.9,14557.6,
0,1,0,3964,22251.7,1,0,1,25769,14719.8,
0,1,0,3964,12856.7,1,0,1,33605,29119,
0,1,0,3966,37533.7,1,0,1,28168.7,11288.3,
0,1,0,3966,52052.5,3,0,3,28161.7,20631.5,
0,1,0,3966,12939.9,1,0,1,33052.4,20889.4,
0,1,0,3967,36328.2,1,0,1,33654.1,24953.4,
1,2,1,3970,47012.1,3,1,2,38111.7,1990.31,
0,1,0,3970,29172.3,1,0,1,27733,39299.9,
0,1,0,3972,39999.1,1,0,1,29886.4,17542.1,
0,1,0,3985,43727.7,1,0,1,24586.9,29507.9,
0,1,0,3993,14469.3,1,0,1,15869.9,40156.6,
0,1,0,3993,14165.1,1,0,1,22428.6,13419,
1,2,1,3994,125529,7,1,6,16221.5,30463.6,
0,1,0,3995,79087.6,2,0,2,36228.7,38087.5,
