# seq OFF,# seq ON,blinks,frame,intensity,lifetime,total OFF,total ON,x,y,
1,2,1,1,70338.6,12,10,2,15740.8,27065.5,
0,1,0,1,61038.2,1,0,1,38517.1,24404.7,
0,1,0,1,89234.9,2,0,2,23294.7,24132.3,
0,1,0,1,75719.8,1,0,1,22807.7,30052.1,
5,6,5,2,400199,3739,3729,10,24230.8,34821.1,
1,2,1,5,66733.6,26,24,2,21057.7,21394,
3,4,3,9,133528,2058,2054,4,35591,35444.9,
3,4,3,10,290998,202,196,6,19854.1,30355.7,
0,1,0,12,32661.7,1,0,1,11342.7,18352.9,
2,3,2,12,186647,2330,2326,4,24661.2,13956.9,
9,10,9,14,691796,125,108,17,28590,24205.7,
3,4,3,14,243439,1993,1987,6,20806.7,27586.4,
7,8,7,15,428914,1442,1432,10,22127.1,32385.6,
3,4,3,15,210060,22,17,5,16650.1,29282.6,
1,2,1,17,111653,65,62,3,9076.66,32739.3,
1,2,1,21,87543.7,7,5,2,28642.6,19073.3,
0,1,0,23,53121.8,1,0,1,32873.7,22625.1,
0,1,0,24,76366,2,0,2,30175.6,35835,
1,2,1,24,275209,24,20,4,29690.4,26618.1,
1,2,1,25,118186,88,85,3,24340.5,25148.2,
0,1,0,26,75038.1,1,0,1,17545.2,33841.6,
5,6,5,29,319052,137,130,7,39857.2,36988.7,
7,8,7,33,458536,3886,3875,11,37293.6,34563.2,
0,1,0,34,41710.8,1,0,1,18607.8,32443.8,
0,1,0,34,30768.6,1,0,1,4082.66,22781,
3,4,3,37,227809,49,44,5,34575.4,12189.8,
0,1,0,41,47557.3,1,0,1,25486.4,22241.1,
1,2,1,43,54546.8,12,10,2,32973.1,38143.4,
0,1,0,44,38214.8,1,0,1,23227.9,28940.1,
0,1,0,45,42546.8,1,0,1,32292.2,19173.3,
0,1,0,46,101268,2,0,2,34614.1,15696.9,
0,1,0,49,46423.2,1,0,1,26214.3,29781.5,
0,1,0,50,46269.7,1,0,1,33469.3,38637.9,
4,5,4,50,272452,3237,3231,6,38957.3,27412.4,
1,2,1,53,82981.3,13,11,2,5859.22,35152.4,
1,2,1,56,78923.4,4,2,2,5625.26,35074.8,
2,3,2,56,181201,15,10,5,23428.7,29110.4,
0,1,0,58,42366.8,1,0,1,22315.5,27002.3,
2,3,2,59,181826,69,65,4,4923.05,18186.8,
2,3,2,60,127518,76,73,3,12919,18565.9,
1,2,1,62,71544.2,16,14,2,39789.8,36358.5,
2,3,2,64,137861,61,57,4,37631.9,37496.5,
0,1,0,67,205386,3,0,3,23131.7,23322.5,
1,2,1,68,223410,10,6,4,37616,12935.2,
3,4,3,71,151257,523,519,4,30999,12083.9,
0,1,0,72,130826,3,0,3,17980.6,9264.5,
0,1,0,76,44889.9,1,0,1,34254.8,33952,
0,1,0,78,42551.5,1,0,1,12272.6,507.413,
0,1,0,80,42023.7,1,0,1,33952.2,25061.3,
0,1,0,81,43540.9,1,0,1,18442.2,39679.7,
5,6,5,81,251698,29,23,6,38936.1,33247,
6,7,6,82,670464,106,91,15,33925.6,27662,
3,4,3,85,433864,36,27,9,23822.3,20586.4,
1,2,1,86,87019.2,125,123,2,22369.4,880.661,
0,1,0,89,60538.9,1,0,1,32129.2,36146.3,
4,5,4,89,362688,3689,3682,7,4931.47,35419,
0,1,0,90,52904.8,1,0,1,12974.1,33404.7,
1,2,1,90,236476,5,1,4,35984.7,21001.6,
0,1,0,91,39467.4,1,0,1,15035,11843.2,
0,1,0,91,77447.2,2,0,2,27738.6,34977.5,
1,2,1,91,164594,9,5,4,25534.7,2824.71,
0,1,0,92,47047.8,1,0,1,25574.1,36507.1,
0,1,0,94,54647.2,1,0,1,32573.5,26204.3,
1,2,1,96,120711,63,60,3,15789.3,32256.3,
1,2,1,99,132615,1278,1275,3,26916.1,34908.5,
2,3,2,100,280070,1422,1415,7,26669.1,30648.6,
2,3,2,101,188672,36,32,4,15451.9,27329.8,
0,1,0,104,30401.4,1,0,1,25966.7,28612.6,
3,4,3,106,499097,93,83,10,7914.36,27483.4,
1,2,1,109,90196.4,7,5,2,2099.9,38770.3,
2,3,2,110,311749,2914,2906,8,31072.6,31641.2,
2,3,2,117,130963,117,114,3,39509.6,16735,
1,2,1,119,99735.3,205,203,2,21828,10647.1,
4,5,4,123,308879,141,135,6,31566.2,33525.1,
0,1,0,123,72186.3,1,0,1,25405,34899,
1,2,1,125,227958,11,7,4,34930.4,33693.3,
0,1,0,127,33437.3,1,0,1,9397.8,35970.8,
0,1,0,127,173045,4,0,4,27595.2,24357.7,
0,1,0,128,49543.1,1,0,1,40183.4,31932.4,
0,1,0,129,59860.3,1,0,1,5595.51,39644,
1,2,1,130,85181.8,18,16,2,36075.5,37797.7,
2,3,2,130,189433,31,27,4,37073.2,34804.1,
4,5,4,130,308318,507,500,7,13430.3,12163.9,
0,1,0,131,45600.9,1,0,1,29383.1,36950.1,
0,1,0,131,49556.1,1,0,1,23207.3,26616.3,
3,4,3,135,263171,107,102,5,1998.76,38320.1,
0,1,0,140,52719.4,1,0,1,11456.5,29969.9,
2,3,2,140,216471,74,69,5,31796.1,12043.2,
0,1,0,140,125838,2,0,2,33690.1,34110.5,
0,1,0,143,53036.1,1,0,1,15887.3,25258,
0,1,0,145,75812.3,2,0,2,13214.9,22726.9,
1,2,1,145,319274,18,11,7,11458.2,35854.8,
1,2,1,145,94670,7,5,2,29243.5,7869.27,
3,4,3,145,259817,2582,2576,6,13137.1,27342.4,
0,1,0,145,46815.9,1,0,1,30166.6,31598,
0,1,0,147,36973.1,1,0,1,32243.2,31264.9,
0,1,0,148,79068.7,2,0,2,11517.7,20371.5,
5,6,5,151,421971,3841,3833,8,38209.5,31947.9,
1,2,1,152,142170,5,2,3,24466.6,6314.64,
0,1,0,153,46623.8,1,0,1,22019.9,21924.4,
0,1,0,156,31351.4,1,0,1,22122.8,3798.95,
1,2,1,158,160877,40,37,3,24703.4,39229.6,
4,5,4,160,430903,3607,3598,9,25961.6,36716.4,
2,3,2,161,166940,9,5,4,20976.8,32547.7,
2,3,2,166,150351,300,297,3,29007.7,27360.7,
6,7,6,171,573370,146,136,10,10781.6,35569.9,
0,1,0,172,107579,2,0,2,31460.3,32017.1,
3,4,3,172,387576,64,56,8,21679.2,23580.9,
0,1,0,172,54155.4,1,0,1,27313,39774.4,
1,2,1,172,158419,25,22,3,36327.1,22811.2,
0,1,0,173,57444.9,1,0,1,19343.3,5102.06,
11,12,11,174,673504,3594,3580,14,37199,38176.6,
2,3,2,183,132063,31,28,3,1023.46,39155.3,
0,1,0,184,46783.4,1,0,1,14724.4,32376,
0,1,0,186,31117.5,1,0,1,17854.9,27054.8,
0,1,0,192,42599,1,0,1,38209.6,18897.7,
2,3,2,192,225997,892,887,5,18514.8,29533.4,
2,3,2,199,399976,1838,1828,10,39282.9,28154.4,
0,1,0,201,46938.5,1,0,1,18212.3,30351.8,
2,3,2,203,155551,30,26,4,36776.6,25343.6,
4,5,4,206,347252,2813,2805,8,37983.3,22638.4,
0,1,0,207,65360.5,1,0,1,31530.9,22653,
0,1,0,219,24721,1,0,1,39407.8,32299,
1,2,1,224,158199,10,7,3,28334.1,37054.2,
0,1,0,226,55039.4,1,0,1,11647,33171.5,
1,2,1,227,210298,17,12,5,32988.4,29099.8,
6,7,6,230,615605,2883,2870,13,39853.9,28925.7,
0,1,0,232,64128.7,1,0,1,8356.21,16502.8,
1,2,1,235,141354,587,584,3,12639.4,25256.4,
0,1,0,238,51328.5,1,0,1,4643.63,35968,
0,1,0,241,30729.4,1,0,1,15927.3,33240.1,
6,7,6,246,647142,169,155,14,25147.1,18024.6,
3,4,3,249,405463,94,85,9,28515.6,21650.1,
0,1,0,252,46410.6,1,0,1,26482.9,28198.7,
1,2,1,253,122157,11,8,3,37952.3,22086.9,
0,1,0,254,41380.7,1,0,1,22899.2,34828.9,
1,2,1,256,217182,616,610,6,20626.5,32823.6,
2,3,2,256,100542,962,959,3,36932.1,25976.8,
2,3,2,257,271276,731,726,5,23057.6,24398.7,
0,1,0,259,82646,2,0,2,28630.8,30450.9,
2,3,2,260,398006,11,5,6,12256,30285.8,
9,10,9,263,817361,142,122,20,17679.6,20641.2,
1,2,1,267,79521.9,10,8,2,23172,34324.8,
2,3,2,267,183357,29,25,4,32793.2,40110.3,
1,2,1,268,94702.8,3,1,2,22764.6,5558.79,
1,2,1,269,72822,87,85,2,29062.9,33848.8,
3,4,3,270,201124,98,94,4,39895.5,3483.77,
0,1,0,272,35030.4,1,0,1,11786.6,36408.3,
1,2,1,275,170325,10,6,4,25699,29144.5,
1,2,1,280,138629,119,116,3,15368.4,36721.1,
0,1,0,281,54419.5,1,0,1,37373.6,32605.5,
4,5,4,282,351229,3243,3236,7,19250.4,19637.4,
1,2,1,283,166090,60,57,3,33329,27823.6,
1,2,1,285,111643,34,31,3,33454.7,35261.3,
2,3,2,287,179766,96,92,4,20272.9,36098.6,
10,11,10,288,1.17073e+06,487,459,28,14718.8,5927.17,
0,1,0,291,29760.6,1,0,1,25182.4,35563.8,
0,1,0,292,39488.8,1,0,1,12660.9,7611,
1,2,1,295,82400.2,9,7,2,24330.6,23385.2,
0,1,0,298,45029.8,1,0,1,8078.38,38447.2,
2,3,2,298,247930,23,17,6,34276.4,27056.6,
0,1,0,304,44638.7,1,0,1,19427.8,29156.7,
1,2,1,310,79371.6,4,2,2,18392.1,22968,
0,1,0,310,29347.6,1,0,1,24438.9,34723.4,
0,1,0,311,39988.2,1,0,1,34720.8,35652.3,
0,1,0,314,45024.5,1,0,1,28070.5,17469.3,
2,3,2,314,220950,58,53,5,18427.9,1746.71,
2,3,2,316,144409,1705,1702,3,28677.8,37113.2,
0,1,0,317,35640,1,0,1,7996.07,10300.9,
0,1,0,319,36960.1,1,0,1,22127,35932.4,
1,2,1,322,131914,22,19,3,21811.9,25952.6,
2,3,2,324,243454,154,149,5,4008.36,38121.6,
7,8,7,326,369175,3592,3583,9,33725.4,13400.9,
0,1,0,327,32976.5,1,0,1,36512.7,32738.1,
0,1,0,327,80802.9,2,0,2,21803.9,26594.2,
3,4,3,328,158062,92,88,4,22196.8,25742,
1,2,1,329,117807,4,1,3,35399.6,31111.3,
4,5,4,330,246098,86,81,5,32071.7,32917.5,
6,7,6,330,603301,281,268,13,14369.5,30033.7,
3,4,3,332,352332,3055,3048,7,7482.85,36503.3,
0,1,0,333,27064.4,1,0,1,38777.3,38394.7,
2,3,2,338,451793,45,37,8,23572.4,29738.9,
0,1,0,339,106262,2,0,2,17525.8,25293.5,
0,1,0,340,58555.4,1,0,1,30432,39996.8,
0,1,0,345,55580,1,0,1,27580.1,40229.7,
1,2,1,349,90232.9,2366,2364,2,17532.9,9584.5,
1,2,1,350,76888.5,28,26,2,27795.2,23984.8,
7,8,7,350,445372,189,180,9,855.155,36383.7,
0,1,0,355,48139.7,1,0,1,11495.7,35621.3,
11,12,11,356,622649,756,742,14,38585.8,39757.6,
4,5,4,356,386916,3263,3255,8,17257.2,31938.4,
0,1,0,357,43336.4,1,0,1,26945.6,30440.3,
2,3,2,362,248832,1904,1898,6,24545.2,31945,
0,1,0,364,81399,2,0,2,4146.74,20056.5,
0,1,0,371,93622.9,2,0,2,38971.5,21457.3,
1,2,1,374,391578,66,57,9,18124.4,5672.52,
0,1,0,377,42147.1,1,0,1,1622.93,36137.3,
1,2,1,378,187062,28,24,4,15974.7,36589.4,
0,1,0,381,235073,6,0,6,31677.8,26547.5,
1,2,1,382,249840,7,1,6,22990.3,19260.3,
0,1,0,382,37977.4,1,0,1,39699.9,24243.8,
0,1,0,385,82914.4,2,0,2,37782.6,28180.9,
0,1,0,388,28939.6,1,0,1,1907.35,26757.2,
0,1,0,390,33096.4,1,0,1,38891.2,28055,
1,2,1,393,61831.6,101,99,2,22439.2,9853.25,
1,2,1,394,66616.7,32,30,2,18842.4,35255,
0,1,0,395,147025,3,0,3,38231.7,34544.6,
0,1,0,397,43165.2,1,0,1,28287.1,35555.3,
2,3,2,397,138798,9,6,3,37388.1,29809.8,
5,6,5,399,265313,158,152,6,26989.2,31831,
4,5,4,401,366004,144,136,8,37644.1,38340.3,
1,2,1,403,80846.1,187,185,2,26298.7,22916.6,
0,1,0,406,30751.8,1,0,1,32684.1,32181.1,
0,1,0,410,68495.9,2,0,2,30074,25907.8,
0,1,0,411,54149.5,2,0,2,37940.4,33628.2,
0,1,0,413,33314.5,1,0,1,31258.3,18190.1,
0,1,0,415,38469.2,1,0,1,21027.6,6660.99,
0,1,0,419,47388.8,1,0,1,40318.4,39058.6,
3,4,3,419,465164,56,47,9,20451.3,22254.5,
3,4,3,421,223358,180,175,5,9004.65,35768,
1,2,1,427,206725,24,20,4,20289.3,24814.2,
2,3,2,432,379810,184,177,7,38055.9,21591.8,
0,1,0,445,49522.5,1,0,1,26017.7,26475.8,
3,4,3,445,267450,1937,1932,5,27149.6,30142.1,
0,1,0,446,92205.2,2,0,2,35190.1,21119.5,
0,1,0,446,25788.5,1,0,1,21973.3,31348.3,
1,2,1,448,193953,8,4,4,19541.1,37787,
2,3,2,450,159453,20,16,4,34008.3,36055.5,
0,1,0,451,27841.4,1,0,1,11256.3,35971.8,
0,1,0,454,40029.8,1,0,1,23892.2,29407.6,
2,3,2,465,146792,2701,2698,3,12297.9,38696.8,
2,3,2,473,132839,5,2,3,38146.3,12317.5,
1,2,1,473,99653.6,113,111,2,16112.5,28179.7,
3,4,3,477,298621,130,123,7,31193.5,17307.4,
3,4,3,481,153291,54,50,4,35551.2,33165,
0,1,0,490,33054,1,0,1,30168.4,36984.3,
0,1,0,492,58136,1,0,1,31243,39846,
2,3,2,498,143476,156,153,3,37842.4,24815.2,
0,1,0,505,128217,3,0,3,35588.1,30670.4,
0,1,0,509,28212.3,1,0,1,40074.9,20589.9,
0,1,0,510,47482.9,1,0,1,31667.2,8429.16,
1,2,1,511,357682,14,6,8,31863.3,29625.5,
0,1,0,513,87215.8,2,0,2,31950.3,32005,
1,2,1,520,64005.7,1938,1936,2,16767.2,30596,
0,1,0,526,26940.2,1,0,1,26933.2,21851.8,
3,4,3,532,266496,129,124,5,28675.5,30911.1,
7,8,7,534,436266,207,198,9,5761.27,18552.3,
2,3,2,535,264091,40,35,5,33740.3,27074.3,
3,4,3,537,316792,1217,1211,6,36564.8,38138.1,
2,3,2,538,344252,52,46,6,22864,1008.54,
1,2,1,543,245914,8,4,4,30656.5,35197.1,
3,4,3,546,174478,487,483,4,7011.81,6425.08,
0,1,0,548,66751.6,2,0,2,31126.6,23230.9,
5,6,5,552,491629,147,138,9,7084.52,13877,
1,2,1,552,95767.6,4,2,2,23283.4,32363,
0,1,0,556,42808.4,1,0,1,27378,30099.3,
1,2,1,557,200979,1066,1062,4,27471.7,34189.1,
1,2,1,561,186349,14,9,5,28290.1,19585.3,
4,5,4,561,223947,134,128,6,22912.4,32927.5,
1,2,1,561,82122.7,64,62,2,34719.5,28312.1,
0,1,0,568,48120.8,1,0,1,38811.9,1484.49,
2,3,2,568,228813,26,20,6,36181.6,30861,
0,1,0,569,47941.2,1,0,1,5339.32,13587.9,
1,2,1,571,137016,16,13,3,35029.5,39784.8,
1,2,1,573,100690,32,30,2,3076.34,17607,
0,1,0,575,39248.2,1,0,1,37930,39791.2,
5,6,5,576,610207,168,155,13,22964.9,23394.6,
6,7,6,576,500320,94,83,11,26065,37769.7,
0,1,0,576,38740.2,1,0,1,11331.6,33559.4,
2,3,2,576,184278,15,12,3,3426.68,31896,
2,3,2,576,153197,53,49,4,39164.5,30996.9,
0,1,0,579,36570.2,1,0,1,10268.9,20847.9,
1,2,1,581,112559,22,20,2,15237.6,20027.7,
4,5,4,581,251298,169,163,6,6293.34,6008.73,
1,2,1,582,101068,2531,2529,2,25787.6,30801.9,
1,2,1,583,152033,1180,1177,3,36607.7,32907.2,
8,9,8,592,516940,252,239,13,18757.1,39213.3,
0,1,0,602,29849.5,1,0,1,7597.55,30694,
0,1,0,602,52137,1,0,1,10084.6,25094.4,
0,1,0,605,31652.2,1,0,1,19642.6,33327,
4,5,4,608,322341,29,21,8,27562.8,22928.1,
10,11,10,610,734675,623,609,14,32863.7,31110.3,
1,2,1,618,125279,25,22,3,15180,24811.7,
1,2,1,621,188268,37,33,4,21886.2,34668.7,
4,5,4,621,435759,143,134,9,1807.51,35488.4,
4,5,4,634,226236,133,128,5,17193.3,36543.6,
0,1,0,636,35080.7,1,0,1,20737.6,34783.7,
2,3,2,643,182457,45,41,4,24965.4,35270.4,
2,3,2,645,115120,2144,2141,3,5396.55,15693.9,
0,1,0,650,41963.9,1,0,1,12473.8,28340.7,
1,2,1,651,143444,156,153,3,7889.83,22834.6,
0,1,0,654,82448.1,2,0,2,7082.9,36022.2,
0,1,0,655,95912.3,2,0,2,24477,26037.4,
2,3,2,662,183684,56,52,4,16466.5,33447.2,
1,2,1,667,209203,7,3,4,24493.6,31519.2,
1,2,1,667,96862.3,86,84,2,9182.88,2640.21,
1,2,1,668,109888,9,7,2,8461,38783.7,
0,1,0,672,44107.9,1,0,1,25322.7,31576.2,
0,1,0,676,129253,3,0,3,26342,28884.5,
0,1,0,677,112768,2,0,2,38766.8,27616.1,
1,2,1,677,108674,5,2,3,17093,35954,
2,3,2,680,311262,9,3,6,39917.7,32863.5,
8,9,8,681,524521,217,203,14,19718.4,21857.3,
3,4,3,685,662437,2986,2972,14,27511,34620.1,
3,4,3,686,233162,31,26,5,34760.3,31310.4,
5,6,5,692,355837,2426,2417,9,39825.4,28689.5,
0,1,0,697,38416.2,1,0,1,12655.5,25587.3,
2,3,2,698,134355,14,11,3,15126.7,36515.2,
0,1,0,702,33186.1,1,0,1,39328.4,34421,
0,1,0,703,33254.8,1,0,1,2529.68,29241.9,
0,1,0,706,32439.4,1,0,1,21969.5,32618.8,
2,3,2,707,184023,67,62,5,29907.9,18895.7,
2,3,2,708,379135,10,2,8,27709.3,29592.5,
1,2,1,711,145260,5,3,2,6665.78,26913.4,
0,1,0,711,44987.8,1,0,1,34544.2,31197.8,
1,2,1,712,75630.8,7,5,2,37472,32436.7,
3,4,3,716,407814,1858,1851,7,37673.9,29780.6,
0,1,0,716,161603,3,0,3,27279,33559,
0,1,0,718,53598.5,1,0,1,20614.2,27364.8,
3,4,3,718,321173,21,13,8,18034.1,3518.63,
0,1,0,725,78981.4,1,0,1,31750.4,26212,
0,1,0,730,62728.2,1,0,1,15153.6,18276.7,
0,1,0,731,70369.4,2,0,2,31491.8,28554.7,
1,2,1,732,119558,4,1,3,31480.4,25264.8,
1,2,1,733,80705.2,4,2,2,19937.3,32519.1,
0,1,0,735,39995,1,0,1,27455.7,32496.3,
4,5,4,743,415594,36,26,10,29013.2,34308.7,
0,1,0,743,47552.6,1,0,1,31931.6,32370.5,
0,1,0,743,128295,3,0,3,32297.1,37011.4,
0,1,0,744,59759.2,1,0,1,29384.6,29739.7,
0,1,0,749,47886.4,1,0,1,31745.3,2532.15,
0,1,0,750,92254,2,0,2,16620.9,26730.4,
0,1,0,751,85534.1,2,0,2,4404.45,25085.3,
0,1,0,753,56343.8,1,0,1,12950.9,36891.1,
1,2,1,755,144182,14,11,3,22676.8,12378.9,
0,1,0,756,43664.7,1,0,1,15758.8,16452.3,
2,3,2,756,171748,14,10,4,31638,35881.9,
0,1,0,757,56682.2,1,0,1,2274.54,35730.1,
3,4,3,758,513448,110,98,12,20401.6,4207.22,
0,1,0,760,156163,3,0,3,37811.2,25963.3,
2,3,2,761,300952,18,11,7,37970.4,33058.2,
4,5,4,771,339084,60,53,7,2377.57,35013.5,
2,3,2,776,285718,172,167,5,38656.9,35577.9,
2,3,2,778,149977,55,52,3,1086.62,37777.9,
0,1,0,779,87000.9,2,0,2,26140.5,27349.2,
3,4,3,780,270289,17,11,6,26652.4,30189.8,
2,3,2,783,127996,66,62,4,6243.03,11651.4,
1,2,1,784,326379,776,769,7,40029.4,23516.6,
0,1,0,785,49363.4,1,0,1,22475.6,12169.1,
1,2,1,787,245657,48,44,4,22640.7,34436.3,
2,3,2,791,129715,7,4,3,30259.9,25807.6,
0,1,0,804,106394,2,0,2,26869.7,40161,
1,2,1,805,107828,3,1,2,39345.1,38830.7,
0,1,0,806,48560,1,0,1,22005.8,22433,
0,1,0,809,67789.4,1,0,1,1575.8,21738.6,
1,2,1,811,127077,25,22,3,30605.9,12447.4,
0,1,0,813,47808.3,1,0,1,21129.9,1381.51,
0,1,0,818,49116.6,1,0,1,36998,29667.2,
0,1,0,819,60960.6,1,0,1,15775.1,20384.1,
1,2,1,821,156327,32,28,4,9529.46,40128.1,
1,2,1,822,116020,5,2,3,29018.9,24964.8,
1,2,1,826,73308.9,12,10,2,26754.4,14923.3,
2,3,2,828,127940,14,11,3,29567.4,33743.3,
0,1,0,831,52266.6,1,0,1,39508.7,39421.5,
0,1,0,831,48935.3,1,0,1,29074,37115.3,
4,5,4,836,489097,131,121,10,5542.6,35674.8,
0,1,0,837,69528.3,1,0,1,12227.2,4457.84,
3,4,3,838,261343,66,61,5,22006.4,4027.5,
0,1,0,848,35623.1,1,0,1,21285.8,6254.57,
2,3,2,853,202413,34,31,3,35147.7,20845.8,
0,1,0,853,140028,3,0,3,24934,3401.33,
3,4,3,861,210443,135,130,5,1352.88,27068.3,
0,1,0,861,55408.1,1,0,1,18977.1,39020.4,
0,1,0,864,54451.2,1,0,1,38818.8,31465.1,
1,2,1,866,103737,5,3,2,34685.5,38344.8,
0,1,0,871,46333.3,1,0,1,27930.4,33996.8,
2,3,2,874,178370,20,17,3,22006.3,26645.4,
1,2,1,875,115456,16,14,2,3154.26,20337.6,
0,1,0,879,110775,2,0,2,29232.4,33786.5,
2,3,2,880,272136,35,30,5,32457.4,39226.4,
1,2,1,883,173375,18,14,4,10913.1,39693.6,
0,1,0,886,77911.1,1,0,1,15461.3,38645.3,
0,1,0,886,33361.8,1,0,1,14963,39381.5,
2,3,2,888,221574,9,5,4,28229.7,29342.3,
1,2,1,892,115613,15,12,3,5481.29,33089.8,
0,1,0,893,45756.5,1,0,1,4836.21,38800.5,
0,1,0,895,44808.1,1,0,1,22944.5,38463.4,
0,1,0,899,109395,2,0,2,36098.6,13879.7,
1,2,1,899,88800.5,3,1,2,6003.28,30290,
0,1,0,901,44636.9,1,0,1,35369.6,33127.7,
0,1,0,909,42461,1,0,1,19513.7,22471.8,
3,4,3,910,197497,40,34,6,27876.1,8897.68,
0,1,0,911,91773.4,2,0,2,12246,36245.3,
0,1,0,912,62766,1,0,1,32038.8,17635.2,
0,1,0,919,84831.8,2,0,2,25405,31249.3,
0,1,0,921,35890.8,1,0,1,18751.1,36264,
1,2,1,922,105728,41,38,3,15710.2,22454.4,
0,1,0,924,61074.1,1,0,1,30242.7,26552.7,
1,2,1,924,289791,29,23,6,19749.8,38187.2,
0,1,0,926,144235,3,0,3,18268.1,32072.2,
0,1,0,928,46332.1,1,0,1,34652,15429.9,
1,2,1,931,138150,5,2,3,25602.1,16054.4,
0,1,0,932,49695.9,1,0,1,37454.2,26637.1,
1,2,1,932,126078,41,38,3,30702.2,18477.4,
0,1,0,943,55308.2,1,0,1,20625.5,37936.9,
3,4,3,944,161725,24,20,4,39285.7,26911.9,
0,1,0,945,31451.4,1,0,1,33327.1,39037.6,
0,1,0,946,153613,3,0,3,10453.8,38693.9,
0,1,0,946,37655.4,1,0,1,38663.6,36791.9,
5,6,5,948,455805,222,213,9,22453.5,24802.5,
0,1,0,950,49920.7,1,0,1,1445.68,19741.2,
1,2,1,951,154426,6,3,3,31244.6,28773.9,
0,1,0,961,70886.4,2,0,2,35007.8,21324.4,
1,2,1,963,79011,45,43,2,4017.73,35240.5,
0,1,0,966,39959.2,1,0,1,21025.2,31855.6,
0,1,0,967,42260.1,1,0,1,5383.87,25386.3,
0,1,0,970,55289.4,1,0,1,36416.9,33325.1,
3,4,3,973,499742,165,154,11,34164.8,27863.4,
18,19,18,973,1.51437e+06,797,762,35,20617.1,582.441,
1,2,1,974,121484,811,808,3,30001,36059.5,
1,2,1,979,162366,135,131,4,32429.3,32375.4,
0,1,0,980,38105.9,1,0,1,38210.1,26643.7,
1,2,1,982,126304,5,2,3,26300,30057.3,
3,4,3,984,323490,72,65,7,22386.3,28699.8,
1,2,1,985,106343,11,8,3,21944.7,24003.6,
2,3,2,989,315500,1308,1302,6,35349.8,37336.5,
2,3,2,991,220164,27,22,5,40308.7,28417.1,
1,2,1,996,121251,33,31,2,39280.2,20776.4,
2,3,2,1002,177981,84,81,3,21882.7,30061.7,
1,2,1,1006,231892,54,50,4,30877.7,17459.6,
0,1,0,1008,39524.6,1,0,1,6445.59,38669.5,
0,1,0,1011,75962.2,1,0,1,32568.1,28872.8,
5,6,5,1020,519303,385,374,11,31812.6,17441.4,
2,3,2,1024,278324,52,45,7,32204.4,25574.2,
0,1,0,1024,36434.6,1,0,1,34362.4,32125.8,
1,2,1,1028,124867,9,7,2,822.771,22210.6,
0,1,0,1030,119926,2,0,2,18281.6,26818.8,
2,3,2,1031,144275,11,7,4,26282.3,28554.2,
2,3,2,1033,168822,14,9,5,28519.2,27751.4,
1,2,1,1036,162872,4,1,3,23163.1,31183.7,
2,3,2,1039,166379,1366,1362,4,1486.36,38810.4,
0,1,0,1041,176535,4,0,4,38969.1,24743.9,
0,1,0,1046,114881,3,0,3,31567.5,26003,
0,1,0,1049,40425.4,1,0,1,35168.3,17772.5,
6,7,6,1050,323750,286,279,7,35623.3,11441,
1,2,1,1051,69530,4,2,2,15257.8,39762.4,
3,4,3,1054,264423,267,262,5,31164.4,23745.8,
1,2,1,1055,95295.7,14,12,2,19807.6,37935.3,
1,2,1,1061,123979,15,12,3,37618.2,26414.1,
2,3,2,1064,111880,225,222,3,37101.1,16028.5,
0,1,0,1075,51867.3,1,0,1,22467.8,27112,
1,2,1,1076,101015,337,335,2,25415.8,13224.1,
0,1,0,1090,28618.7,1,0,1,39394.7,20301.2,
2,3,2,1094,191830,78,72,6,23289.8,16635.3,
0,1,0,1099,111698,3,0,3,34912.1,17674.6,
1,2,1,1099,375779,30,21,9,16248.4,20670,
0,1,0,1099,72574.1,1,0,1,26416.1,17374.6,
3,4,3,1102,197915,60,55,5,31116,39087.2,
4,5,4,1103,233243,127,122,5,25973.1,10982.8,
1,2,1,1108,71951.5,37,35,2,31297.2,31805.5,
0,1,0,1110,33335.3,1,0,1,25274.5,40286.4,
0,1,0,1112,28263.7,1,0,1,27265.2,15056,
2,3,2,1112,145345,1759,1755,4,13917.2,23220.1,
3,4,3,1120,334822,36,30,6,14431.4,32667.4,
1,2,1,1124,134610,4,1,3,20240.9,38650.6,
1,2,1,1127,75892.8,31,29,2,25315.6,36682.5,
2,3,2,1135,166630,105,102,3,26319.2,10146.6,
15,16,15,1138,1.26971e+06,1099,1073,26,14076.4,9652.33,
1,2,1,1141,89327.3,12,10,2,26124.6,28095.9,
2,3,2,1142,164540,718,714,4,15432.8,27570.8,
1,2,1,1142,208555,8,4,4,17358.9,30260.9,
2,3,2,1149,116192,6,3,3,26925.2,12399.6,
0,1,0,1159,56470.5,1,0,1,8740.63,39780.5,
1,2,1,1161,120625,5,2,3,39326.7,14750.6,
3,4,3,1164,364506,46,38,8,2915.56,38328.7,
0,1,0,1170,30487.7,1,0,1,19533.7,18208.8,
1,2,1,1170,169308,13,10,3,33192.7,27516.4,
0,1,0,1171,64489.6,1,0,1,20338.1,33385.5,
0,1,0,1171,66994.8,1,0,1,19676.8,24129.5,
0,1,0,1173,38158.9,1,0,1,31416.8,14278.3,
1,2,1,1173,98369.5,7,4,3,29451.6,32388.2,
1,2,1,1176,121714,83,80,3,26477.2,23376.5,
0,1,0,1178,48031.1,1,0,1,5919.04,2773.04,
0,1,0,1179,167288,3,0,3,34655.4,18090.5,
1,2,1,1185,108063,6,4,2,36542.4,12935.7,
0,1,0,1185,48274.7,1,0,1,4324.22,32176,
1,2,1,1190,90206.9,26,24,2,31654.6,28950,
2,3,2,1200,265679,1502,1495,7,25853.6,20163.6,
2,3,2,1220,259860,64,59,5,8171.92,33225.3,
2,3,2,1221,138496,23,20,3,34434.6,38156.9,
0,1,0,1227,28723.6,1,0,1,33328.1,29462.4,
3,4,3,1227,321999,58,51,7,37623.2,37081.7,
2,3,2,1228,228770,926,921,5,36590.3,3445.04,
1,2,1,1228,108024,12,10,2,13407.5,31064.7,
0,1,0,1229,57243.9,1,0,1,21138.7,31496.1,
0,1,0,1230,59444.1,1,0,1,30374.7,31974.2,
0,1,0,1230,38296,1,0,1,18954,38376.4,
0,1,0,1236,104966,2,0,2,36663.4,36978.8,
0,1,0,1237,86646.9,2,0,2,11871.1,22697.7,
0,1,0,1237,36176.4,1,0,1,23264.8,26782.1,
3,4,3,1238,370022,109,101,8,21059.9,10468.9,
1,2,1,1240,169721,20,17,3,15126,33032.6,
0,1,0,1243,45447.1,1,0,1,36105.5,13432.3,
4,5,4,1251,224658,103,98,5,26770.3,22696.4,
2,3,2,1251,128340,136,133,3,5758.91,30259.4,
4,5,4,1252,293466,416,409,7,6063.4,36421.2,
0,1,0,1255,27207.8,1,0,1,39827.5,25227.6,
1,2,1,1256,67908.4,8,6,2,31754.3,32534.6,
3,4,3,1260,156082,136,132,4,13947.2,35363,
0,1,0,1262,38277.2,1,0,1,22339.1,32623.2,
0,1,0,1269,42748.9,1,0,1,30869.2,31472.2,
0,1,0,1270,33376,1,0,1,1718.62,35257.8,
0,1,0,1271,90778.4,1,0,1,28964.8,35728.4,
2,3,2,1272,280975,52,46,6,15199,25544.8,
0,1,0,1274,34230.3,1,0,1,30372.7,34042.9,
3,4,3,1290,118890,23,19,4,4811.57,27875.6,
3,4,3,1294,184509,101,96,5,5028.5,13639.1,
6,7,6,1298,578510,187,175,12,38105.6,13923.1,
2,3,2,1298,156700,42,37,5,25024,25947.2,
2,3,2,1301,197280,93,88,5,26978.8,31020.5,
0,1,0,1302,30274.3,1,0,1,37501.8,35403.8,
1,2,1,1305,153524,8,4,4,36522,34974.6,
3,4,3,1306,131392,48,44,4,7930.66,28410.4,
2,3,2,1311,147711,41,37,4,27099.4,34666.8,
0,1,0,1324,31137.1,1,0,1,38479.1,11874.6,
2,3,2,1333,149210,78,75,3,34096.9,28086.9,
1,2,1,1335,67428.3,16,14,2,39115.4,4064.5,
1,2,1,1335,97768.5,1535,1533,2,22587.7,31996.9,
0,1,0,1336,44663.1,1,0,1,35876.1,38126.9,
2,3,2,1337,117033,49,46,3,11459.7,33434.2,
0,1,0,1339,44685,1,0,1,31361.1,34541.6,
1,2,1,1339,119516,1142,1140,2,26790.2,30899.5,
0,1,0,1342,54248.6,1,0,1,22744.7,9632.13,
2,3,2,1345,170558,52,48,4,16867.4,25274.7,
1,2,1,1345,309280,18,10,8,19600.9,29541.1,
2,3,2,1348,127600,144,141,3,22030.8,14562,
4,5,4,1351,351602,60,54,6,30529.5,39757.2,
0,1,0,1352,70835.6,1,0,1,25154,37368.9,
1,2,1,1353,82485.3,6,4,2,20777.3,32748.2,
0,1,0,1360,62700.8,1,0,1,6872.32,23010.4,
2,3,2,1362,119545,41,38,3,27093.1,40254.5,
2,3,2,1363,182033,1082,1078,4,3252.54,36656.4,
3,4,3,1365,293590,122,114,8,31582.4,23612.3,
0,1,0,1366,45280.2,1,0,1,21552.9,29880.6,
1,2,1,1369,67658.9,4,2,2,39028.7,29194,
1,2,1,1369,250694,1820,1816,4,27241.6,25462.2,
0,1,0,1372,81180.1,1,0,1,32439.7,19509.4,
1,2,1,1373,110254,151,148,3,8981.94,22727.4,
1,2,1,1374,150383,493,491,2,35791.1,20853.5,
0,1,0,1381,56486.8,1,0,1,13533.6,35015.8,
0,1,0,1383,115555,2,0,2,14119.2,36881.8,
1,2,1,1384,118963,65,63,2,29573.9,19247,
0,1,0,1384,50480.4,1,0,1,15433.7,36450.1,
0,1,0,1393,78539.6,2,0,2,8924.71,33304.7,
3,4,3,1397,197183,177,173,4,3356.65,32736.5,
0,1,0,1400,151796,3,0,3,16852.4,30056.6,
0,1,0,1402,55112.4,1,0,1,25450.5,30304.9,
1,2,1,1404,212602,54,49,5,10303.2,40084.2,
0,1,0,1405,43847.8,1,0,1,38788.6,24986.8,
0,1,0,1405,214678,4,0,4,30138.8,35565.9,
0,1,0,1410,80242.5,2,0,2,17201.3,38301.7,
0,1,0,1423,48030.8,1,0,1,28443,33316.2,
8,9,8,1435,441662,143,134,9,15828.1,34979.8,
2,3,2,1444,179446,17,14,3,27891.8,27838.2,
5,6,5,1445,286429,140,133,7,23290.2,5298.5,
2,3,2,1445,147759,15,12,3,4983.45,35751.4,
0,1,0,1448,43023.7,1,0,1,18539.4,20065.1,
0,1,0,1452,133746,3,0,3,17980.5,30011.9,
0,1,0,1459,113288,2,0,2,20871.6,38680,
0,1,0,1460,62985.2,1,0,1,40121.2,30598,
2,3,2,1472,375360,1230,1223,7,22267.1,31318.3,
1,2,1,1474,97277,3,1,2,23116.5,28328,
0,1,0,1478,46873.4,1,0,1,39697.7,21692.6,
3,4,3,1488,162835,87,83,4,23577.6,2817.04,
0,1,0,1489,50542.9,1,0,1,15950.1,1513.62,
2,3,2,1493,323385,8,3,5,30537.6,20985,
3,4,3,1501,173233,28,24,4,10658.1,14322.7,
1,2,1,1502,97798.4,7,5,2,22374.1,31020.3,
1,2,1,1503,82509.4,10,8,2,30305.6,19918.9,
0,1,0,1504,52243.6,1,0,1,33507.2,33923.8,
2,3,2,1508,239059,1412,1407,5,13713.4,36506.8,
0,1,0,1509,45034.9,1,0,1,16698.7,24465.5,
3,4,3,1510,312041,21,14,7,29825.5,30597.6,
1,2,1,1513,69700.6,4,2,2,21986.2,26249.2,
0,1,0,1522,94282.2,2,0,2,36104.8,21247.8,
2,3,2,1527,181248,139,134,5,21918.1,5745.1,
2,3,2,1529,228700,73,69,4,13770.5,30271.8,
0,1,0,1532,33555.7,1,0,1,23498.7,28153.8,
0,1,0,1532,49313.2,1,0,1,39529.2,35610.2,
1,2,1,1537,179170,5,1,4,24206.2,2185.42,
2,3,2,1539,146802,322,318,4,8576.12,2470.72,
4,5,4,1544,469939,67,58,9,19946.7,4649.8,
0,1,0,1547,32039.5,1,0,1,35285,26162,
1,2,1,1548,66146.5,71,69,2,18956,10717,
0,1,0,1555,30018.7,1,0,1,38579.3,31518.1,
0,1,0,1559,43483.5,1,0,1,34200.7,37634.7,
1,2,1,1567,103747,26,24,2,16453.9,38876.1,
6,7,6,1569,780090,156,140,16,36313.6,17557.2,
1,2,1,1572,121500,7,5,2,31141.8,26345.3,
2,3,2,1574,125819,36,33,3,38866.2,14142,
2,3,2,1574,99264.4,116,113,3,14734.5,16240,
1,2,1,1574,96316.6,4,2,2,19465.2,15272.4,
0,1,0,1587,74616.8,2,0,2,33441.5,27258.9,
0,1,0,1591,62235.1,2,0,2,20682.9,32540,
0,1,0,1591,124529,3,0,3,25758.2,34477.6,
0,1,0,1601,65604.1,2,0,2,18301.8,24797.7,
2,3,2,1604,134212,82,78,4,22669.6,39222.8,
1,2,1,1604,195237,47,42,5,39966.1,17663.8,
0,1,0,1609,28955.7,1,0,1,16289.9,16018.2,
1,2,1,1613,124421,4,2,2,10793.3,39865,
3,4,3,1615,233425,133,128,5,19923.3,22041.4,
0,1,0,1623,48482.2,1,0,1,23953.5,32121,
0,1,0,1631,53112.4,1,0,1,9030.22,35589.8,
0,1,0,1633,114108,2,0,2,38590.4,31812.7,
0,1,0,1635,95298.5,2,0,2,31345.9,23090.8,
0,1,0,1638,31042.5,1,0,1,27836,22279.4,
1,2,1,1639,76243.3,114,112,2,29224.5,27033.9,
0,1,0,1640,59138.6,1,0,1,38573.5,11425.5,
0,1,0,1640,32609.2,1,0,1,8696.36,35854.3,
1,2,1,1646,178829,547,544,3,24356.8,32092.2,
0,1,0,1652,33849,1,0,1,23989.8,33703.7,
0,1,0,1652,48198.2,1,0,1,17309.7,32584.5,
1,2,1,1655,160927,16,12,4,39567.7,28288.8,
3,4,3,1655,405606,24,18,6,36179.8,29889.5,
0,1,0,1668,46490.2,1,0,1,17529.4,36435.8,
3,4,3,1674,367942,38,30,8,35651.9,33713,
0,1,0,1676,113075,1,0,1,35180.9,34118.6,
0,1,0,1677,44908.9,1,0,1,35560,15048.8,
4,5,4,1683,160289,1853,1848,5,16488.5,3353.56,
2,3,2,1683,147052,41,37,4,26911.3,7778.26,
3,4,3,1687,506093,40,31,9,4473.05,35963.9,
0,1,0,1693,113405,2,0,2,28713.7,37497.8,
2,3,2,1693,252619,23,17,6,28306.7,35816.1,
5,6,5,1695,670481,1693,1678,15,17378.6,32771.4,
1,2,1,1697,83548.5,19,17,2,24650.7,32444.6,
0,1,0,1698,77546.5,2,0,2,20707.7,38527.6,
1,2,1,1706,84175.5,10,8,2,37660.3,33142,
0,1,0,1710,41499.9,1,0,1,26398.1,36168.8,
3,4,3,1718,229145,77,72,5,29412.7,10821.1,
0,1,0,1719,42303.2,1,0,1,20963.4,26677.9,
2,3,2,1720,120539,35,31,4,38049.1,26827.8,
1,2,1,1722,104169,44,42,2,34513.1,28889.9,
0,1,0,1722,95342.6,2,0,2,25427.6,28088.9,
3,4,3,1724,368655,99,91,8,23115.5,14715.8,
0,1,0,1730,38305.5,1,0,1,20004.8,32901.1,
1,2,1,1733,130828,61,59,2,36240.3,16463.5,
1,2,1,1735,60651.3,18,16,2,27144.7,37767.5,
0,1,0,1738,37288,1,0,1,9572.6,36684.7,
0,1,0,1741,32428.9,1,0,1,26221.3,33980.2,
1,2,1,1743,204670,5,1,4,19690,15279.1,
1,2,1,1745,96763.7,35,33,2,35182.8,31736.7,
1,2,1,1749,80417.4,4,2,2,39560.4,36434.4,
1,2,1,1760,59589.6,3,1,2,2932.09,33701.5,
1,2,1,1764,67953,32,30,2,20951.7,25000.5,
0,1,0,1766,35440.9,1,0,1,16018.8,6427.22,
2,3,2,1774,106106,54,51,3,26583.7,29938.8,
2,3,2,1777,228583,1440,1435,5,38167.8,25704.2,
2,3,2,1781,263478,51,45,6,34177.8,39252,
3,4,3,1782,200511,47,42,5,23812.7,26286.3,
4,5,4,1784,346145,258,250,8,18163.2,1642.75,
0,1,0,1793,42461.7,1,0,1,39045.1,28155.6,
1,2,1,1806,104385,45,43,2,33930.6,34674.3,
1,2,1,1806,99862.7,32,30,2,37939,35491.5,
0,1,0,1808,30706.4,1,0,1,30284.8,27181.9,
0,1,0,1812,33080.3,1,0,1,31348.6,20103,
3,4,3,1813,141079,56,52,4,9136.35,33658.2,
2,3,2,1813,116723,265,262,3,37341.3,2790.14,
3,4,3,1817,508709,90,78,12,24446.1,18643.1,
1,2,1,1822,166790,28,25,3,2526.44,35965.1,
0,1,0,1826,37087.4,1,0,1,28789,30545,
0,1,0,1827,44122.2,1,0,1,7071.74,36807.3,
2,3,2,1829,179788,98,94,4,20010.6,12758.7,
4,5,4,1831,389021,67,59,8,38425.6,18391.4,
4,5,4,1837,390760,321,311,10,29557.5,33540.9,
2,3,2,1846,157630,52,48,4,34339,39683.7,
0,1,0,1849,73382.9,1,0,1,38839.5,36386.3,
1,2,1,1849,139958,81,78,3,27961.8,30901.9,
1,2,1,1851,73827.8,29,27,2,7298.74,38572.7,
0,1,0,1856,30563.8,1,0,1,14601.6,38360.1,
0,1,0,1858,46628.9,1,0,1,17318.5,7131.13,
3,4,3,1865,257228,18,14,4,10900.7,18084.9,
0,1,0,1880,56105.2,1,0,1,40198.7,36440.2,
1,2,1,1880,235301,49,45,4,19999.1,24233.1,
1,2,1,1884,79178.4,9,7,2,25498.9,25848.9,
0,1,0,1888,33860.4,1,0,1,32022,32674.7,
0,1,0,1891,31038.9,1,0,1,35680.1,28482.1,
0,1,0,1894,61874.1,1,0,1,33559.8,38016.6,
2,3,2,1900,215751,75,71,4,39870.6,23819.8,
3,4,3,1905,175541,39,34,5,27440.2,35817.1,
0,1,0,1905,48090.5,1,0,1,2025.3,22871.4,
1,2,1,1907,91754.7,28,26,2,14347.4,35542.6,
2,3,2,1907,361467,106,98,8,18440,11224.9,
0,1,0,1910,61961.1,1,0,1,40224.1,39805.2,
0,1,0,1912,65966.4,1,0,1,7792.6,37028.6,
0,1,0,1919,33163,1,0,1,3845.7,35860.4,
0,1,0,1920,29422.2,1,0,1,30025.2,26583.7,
1,2,1,1921,124351,220,217,3,5529.77,13518.1,
2,3,2,1927,173865,87,84,3,15653.3,26770.7,
2,3,2,1929,96503.4,163,160,3,26506,9903.56,
0,1,0,1929,30437.7,1,0,1,27193.2,19037.7,
4,5,4,1930,335908,129,123,6,14218.9,22630.7,
0,1,0,1933,104776,2,0,2,5829.67,39449.1,
0,1,0,1943,51066.7,1,0,1,26202.3,30541,
2,3,2,1946,142588,593,590,3,14094.3,4631.46,
0,1,0,1948,35361.1,1,0,1,21173.9,28440,
1,2,1,1948,122392,37,34,3,9486.64,22852.1,
2,3,2,1965,275962,928,922,6,13460.6,14224.5,
0,1,0,1969,90538.5,2,0,2,18779.2,27525.6,
2,3,2,1972,146842,496,493,3,28757.5,36085.9,
0,1,0,1977,45995,1,0,1,21987.5,31084.4,
0,1,0,2003,83584.7,2,0,2,26555.4,37594.7,
2,3,2,2004,128371,50,47,3,18856.8,27091.7,
0,1,0,2005,106538,3,0,3,34026.9,21929.5,
0,1,0,2006,43950.5,1,0,1,19590.4,29179.1,
1,2,1,2022,143481,5,2,3,30116.7,32697,
1,2,1,2022,117047,78,76,2,3763.34,25092.4,
0,1,0,2023,33499.8,1,0,1,8828.09,14416.2,
2,3,2,2026,254647,31,26,5,18555.9,24702,
1,2,1,2040,111562,7,5,2,34517.9,32559.7,
0,1,0,2041,70847.5,1,0,1,15647.5,25038.1,
4,5,4,2049,258793,139,133,6,17125.9,10004.8,
0,1,0,2051,83770.9,2,0,2,39731.4,24785.1,
0,1,0,2067,48672.7,1,0,1,36699.9,37780.6,
0,1,0,2072,59257,1,0,1,37937.1,35791.2,
0,1,0,2074,50301,1,0,1,33219,25927.3,
2,3,2,2086,177604,21,17,4,28177.3,29785.7,
1,2,1,2088,83838.9,109,107,2,31943.2,26553.5,
2,3,2,2090,154925,13,8,5,32763.8,28030,
2,3,2,2093,111901,65,62,3,40152.1,24829.6,
1,2,1,2097,144633,12,9,3,25681.1,25641.1,
0,1,0,2101,70247,1,0,1,5979.84,33400.7,
0,1,0,2102,96743.1,2,0,2,19606.3,20012.9,
0,1,0,2114,51479.2,1,0,1,36946.4,25428.9,
0,1,0,2115,43711.3,1,0,1,32950.1,19101.8,
0,1,0,2115,56440.3,1,0,1,17866.5,30726.6,
1,2,1,2116,142681,25,22,3,34566.1,23611.9,
0,1,0,2121,47741.5,1,0,1,35639.9,26579.5,
3,4,3,2127,376933,343,334,9,14478,18361.3,
0,1,0,2130,54323.7,2,0,2,20026.9,29481.6,
0,1,0,2135,66714.3,2,0,2,3270.92,30144.7,
0,1,0,2137,47679,1,0,1,39842.1,33981.9,
0,1,0,2140,213059,5,0,5,33867.3,24366.4,
0,1,0,2142,65657.4,2,0,2,11871.3,35493,
0,1,0,2151,42605.4,1,0,1,20550.9,24111.8,
2,3,2,2159,154003,58,55,3,16694.2,36557.7,
4,5,4,2163,270378,49,44,5,22685.9,35751.5,
0,1,0,2164,46020.6,1,0,1,39876.6,31495.2,
4,5,4,2164,271742,113,108,5,757.886,34558.4,
2,3,2,2170,121371,174,171,3,9427.72,4403.99,
0,1,0,2172,77699,2,0,2,6197.81,6225.51,
1,2,1,2182,87804.1,27,24,3,27363,7167.54,
0,1,0,2184,44286.4,1,0,1,34083.4,22109.8,
0,1,0,2193,30945.6,1,0,1,35943.6,35671.2,
0,1,0,2198,39570,1,0,1,23698.4,25639.7,
0,1,0,2205,59216,1,0,1,26556.3,39959.8,
0,1,0,2205,105870,2,0,2,14522.6,32827.4,
1,2,1,2211,62844,18,16,2,38293.6,21319.8,
1,2,1,2215,128803,4,1,3,29393,33287.4,
0,1,0,2218,60969.5,1,0,1,24842.3,30742.6,
0,1,0,2220,64419.7,1,0,1,38486.7,30948.9,
2,3,2,2224,337858,17,10,7,26993.4,28649.9,
0,1,0,2226,42858.5,1,0,1,24009.9,31089.9,
1,2,1,2233,59951.5,7,5,2,31168.3,33246.2,
0,1,0,2233,144823,3,0,3,23704.7,18592.9,
0,1,0,2237,142116,2,0,2,37720.1,25465.2,
0,1,0,2238,80453.5,1,0,1,2930.13,29642.1,
3,4,3,2239,330888,73,66,7,11632.9,32772.6,
2,3,2,2249,168110,41,38,3,4673.8,39383.6,
6,7,6,2250,540045,258,245,13,13647.3,27651.2,
0,1,0,2253,33557.9,1,0,1,18016.9,6813.02,
1,2,1,2254,131113,11,8,3,20620.2,6425.26,
0,1,0,2258,26279.5,1,0,1,34266.3,37911.9,
3,4,3,2261,281743,51,46,5,33801.3,32360.9,
0,1,0,2270,51797.3,1,0,1,33278.7,38281.1,
1,2,1,2293,170242,31,27,4,29081.6,32324.8,
2,3,2,2305,197808,157,153,4,1042.25,24465.8,
2,3,2,2313,270785,46,40,6,21193.8,19276.7,
3,4,3,2317,172050,42,38,4,23610.4,35672.5,
0,1,0,2325,91470.3,2,0,2,10644.8,20910.8,
3,4,3,2338,215442,167,163,4,3378.42,33191.5,
0,1,0,2343,46123.2,1,0,1,33685.3,27290.5,
1,2,1,2344,121350,4,1,3,21013.8,32271.7,
0,1,0,2345,106490,3,0,3,3883.35,39331,
1,2,1,2364,168638,7,3,4,30687.5,3910.34,
0,1,0,2379,45867,1,0,1,39855.7,40189.6,
1,2,1,2384,102452,8,6,2,27075.7,10175.4,
2,3,2,2390,205155,161,156,5,12689.9,20228.4,
3,4,3,2392,324221,75,67,8,4529.14,39577.6,
0,1,0,2397,51702.7,1,0,1,24275,37049.3,
0,1,0,2399,42230.2,1,0,1,13590.4,20464.7,
2,3,2,2401,150288,55,52,3,16685.7,30642.9,
0,1,0,2404,35529.2,1,0,1,39010.7,7452.65,
0,1,0,2404,48905,1,0,1,38131.1,29093.5,
1,2,1,2409,106256,21,18,3,18799.2,31942.4,
5,6,5,2410,346175,807,798,9,38000.2,32773.8,
1,2,1,2410,139714,5,1,4,33311.2,31209.5,
0,1,0,2411,28032,1,0,1,1120.62,37256.9,
1,2,1,2415,212384,103,98,5,37400.8,19391.2,
4,5,4,2416,362509,133,125,8,23150.5,38634.4,
1,2,1,2421,82671.3,4,2,2,5956.51,15730,
1,2,1,2422,61826.5,41,39,2,17090,18104.3,
4,5,4,2422,182175,355,350,5,24288.8,16819,
0,1,0,2424,32309.9,1,0,1,33069.1,24337.6,
1,2,1,2425,91026.2,11,8,3,31462.2,38790.9,
5,6,5,2433,340789,105,96,9,31670.6,35401.7,
2,3,2,2433,214168,32,27,5,37304.8,28363,
0,1,0,2437,76006.1,1,0,1,33087.1,35991.6,
2,3,2,2438,256215,91,85,6,30951.3,20975.4,
2,3,2,2443,172327,80,75,5,17685.2,27529,
3,4,3,2446,241631,91,84,7,5661.69,35953.3,
0,1,0,2449,176514,4,0,4,27285.2,22788.5,
0,1,0,2450,68738.8,2,0,2,30031.1,37369,
10,11,10,2450,607206,379,364,15,18535.3,20440.8,
0,1,0,2454,54979.9,1,0,1,27221.7,27015.5,
2,3,2,2457,175295,6,2,4,25220,16230.5,
0,1,0,2473,27777.8,1,0,1,39344.1,27415.8,
2,3,2,2488,123944,66,63,3,3238.68,22555.5,
2,3,2,2492,295135,55,49,6,17742.8,38285.8,
2,3,2,2493,155876,30,26,4,31319.1,34750,
1,2,1,2498,192775,11,7,4,37570.3,35176,
0,1,0,2500,40826,1,0,1,17553.8,32447.9,
0,1,0,2511,45111.5,1,0,1,1652.88,30270.3,
1,2,1,2513,110849,8,5,3,36278.1,36524.2,
1,2,1,2515,161627,9,5,4,17001.9,5778.31,
2,3,2,2517,119048,298,295,3,8689.64,2327.94,
3,4,3,2530,296552,30,24,6,33907.6,27436.6,
2,3,2,2542,95290,65,62,3,17287.6,15600.6,
8,9,8,2545,634477,53,41,12,28959.7,7622.33,
0,1,0,2549,125692,3,0,3,17863.1,22771,
2,3,2,2551,109920,15,12,3,24699.7,18521,
2,3,2,2553,274870,19,12,7,26402.6,29799.6,
0,1,0,2559,62397,2,0,2,38559.7,33332.1,
2,3,2,2574,136372,47,43,4,4264.32,22594.3,
2,3,2,2578,134767,355,352,3,21655.7,32245.8,
1,2,1,2580,78992.9,3,1,2,22874.5,31052.5,
0,1,0,2582,44394.8,1,0,1,8552.92,3878.39,
0,1,0,2582,27380.8,1,0,1,16020,17600.7,
1,2,1,2582,143731,13,10,3,15407,32134.9,
3,4,3,2583,210403,82,77,5,19725.9,11092.9,
1,2,1,2608,163173,9,5,4,33947.1,38619.9,
1,2,1,2615,87542.5,21,19,2,38746.2,3957.32,
0,1,0,2618,45727.3,1,0,1,24916,15769.8,
1,2,1,2629,155249,45,40,5,3775.81,25268.1,
1,2,1,2635,113799,8,5,3,13813.6,32321.2,
0,1,0,2637,44248.5,1,0,1,19520.6,30186.6,
0,1,0,2650,40921.9,1,0,1,9732.1,15983.9,
1,2,1,2650,87367.4,164,162,2,13421.9,7654.4,
0,1,0,2650,32173,1,0,1,33484.7,31570.1,
5,6,5,2654,523358,184,170,14,20866.6,17334.6,
1,2,1,2660,76729.1,25,23,2,28284.6,26635.6,
0,1,0,2662,35889.4,1,0,1,39200.5,27141,
0,1,0,2664,112716,2,0,2,34315,28329.2,
1,2,1,2675,105976,48,46,2,17999.9,25300.5,
0,1,0,2679,36072.1,1,0,1,15333.8,39397.2,
3,4,3,2683,182993,80,76,4,39615.1,29056,
2,3,2,2683,166492,48,44,4,38740.9,21840.4,
2,3,2,2689,175399,106,102,4,16444.9,5298.95,
1,2,1,2689,68166.8,28,26,2,39129.4,21902.5,
6,7,6,2692,377691,473,464,9,35091,20117.1,
1,2,1,2699,174788,46,43,3,16531.4,24566.7,
0,1,0,2699,32275.2,1,0,1,11189.3,14015.7,
0,1,0,2718,94169.9,2,0,2,10899.7,14348.1,
0,1,0,2725,30325.3,1,0,1,13002.2,27419,
6,7,6,2726,318888,91,83,8,30180.4,31983,
0,1,0,2735,45189.7,1,0,1,37392.5,18394.1,
0,1,0,2738,31656.3,1,0,1,19990.6,17484.8,
2,3,2,2739,119399,98,95,3,5255.04,32673,
1,2,1,2740,241996,29,25,4,21370.7,35694.2,
0,1,0,2745,43133.3,1,0,1,31871.5,36908.6,
0,1,0,2745,47768.9,1,0,1,18843.9,12954.9,
0,1,0,2747,37265.5,1,0,1,25949.3,15109.2,
1,2,1,2750,137942,6,3,3,25268.6,37831.1,
0,1,0,2754,34534.9,1,0,1,15705.3,34760.9,
0,1,0,2766,128238,3,0,3,25449.3,10511.5,
2,3,2,2770,114320,171,168,3,26188,24515.8,
2,3,2,2771,110695,5,2,3,2962.41,38005.4,
0,1,0,2771,43072.2,1,0,1,25276.6,33130.8,
0,1,0,2771,40158.6,1,0,1,32892.9,15726.4,
1,2,1,2774,165687,111,107,4,39236.8,17118.6,
2,3,2,2775,98771.1,18,15,3,1797.64,32315.2,
0,1,0,2781,35101.2,1,0,1,24711.8,18981.6,
7,8,7,2781,451906,126,114,12,11639.8,30172.1,
0,1,0,2785,32930.5,1,0,1,30852.5,37845.2,
1,2,1,2785,163026,5,1,4,28871.7,16373.8,
0,1,0,2791,62351.6,2,0,2,37981.7,32142.5,
0,1,0,2791,33017.9,1,0,1,16800.6,32900.9,
2,3,2,2802,211740,26,22,4,23906.2,2211.24,
0,1,0,2807,39746.6,1,0,1,36710.8,32113.4,
0,1,0,2809,51594.1,1,0,1,37012.8,26174.6,
0,1,0,2810,45324.8,1,0,1,20703.8,4729.81,
3,4,3,2828,193293,168,164,4,18423.2,3450.98,
3,4,3,2838,165953,62,58,4,38139.4,31521.8,
2,3,2,2840,156365,24,20,4,34281.9,28563.6,
1,2,1,2842,210211,16,11,5,17665.4,34794.6,
0,1,0,2843,37243.9,1,0,1,12797.5,33172.6,
0,1,0,2846,40234,1,0,1,13834.6,22683.3,
1,2,1,2853,115228,3,1,2,32096.7,17411.3,
0,1,0,2856,34470.2,1,0,1,31942.3,39405.8,
0,1,0,2859,58178.9,1,0,1,28884.2,31007.3,
0,1,0,2860,55708.8,1,0,1,12151.9,34165.4,
0,1,0,2865,57555.2,1,0,1,37507.6,2359.66,
4,5,4,2865,233867,102,97,5,29276.6,16110.9,
1,2,1,2872,301133,20,14,6,16862.7,1899.1,
0,1,0,2874,69422.9,2,0,2,18966.9,24933.4,
2,3,2,2874,190034,35,31,4,24683.8,25195.2,
0,1,0,2886,59250.6,1,0,1,19652.5,8822.44,
0,1,0,2889,61369,1,0,1,27997.3,32808.2,
1,2,1,2891,123725,4,2,2,20238.6,39429.7,
0,1,0,2899,117004,3,0,3,6626.97,35817.7,
0,1,0,2900,47639.3,1,0,1,38888.7,13574.3,
0,1,0,2906,35545.6,1,0,1,23235.3,14346.7,
0,1,0,2907,74472.2,2,0,2,29519.3,9897.49,
0,1,0,2930,52737,1,0,1,35051,17302.4,
3,4,3,2937,253034,164,158,6,30882.7,19808.5,
0,1,0,2939,33764.2,1,0,1,36672.6,29774.8,
0,1,0,2941,71027.3,1,0,1,39369.2,3677.89,
0,1,0,2955,41015.6,1,0,1,10259.4,33569.6,
2,3,2,2955,220348,65,59,6,28774,29378.2,
0,1,0,2957,25913.6,1,0,1,4042.42,27859.3,
0,1,0,2961,44305.7,1,0,1,32840.3,36941.8,
1,2,1,2962,81994.7,41,39,2,15293.2,6233.42,
2,3,2,2964,164304,25,22,3,15864.2,30802.4,
0,1,0,2966,51507.1,1,0,1,1217.73,18143.4,
2,3,2,2967,253944,33,28,5,6079.35,20042.5,
7,8,7,2970,684333,110,96,14,17553.5,36015.6,
2,3,2,2986,134840,86,82,4,1067.95,38279.2,
4,5,4,2998,329298,132,125,7,14138.2,38878.2,
0,1,0,3007,83010.7,2,0,2,28435.1,21487.8,
2,3,2,3011,188444,84,80,4,15538.6,35048.6,
0,1,0,3012,57758.8,1,0,1,8464.2,27971.9,
0,1,0,3023,35709.5,1,0,1,36827.4,2941.45,
0,1,0,3030,46537.9,1,0,1,8421.93,35553.2,
1,2,1,3038,71144.8,3,1,2,15395.5,18434,
1,2,1,3044,321797,91,84,7,6053.75,25077.8,
5,6,5,3053,527538,104,93,11,21066.5,21867.9,
0,1,0,3056,61093.5,1,0,1,36633.3,16367.8,
0,1,0,3072,46919.3,1,0,1,31338.4,33243.5,
2,3,2,3086,153539,71,68,3,7652.74,21957.7,
6,7,6,3095,486704,284,274,10,18278.9,7419.61,
4,5,4,3097,386140,180,172,8,30364.3,29373.5,
5,6,5,3098,460771,115,106,9,12818.5,30847.8,
0,1,0,3100,40177.6,1,0,1,37614.6,38149.7,
0,1,0,3107,30171.8,1,0,1,7904.25,8323.86,
0,1,0,3108,128233,3,0,3,33737.2,27458.4,
1,2,1,3109,96647.6,38,36,2,13575.1,2651.08,
0,1,0,3114,103935,2,0,2,30572.7,32636,
2,3,2,3115,242444,8,2,6,20679.1,30190.3,
0,1,0,3116,44195,1,0,1,15889.3,34800.9,
4,5,4,3150,338607,118,110,8,19275.6,19644.5,
1,2,1,3157,150876,10,6,4,20054.6,38738.7,
0,1,0,3176,86251.9,2,0,2,28376.5,36436.8,
1,2,1,3184,77888.7,7,5,2,33463.1,19170.2,
0,1,0,3185,39041.9,1,0,1,3132.27,39837.5,
3,4,3,3189,338238,209,201,8,24188.2,18238.6,
0,1,0,3190,37790.6,1,0,1,20905.7,1800.93,
1,2,1,3200,190595,19,14,5,32073.3,35444.5,
0,1,0,3200,41012.9,1,0,1,18644.6,38925.2,
1,2,1,3201,91150.7,5,3,2,16862.5,31881.2,
1,2,1,3202,141781,4,1,3,17587.1,15649.7,
5,6,5,3203,442039,107,98,9,19169.7,38034.4,
3,4,3,3206,542489,139,128,11,10716.7,32840.6,
2,3,2,3211,217875,120,115,5,22835,32461.8,
0,1,0,3213,36848.6,1,0,1,27577.6,30692.1,
3,4,3,3222,202877,80,76,4,34583.4,20185.8,
1,2,1,3227,216631,9,4,5,32968.8,39355.6,
1,2,1,3228,250441,35,30,5,33290.4,37743.7,
0,1,0,3241,106619,2,0,2,5336.72,38793.8,
0,1,0,3245,90141.1,2,0,2,38812.3,21127.1,
0,1,0,3250,26043.9,1,0,1,6352.76,29840.6,
1,2,1,3253,133062,286,284,2,11624.6,20951.5,
1,2,1,3254,91547,3,1,2,31924.5,30010.2,
0,1,0,3258,128869,3,0,3,19408.1,38061.3,
1,2,1,3261,123837,166,163,3,18782.8,13684.3,
0,1,0,3283,46802.7,1,0,1,28122.6,35946,
4,5,4,3288,315921,77,70,7,686.452,19831.2,
0,1,0,3289,50712.4,1,0,1,19996.7,34405.7,
0,1,0,3293,37834.6,1,0,1,23098.6,26875.1,
0,1,0,3294,39517.3,1,0,1,25535.6,17756.2,
2,3,2,3299,144155,32,29,3,1927.24,24982.4,
0,1,0,3303,42063.4,1,0,1,22961.7,26492.1,
0,1,0,3308,49049,1,0,1,6141.07,36655.7,
0,1,0,3314,29190.8,1,0,1,26042.6,17960.3,
5,6,5,3319,655029,58,43,15,29638.7,35459,
3,4,3,3320,239529,20,14,6,28745,27741.1,
0,1,0,3322,34839.2,1,0,1,27759.1,36284.8,
2,3,2,3325,111590,27,24,3,23024.5,37857.7,
0,1,0,3332,49876.6,1,0,1,1516.76,20043.7,
2,3,2,3332,177082,32,28,4,36294.4,38020.9,
0,1,0,3333,53416.7,1,0,1,16068.4,35502.2,
5,6,5,3350,278238,213,206,7,39366.4,18026.1,
1,2,1,3362,221730,24,19,5,12564.3,36100.7,
0,1,0,3370,27380.9,1,0,1,26798.2,31853.1,
0,1,0,3372,30432.2,1,0,1,26429.6,17884.9,
2,3,2,3382,109640,7,4,3,13962.9,39775.3,
0,1,0,3384,31895.8,1,0,1,10541.2,35908.4,
2,3,2,3389,141604,76,72,4,35530.5,20520.7,
0,1,0,3398,38965.7,1,0,1,10631.8,27201.7,
0,1,0,3405,34864.7,1,0,1,18116,11923.5,
0,1,0,3406,31917.2,1,0,1,28403.4,11298,
0,1,0,3409,51270.3,1,0,1,32271,19407.1,
0,1,0,3411,38014.6,1,0,1,27687,37538.4,
0,1,0,3411,33510.7,1,0,1,3235.89,24398.1,
0,1,0,3415,120041,2,0,2,13895.5,32597.3,
0,1,0,3416,189508,3,0,3,30489.5,24331.5,
1,2,1,3430,63436.7,68,66,2,29443.9,39533.4,
0,1,0,3430,39013.2,1,0,1,16044.3,24419.8,
0,1,0,3436,66852.7,1,0,1,13268.1,35446.9,
2,3,2,3450,107992,6,3,3,12106.5,7791.06,
0,1,0,3453,25370.8,1,0,1,39726.8,21862.9,
0,1,0,3462,53698.1,1,0,1,4630.36,40061.6,
0,1,0,3478,29032,1,0,1,29098.3,25306,
0,1,0,3485,26554.4,1,0,1,13135.1,5783.94,
1,2,1,3485,114408,35,32,3,27375.5,40092.3,
0,1,0,3487,31746.5,1,0,1,24442.9,23842.3,
1,2,1,3506,199328,62,59,3,17277.9,13944.8,
1,2,1,3527,180631,6,3,3,34444.6,24646.9,
0,1,0,3528,44131,1,0,1,37137.2,36484.3,
1,2,1,3559,109687,60,58,2,34407.5,26928.2,
2,3,2,3559,165262,9,6,3,2027.89,24793.2,
1,2,1,3562,156475,12,9,3,27903.4,34653.3,
0,1,0,3573,47884.3,1,0,1,3823.17,24673.6,
1,2,1,3587,72829,8,6,2,29649.9,36328.3,
0,1,0,3592,83158.4,2,0,2,37908.5,36599.5,
0,1,0,3594,46428.9,1,0,1,26886.4,27078.6,
1,2,1,3598,102559,8,6,2,22764.7,28210.5,
0,1,0,3601,47478.8,1,0,1,35713.5,20688.9,
1,2,1,3608,77848.4,88,86,2,24106.9,12159.7,
1,2,1,3610,116616,4,1,3,5776.66,10009.9,
0,1,0,3612,48176.6,1,0,1,27214.8,36903.3,
0,1,0,3615,42770.2,1,0,1,2563.57,24764.3,
2,3,2,3615,176034,37,34,3,34131.8,28742.6,
0,1,0,3625,50831.1,1,0,1,22953.5,34158.2,
6,7,6,3631,644246,120,108,12,22936.8,31831.2,
0,1,0,3642,134439,3,0,3,29765.5,12912.6,
0,1,0,3642,34167.6,1,0,1,30256.5,39453,
0,1,0,3643,185595,4,0,4,16102.7,20438.2,
2,3,2,3649,178298,10,5,5,32630.2,16884.2,
2,3,2,3651,148006,16,13,3,13071.5,26890.5,
1,2,1,3656,68472.4,22,20,2,27597.5,27095.3,
2,3,2,3666,114904,119,116,3,28086.3,26773.2,
2,3,2,3667,175486,36,32,4,36245.5,19159.3,
2,3,2,3672,104514,23,20,3,20897.8,4173.5,
2,3,2,3675,132902,18,14,4,32670.8,34497.7,
2,3,2,3678,225610,30,26,4,16164.4,27455.3,
2,3,2,3688,192324,15,10,5,39588.8,40238.7,
1,2,1,3697,108458,5,3,2,6653.89,11846.8,
2,3,2,3697,189305,103,99,4,39122.6,18261.8,
1,2,1,3700,141113,31,29,2,9362.71,16442.3,
7,8,7,3700,422180,224,215,9,11251.1,25218.9,
0,1,0,3700,53331.7,1,0,1,10140.7,1056.95,
0,1,0,3702,50488.2,1,0,1,3981.93,38360.9,
1,2,1,3720,103810,9,7,2,22175.6,28139,
0,1,0,3722,161169,3,0,3,24465.5,11502.1,
1,2,1,3726,133105,19,16,3,21779.9,8053.3,
0,1,0,3731,56011.1,1,0,1,14804.3,4899.5,
1,2,1,3738,82135.6,12,10,2,1209.75,15708.7,
0,1,0,3743,53168.2,2,0,2,26318.6,37884.3,
0,1,0,3750,35529,1,0,1,25940.8,36757.3,
0,1,0,3764,38106.1,1,0,1,2763.25,20501.4,
3,4,3,3768,249299,58,51,7,15200.3,35655.9,
0,1,0,3768,49365.6,1,0,1,9254.41,32457.7,
2,3,2,3781,225316,21,16,5,33472.6,18622.5,
0,1,0,3791,59688.6,1,0,1,7568.12,10136.4,
0,1,0,3793,72975,1,0,1,8752.07,32373.8,
3,4,3,3799,346832,35,30,5,7521.34,6357.04,
4,5,4,3806,344680,32,24,8,2633.02,35048.8,
2,3,2,3806,188281,192,187,5,31337,40264.5,
0,1,0,3808,41757.8,1,0,1,9024.95,33485.5,
0,1,0,3814,165736,3,0,3,9256.33,29915.7,
0,1,0,3817,51905.5,1,0,1,29427.6,39165.2,
0,1,0,3828,49411.3,1,0,1,31257,30366.5,
0,1,0,3831,52418.9,1,0,1,29398.1,36634.1,
0,1,0,3835,45288.7,1,0,1,24211.2,26642.5,
1,2,1,3843,218153,22,17,5,16455.1,35729,
1,2,1,3862,327677,7,1,6,34791.3,20446.7,
2,3,2,3868,143776,17,14,3,38465,32541.1,
0,1,0,3869,91054.4,2,0,2,7679.58,28015.9,
0,1,0,3871,45238.3,1,0,1,31637.3,36420.8,
0,1,0,3874,120729,3,0,3,31497.9,23796.3,
1,2,1,3881,203077,5,1,4,39521.3,29298.8,
1,2,1,3913,76645.5,7,5,2,31270.1,20329,
2,3,2,3918,263677,45,40,5,19095.5,5275.14,
0,1,0,3919,51425.7,1,0,1,14311,28523,
0,1,0,3926,59294.4,1,0,1,29085.6,37445.9,
0,1,0,3929,82622.8,2,0,2,31800.1,40121.9,
0,1,0,3932,129646,2,0,2,20196,32516.2,
0,1,0,3934,51468.1,1,0,1,20871,30283.8,
1,2,1,3940,317137,8,2,6,26823.8,12681.7,
0,1,0,3942,81145.2,1,0,1,15429,22719.8,
0,1,0,3943,161660,2,0,2,36234.6,38531.4,
1,2,1,3953,134679,8,5,3,27321.2,17143.2,
0,1,0,3959,69787.5,2,0,2,39981.3,35681.4,
0,1,0,3970,50027.7,2,0,2,18431.6,3656.37,
3,4,3,3971,251743,14,7,7,7539.18,35385.6,
0,1,0,3972,40463.2,1,0,1,28474.1,12027.9,
1,2,1,3976,80838.9,6,4,2,36998,9650.47,
1,2,1,3983,163331,5,1,4,12147.2,32328.8,
0,1,0,3985,126248,2,0,2,25296.9,1185.39,
