# seq OFF,# seq ON,blinks,frame,intensity,lifetime,total OFF,total ON,x,y,
0,1,0,1,21347.5,1,0,1,21758.3,10891.2,
0,1,0,2,17945.1,1,0,1,11000.3,7157.08,
0,1,0,2,15190.5,1,0,1,39963.3,26237.8,
0,1,0,3,15252.3,1,0,1,1017.5,14147.8,
0,1,0,7,14051.4,1,0,1,4860.12,39563.3,
0,1,0,8,40540.5,2,0,2,19432,37120.3,
0,1,0,12,13338.5,1,0,1,15169,1979.93,
0,1,0,15,14430.4,1,0,1,26024.8,6710.08,
0,1,0,19,21016,1,0,1,21878.1,4173.89,
0,1,0,23,14336.4,1,0,1,26893.6,8889.18,
0,1,0,26,15380.2,1,0,1,21683.6,9104.9,
0,1,0,28,33208.9,2,0,2,22159.7,28205.4,
0,1,0,29,11820.5,1,0,1,31555.4,30869.1,
0,1,0,30,22412.6,1,0,1,38082.3,35351,
0,1,0,37,23363.9,1,0,1,22227,5097.07,
0,1,0,48,18763.4,1,0,1,31737.2,4446.22,
0,1,0,49,22651.1,1,0,1,29410.2,4792.61,
2,3,2,51,113029,1172,1168,4,25599.7,7282.9,
0,1,0,55,12686.6,1,0,1,26043.2,36260.7,
0,1,0,56,15860.7,1,0,1,23375.9,22146.2,
3,4,3,61,391993,1312,1291,21,24558.2,33470.8,
0,1,0,63,11958.8,1,0,1,22605.2,17948.9,
1,2,1,63,217871,9,1,8,34310.4,34905,
1,2,1,88,115633,1536,1530,6,35964.2,37462.6,
0,1,0,90,16788.7,1,0,1,20096.6,22391,
0,1,0,98,14183.7,1,0,1,12292.4,5195.51,
0,1,0,103,14317,1,0,1,35695.4,32200.1,
1,2,1,104,57448.3,2102,2100,2,37764.8,31297.9,
0,1,0,105,62757.6,1,0,1,38434.8,30940.1,
2,3,2,106,70858.2,2200,2197,3,39250.7,31255.7,
0,1,0,108,12356.4,1,0,1,33143,11237.4,
0,1,0,119,12904.3,1,0,1,36592,36393.2,
0,1,0,127,24792.1,2,0,2,23460.4,24635,
0,1,0,133,10564,1,0,1,27918.7,15483.2,
0,1,0,138,26674.9,1,0,1,28177.4,28467.9,
0,1,0,148,72217.5,3,0,3,38373.2,36771.6,
0,1,0,162,26035.1,1,0,1,6320.56,25954.5,
0,1,0,162,57702.6,1,0,1,39043.5,34819.5,
0,1,0,175,51121.4,1,0,1,13513.5,17837.5,
1,2,1,185,140803,5,1,4,5105.24,29926.7,
0,1,0,193,37447.1,1,0,1,37695,30525.8,
0,1,0,195,245286,10,0,10,9971.23,30693.6,
0,1,0,197,20534.7,1,0,1,26726.2,11249.1,
0,1,0,201,8969.96,1,0,1,37742.2,18402.2,
0,1,0,210,30339,1,0,1,17608.4,28359.4,
0,1,0,211,38042.2,1,0,1,25026.4,19498.4,
1,2,1,219,188420,6,1,5,26222,28745.1,
0,1,0,221,38961.6,1,0,1,8806.33,11598.9,
0,1,0,230,92101.9,1,0,1,25922.6,27142.9,
0,1,0,235,26275.1,1,0,1,30526.4,21801.9,
1,2,1,254,20605.2,924,922,2,20512.4,17841.7,
0,1,0,254,85567.7,5,0,5,34583.3,20718.5,
1,2,1,260,32761.4,185,183,2,39745.5,12292.6,
0,1,0,283,24483.6,2,0,2,20565.5,9153.12,
0,1,0,284,39612,2,0,2,32079,33876,
0,1,0,292,40364.3,2,0,2,14360.5,22308.9,
0,1,0,294,21189.9,1,0,1,38410.8,32610.9,
0,1,0,321,39156.2,2,0,2,25620.1,9404.29,
0,1,0,337,18783.2,1,0,1,31291,34474.9,
0,1,0,338,17981.6,1,0,1,35914.1,25965.6,
1,2,1,345,34549.3,502,500,2,26678.5,28949.7,
0,1,0,347,15498,1,0,1,19390.4,25506.5,
0,1,0,348,17831.1,1,0,1,18522.5,25323.5,
0,1,0,349,39220.1,1,0,1,30280.5,33809.4,
1,2,1,375,606256,22,1,21,39305.6,19924,
0,1,0,383,39307,2,0,2,36121.1,35555.8,
0,1,0,388,23129.7,1,0,1,35741.8,32642.3,
1,2,1,389,45327.9,15,13,2,30989.9,31827.8,
0,1,0,402,49802,4,0,4,31649.2,36742.2,
0,1,0,411,10671.1,1,0,1,22041,6992.44,
1,2,1,414,36150.8,2960,2958,2,33813.3,17171.7,
0,1,0,420,60546.1,1,0,1,33745,12379.1,
0,1,0,423,91979.8,1,0,1,31976,16223.4,
0,1,0,428,18104.4,1,0,1,34570.6,22484.8,
0,1,0,429,10540.2,1,0,1,29216.2,19956.4,
0,1,0,445,12591.4,1,0,1,40032,12161.5,
0,1,0,447,16603.5,2,0,2,7335.01,30922.5,
0,1,0,449,10731.3,1,0,1,39112.6,10802.9,
1,2,1,460,124986,4,1,3,12699.1,20856.1,
0,1,0,465,16685,1,0,1,21562.9,15481.2,
0,1,0,483,84030.8,4,0,4,33425.4,34143.5,
1,2,1,491,64812.1,11,8,3,27070.4,24331,
0,1,0,518,46495.2,1,0,1,11864,32544.9,
0,1,0,533,45627.3,1,0,1,26394.2,35315.3,
0,1,0,535,16121.7,1,0,1,36960.3,28522.8,
2,3,2,546,112301,16,9,7,38505.9,34655,
0,1,0,548,21663,1,0,1,24397.5,19573.8,
0,1,0,555,18604.1,1,0,1,27994.9,39968.5,
0,1,0,568,41554.5,1,0,1,27301.4,29096.1,
0,1,0,572,43919.7,3,0,3,27757,38101.1,
3,4,3,575,393107,17,8,9,21560.8,24403.3,
0,1,0,594,55376.3,2,0,2,28362.7,29967.3,
0,1,0,627,19258.7,1,0,1,36764.6,21953,
0,1,0,633,13204.4,1,0,1,37874.3,28411.5,
0,1,0,645,14273.3,1,0,1,18975.5,40178.5,
0,1,0,648,7381.99,1,0,1,6320.95,40020.3,
0,1,0,654,13898.3,1,0,1,7213.12,39811,
0,1,0,655,24200.8,2,0,2,37232,35771,
0,1,0,656,90440,4,0,4,6543.9,39292.9,
0,1,0,663,18152,1,0,1,29698.5,28349.9,
0,1,0,668,20951.4,1,0,1,18826.7,18224.5,
0,1,0,684,42314,2,0,2,29941.9,1139.51,
0,1,0,684,15792.7,1,0,1,36276.6,21982.5,
0,1,0,690,23441.5,1,0,1,23963.5,548.663,
0,1,0,694,18501.9,1,0,1,38152.5,31722,
0,1,0,695,29679.5,1,0,1,31477.2,25155.6,
0,1,0,695,23188.9,1,0,1,37211.1,25348.6,
0,1,0,696,12500.6,1,0,1,36494.7,26157.1,
0,1,0,698,17681.3,1,0,1,32646.6,26752.7,
0,1,0,699,24158.4,1,0,1,37019.6,27542.8,
0,1,0,712,434027,19,0,19,13607.8,1677.51,
0,1,0,714,12627.1,1,0,1,32974.8,17799.1,
1,2,1,715,38426.3,4,1,3,36887.6,40254.7,
0,1,0,728,35957,2,0,2,31056.8,30828.8,
0,1,0,739,15124.8,1,0,1,9369.3,17819,
0,1,0,743,17066.4,1,0,1,9878.03,36306.6,
0,1,0,748,20239.4,1,0,1,19106.9,2854.13,
0,1,0,775,12969.5,1,0,1,38064.7,29112.7,
3,4,3,784,207784,40,28,12,35021.7,28938.7,
0,1,0,788,13843.1,1,0,1,5721.45,25459,
0,1,0,793,19379.5,1,0,1,5591.54,10722.4,
0,1,0,794,13410.2,1,0,1,32395.6,15741.5,
0,1,0,807,13785.1,1,0,1,27201.1,11203.6,
0,1,0,808,10700.5,1,0,1,26782.6,11892.8,
0,1,0,812,10554.6,1,0,1,38225.7,27874.8,
0,1,0,819,188150,5,0,5,28923.4,7579.75,
0,1,0,826,11516.6,1,0,1,9327.2,35456.8,
0,1,0,827,39781,2,0,2,34720.2,16282.1,
0,1,0,829,31324.6,1,0,1,9867.14,5668.41,
0,1,0,831,64027.4,2,0,2,1068.05,2721.65,
0,1,0,843,205275,1,0,1,1793.86,19373.5,
0,1,0,848,251071,3,0,3,34651,28474.4,
0,1,0,848,21141.7,1,0,1,35656.9,28949.5,
0,1,0,865,32622.9,1,0,1,27758.4,26920.9,
0,1,0,870,35306.5,1,0,1,15290.9,25121.9,
0,1,0,872,12891.1,1,0,1,24395.8,5225.14,
0,1,0,873,19310.7,1,0,1,27900.3,4905.15,
0,1,0,874,25256.5,1,0,1,28208.1,5898.8,
0,1,0,876,41817.5,1,0,1,27534.9,3779.06,
0,1,0,877,148591,4,0,4,36014.3,33330.3,
0,1,0,881,18477.4,1,0,1,26884.4,4465.61,
0,1,0,881,13212.5,1,0,1,36407.5,32713.7,
0,1,0,890,26984.7,2,0,2,26619.2,4157.19,
1,2,1,892,36899.8,764,762,2,30668,40020.8,
0,1,0,915,23151.6,2,0,2,34235.3,31768.4,
0,1,0,928,15031.9,1,0,1,34508.5,15125.8,
0,1,0,930,45342.8,1,0,1,39334.4,26630.1,
0,1,0,931,29736.9,2,0,2,39100.2,32952.8,
0,1,0,932,16198.4,1,0,1,39834.9,34099.6,
0,1,0,932,24717.3,1,0,1,13681.3,36277.3,
0,1,0,933,14956.6,1,0,1,32416.5,32637.8,
0,1,0,934,27638.1,1,0,1,27805.6,39849,
0,1,0,941,58398.2,1,0,1,19287.2,11823.1,
3,4,3,967,109144,243,238,5,39814.5,35617.1,
3,4,3,971,80807.1,563,558,5,40053.8,11764.9,
0,1,0,973,9569.22,1,0,1,37316.3,31908.6,
0,1,0,974,10971.6,1,0,1,39881.7,31140.7,
0,1,0,975,13545.4,1,0,1,5545.57,19366.8,
0,1,0,976,15434.2,1,0,1,21411.7,11694.4,
0,1,0,979,12592.6,1,0,1,31454.4,34805.3,
0,1,0,983,15840.6,1,0,1,26784.7,39474.1,
1,2,1,1017,348511,13,3,10,27607.4,21735.7,
0,1,0,1025,20295.7,1,0,1,3030.7,36874.8,
0,1,0,1025,13579.2,1,0,1,15920,30377.7,
0,1,0,1028,38652,1,0,1,10704,34339.3,
0,1,0,1032,8839.44,1,0,1,2582.8,29951.1,
1,2,1,1035,56217,4,1,3,3621.46,38783.7,
0,1,0,1039,14980.6,1,0,1,7385.49,20532.4,
0,1,0,1040,32079.4,1,0,1,4258.55,35030.2,
0,1,0,1041,10499.9,1,0,1,25922.2,11583.4,
0,1,0,1042,17103.4,1,0,1,4061.35,34979.2,
0,1,0,1045,21587.3,1,0,1,39331.4,34775.3,
0,1,0,1046,32376.4,2,0,2,38722.6,27434.7,
0,1,0,1048,103346,4,0,4,10244.3,40290.6,
0,1,0,1050,17086.9,1,0,1,37807.1,33168.4,
0,1,0,1056,17063.2,1,0,1,27473.1,21361,
0,1,0,1061,11482.1,1,0,1,3915.6,22029.1,
1,2,1,1064,103242,7,2,5,5592,29969.2,
0,1,0,1065,18370.7,1,0,1,15113.4,25543.8,
0,1,0,1070,19957.7,1,0,1,29894.8,17111.7,
0,1,0,1076,39867.8,1,0,1,23353.6,4014.64,
4,5,4,1076,243024,83,78,5,39427.8,6390.52,
0,1,0,1096,82840.6,1,0,1,28866.9,32951.7,
0,1,0,1097,37411.7,1,0,1,31696.2,35126.4,
0,1,0,1114,12933.6,1,0,1,35422.4,4697.89,
0,1,0,1114,30110.3,1,0,1,34541.3,14165,
0,1,0,1131,19252.1,1,0,1,39260.1,40180.2,
0,1,0,1137,45596.2,1,0,1,11997.5,33833.5,
0,1,0,1137,29003,1,0,1,14754.8,35073.3,
0,1,0,1141,5189.56,1,0,1,20560.1,22888.3,
0,1,0,1145,49008.5,2,0,2,20996.6,6950.97,
0,1,0,1159,12369.1,1,0,1,21150.4,2721.95,
0,1,0,1160,41652.5,1,0,1,22311.7,8467.25,
0,1,0,1164,12815.9,1,0,1,16582.7,20456,
0,1,0,1164,44606.9,2,0,2,34720.7,24140.5,
0,1,0,1166,20396.2,1,0,1,35402,18831.6,
0,1,0,1167,17565.2,1,0,1,39981.9,2755.79,
0,1,0,1167,82846.6,4,0,4,35191.8,19331,
0,1,0,1180,31167.6,2,0,2,22778,19811.8,
0,1,0,1181,56776.6,2,0,2,14287,2060.76,
0,1,0,1192,14930.1,1,0,1,38401.9,35442.9,
1,2,1,1194,155368,4,1,3,29697.7,35529.4,
0,1,0,1195,42810.7,1,0,1,28483.1,26614.3,
0,1,0,1203,37702.6,2,0,2,27892.8,26324.1,
1,2,1,1214,30846.1,229,227,2,37515.8,27609.8,
0,1,0,1242,36183.9,2,0,2,19960.8,36158.4,
0,1,0,1250,23688.9,1,0,1,35837.7,25234.8,
0,1,0,1252,25260.8,1,0,1,25387,21663.2,
0,1,0,1252,10723.1,1,0,1,35127.5,29791.8,
0,1,0,1252,19672.1,1,0,1,34627.6,27555.1,
0,1,0,1253,25111.1,1,0,1,35320.7,29196.8,
0,1,0,1254,19244.9,1,0,1,35108.8,27274.2,
0,1,0,1255,12187.6,1,0,1,33892.7,25563.5,
0,1,0,1258,21050.5,2,0,2,28734.1,19457.3,
0,1,0,1260,9151.46,1,0,1,7981.74,40108,
0,1,0,1262,40446.3,2,0,2,24928.1,26482.7,
0,1,0,1262,53417.2,1,0,1,29625.2,27917.5,
0,1,0,1266,24667.1,1,0,1,8322.71,36743.3,
1,2,1,1270,44640.9,12,10,2,19676.9,13684.9,
1,2,1,1278,116335,10,5,5,26600.9,38624.9,
0,1,0,1282,15055.7,1,0,1,23825.4,15602.7,
0,1,0,1289,10352.3,1,0,1,32514.8,28366.4,
0,1,0,1291,13455,1,0,1,24114.2,30102.2,
0,1,0,1306,34097.5,1,0,1,12666.3,20489.8,
0,1,0,1307,66052.7,1,0,1,24377.6,19226.9,
0,1,0,1308,16446,1,0,1,22730.8,20028.3,
1,2,1,1317,72696.6,867,865,2,22795.8,27313.8,
0,1,0,1318,44883.5,1,0,1,25644.5,27143.9,
1,2,1,1319,71492.7,911,909,2,36962.5,29225.9,
0,1,0,1321,52437.3,1,0,1,26311.5,28324.1,
0,1,0,1324,50098.8,1,0,1,34722.3,23651.1,
4,5,4,1324,434282,27,19,8,37533.5,24651.5,
0,1,0,1325,520454,19,0,19,34516.9,23788.6,
0,1,0,1327,16670.9,1,0,1,34021.7,1342.73,
3,4,3,1339,110045,742,737,5,35900.1,29396.1,
0,1,0,1342,14000.6,1,0,1,21399.3,40219.8,
0,1,0,1347,30830.8,1,0,1,8613.12,7525.98,
0,1,0,1354,16854.7,1,0,1,19988.2,17691.5,
2,3,2,1359,81322.8,2470,2467,3,33410.5,24313.3,
0,1,0,1360,11800.4,1,0,1,32837.3,12972.2,
0,1,0,1373,21951.6,1,0,1,23512.7,34012.4,
0,1,0,1373,16607,1,0,1,24722.2,39675.5,
0,1,0,1374,15123.5,1,0,1,26882.3,38375.6,
0,1,0,1390,38448.2,2,0,2,733.377,33044.5,
0,1,0,1391,39853.9,1,0,1,14009.7,36381.9,
0,1,0,1398,68761.8,1,0,1,2572.45,33243.3,
0,1,0,1400,14660.3,1,0,1,20109,13260.4,
0,1,0,1410,36529.3,1,0,1,4276.35,32781.1,
1,2,1,1418,46152.4,41,38,3,39477.3,24218.4,
0,1,0,1420,27234.4,2,0,2,36176.4,13498.1,
0,1,0,1422,51839.9,4,0,4,35638.9,13457.2,
1,2,1,1428,34434.4,2267,2265,2,34573.3,33244.3,
0,1,0,1429,17484.4,1,0,1,34448.6,25999.1,
0,1,0,1434,16421.6,1,0,1,19499,36482.4,
0,1,0,1444,15024.6,1,0,1,33573.2,24089.2,
0,1,0,1445,21903.3,1,0,1,1303.71,33063.9,
0,1,0,1445,21707.5,1,0,1,37952.4,40283.1,
0,1,0,1448,23157.8,1,0,1,31856.7,13106,
0,1,0,1450,41070.5,3,0,3,9470.96,24942.8,
0,1,0,1459,23513.8,1,0,1,2207.63,12934.3,
0,1,0,1466,28454.6,2,0,2,1757.45,33216.6,
0,1,0,1478,20272.8,1,0,1,23272.4,23874,
0,1,0,1479,16360.9,1,0,1,4811.93,22121.7,
0,1,0,1482,17152.9,1,0,1,22121.2,31191.1,
0,1,0,1486,18243.6,1,0,1,15273.5,23007.9,
0,1,0,1488,14401.3,1,0,1,21700.7,25558.9,
0,1,0,1495,33524,1,0,1,18445.3,11635.4,
0,1,0,1501,29402.6,1,0,1,39640.5,25823,
0,1,0,1504,139989,1,0,1,40319.4,26577.5,
0,1,0,1508,19056.1,1,0,1,33710.3,34392.6,
0,1,0,1538,211937,1,0,1,35325,33228.2,
0,1,0,1543,204582,3,0,3,15555.5,2017.46,
0,1,0,1555,168544,1,0,1,29044.6,12497.3,
0,1,0,1595,75486.7,1,0,1,37897.7,15667.2,
0,1,0,1595,166233,1,0,1,6476.97,19314.5,
0,1,0,1601,13541.8,1,0,1,24055.8,29755.9,
0,1,0,1604,12487.9,1,0,1,31996.1,34349.2,
0,1,0,1604,13835.5,1,0,1,9496.07,36954.2,
0,1,0,1613,16571.7,1,0,1,12058,30200.6,
0,1,0,1616,31081.7,2,0,2,38120.3,40243.7,
0,1,0,1620,23159,2,0,2,7099.21,10693.4,
0,1,0,1620,10414.2,1,0,1,14601.9,24741.8,
0,1,0,1623,11834.9,1,0,1,27516.1,26311,
0,1,0,1624,12272.4,1,0,1,36347.4,36148.9,
0,1,0,1625,14148.8,1,0,1,21869.8,13448.3,
0,1,0,1644,32015.9,2,0,2,1634.12,19143.7,
6,7,6,1644,146071,35,25,10,22621.7,27004.4,
1,2,1,1649,37980.4,12,10,2,16647.8,40156.7,
1,2,1,1656,43398.4,3,1,2,18927.7,33550.7,
0,1,0,1659,16629.9,1,0,1,26682.4,29267.7,
0,1,0,1661,19335.9,1,0,1,11289.8,3719.83,
1,2,1,1667,88502.1,1094,1092,2,17793,36645.9,
0,1,0,1669,15257.5,1,0,1,17754.5,36526.5,
0,1,0,1671,34240.3,1,0,1,18390.3,16421,
0,1,0,1691,23340.9,1,0,1,27998.9,30826.6,
0,1,0,1692,38647.2,2,0,2,23988.1,34080.1,
1,2,1,1694,54907.6,1393,1390,3,30606.9,38735.3,
0,1,0,1700,12489,1,0,1,37063.1,18247,
0,1,0,1711,11716.9,1,0,1,31782.5,5277.86,
0,1,0,1718,36362.1,2,0,2,39161.9,2469.51,
1,2,1,1733,56315.9,5,2,3,39305.9,32389.5,
0,1,0,1754,34517.8,1,0,1,5784.89,19551.7,
0,1,0,1758,37040.8,1,0,1,7785.67,14635.4,
0,1,0,1759,13705.5,1,0,1,22357.5,40076.3,
0,1,0,1762,16783.8,1,0,1,21737.8,2963.53,
0,1,0,1763,23605.5,1,0,1,29406.6,30994.8,
0,1,0,1764,12487.3,1,0,1,24863.7,918.628,
0,1,0,1765,15219.5,1,0,1,27243.9,16026.5,
0,1,0,1776,17980.8,1,0,1,10366.5,9379.37,
0,1,0,1794,16357.7,1,0,1,34167.8,37587.1,
0,1,0,1802,12060.2,1,0,1,7520.92,34232.4,
0,1,0,1812,12702.7,1,0,1,13536.1,39749.2,
0,1,0,1814,17932.6,1,0,1,34790.2,26209.4,
0,1,0,1814,73415.3,1,0,1,34051.3,29225.2,
0,1,0,1815,12972,1,0,1,34301.3,26219.6,
0,1,0,1818,47709.6,1,0,1,23515.2,15000.1,
0,1,0,1826,53721.8,1,0,1,2623.54,40045.9,
0,1,0,1843,37338.5,1,0,1,28531.2,17786,
0,1,0,1845,18148.7,1,0,1,28310.9,23101.1,
0,1,0,1848,92160.1,5,0,5,24419.9,14501.6,
0,1,0,1849,32169,1,0,1,37520.1,15517,
0,1,0,1851,10555.7,1,0,1,14444.2,39801.4,
0,1,0,1851,70704.5,4,0,4,30901.2,18927.5,
0,1,0,1856,14212.7,1,0,1,34901.1,22751.1,
0,1,0,1864,31684.7,2,0,2,26500.1,23529.7,
0,1,0,1872,13013.7,1,0,1,30483.9,9450.64,
0,1,0,1874,68348.1,3,0,3,31532.1,27489.6,
0,1,0,1878,26177.1,1,0,1,9496.76,1666.66,
0,1,0,1882,27556.2,1,0,1,1437.56,12619,
0,1,0,1899,26105.3,1,0,1,22741.5,24415.7,
0,1,0,1905,52963.1,1,0,1,3363.64,33849.6,
0,1,0,1916,84642.2,4,0,4,40177.7,23410.9,
0,1,0,1918,32560.7,1,0,1,17073.4,18914.5,
0,1,0,1920,128458,5,0,5,39028.9,19871.7,
0,1,0,1928,42857.6,2,0,2,20395.4,3223.51,
0,1,0,1929,17909.3,1,0,1,14005.9,34055.9,
0,1,0,1948,106838,3,0,3,32249.9,22087.1,
0,1,0,1958,26920.6,2,0,2,17617.9,25323.8,
0,1,0,1958,37819.5,1,0,1,27715.1,20711.9,
0,1,0,1987,10168.7,1,0,1,21737.1,17998.2,
0,1,0,1991,12175.7,1,0,1,30808.2,38868.8,
0,1,0,1995,11091.9,1,0,1,10762.3,7789.93,
0,1,0,1997,24223.6,1,0,1,15791.9,13382.7,
0,1,0,1999,13794.5,1,0,1,23799.4,27277.6,
1,2,1,2001,97746.1,1342,1340,2,34562.8,23050.6,
0,1,0,2004,76746.1,3,0,3,34101.8,13968.6,
0,1,0,2014,26032.4,1,0,1,26531.8,26990.4,
0,1,0,2017,74768.4,1,0,1,33212,26210.7,
0,1,0,2018,40239.3,1,0,1,28104.6,21327.4,
0,1,0,2041,34731.3,1,0,1,27612.3,954.671,
0,1,0,2052,29598.4,1,0,1,40263.9,23698.4,
0,1,0,2057,16940.4,1,0,1,17395.3,18848.9,
0,1,0,2065,101988,1,0,1,2953.07,22242.4,
0,1,0,2068,45813.3,1,0,1,28687.5,38092.7,
0,1,0,2076,15031.3,1,0,1,26634.8,12791.6,
0,1,0,2076,23058.3,1,0,1,19470.1,34172.1,
0,1,0,2094,13282.2,1,0,1,24950.8,37137.6,
0,1,0,2110,8212.05,1,0,1,23485.1,32301.9,
0,1,0,2111,19267.3,1,0,1,27002.8,32372.1,
0,1,0,2112,36772.8,2,0,2,27911.4,31509.8,
0,1,0,2112,26290.7,1,0,1,27726.1,31989.7,
0,1,0,2113,10640.9,1,0,1,26619.4,32901.2,
0,1,0,2114,17572.7,1,0,1,31964.4,26710.7,
0,1,0,2114,25472.8,1,0,1,25841.2,32785.6,
0,1,0,2114,35033.7,1,0,1,26118.7,32681.7,
0,1,0,2115,16886.2,1,0,1,32370.4,28728.8,
0,1,0,2117,13713.9,1,0,1,32784.5,23567,
0,1,0,2131,14233.4,1,0,1,37917.1,21686.2,
0,1,0,2151,10899.9,1,0,1,16832.1,20268.9,
0,1,0,2166,35963.8,1,0,1,31872.3,33451.9,
0,1,0,2167,33025.8,1,0,1,31870.2,31102.4,
0,1,0,2174,30086.6,1,0,1,23120.5,15092.4,
0,1,0,2175,102430,2,0,2,23372.8,14471.2,
0,1,0,2182,8156.6,1,0,1,21782.1,27470.8,
0,1,0,2182,27142.7,1,0,1,24476.7,27484,
0,1,0,2184,16538.1,1,0,1,27509.2,28699,
0,1,0,2188,26586,1,0,1,27873.4,23591.1,
0,1,0,2193,14961,1,0,1,27707.4,26063.3,
0,1,0,2194,34148.6,1,0,1,22699.4,10558,
0,1,0,2194,22232.7,1,0,1,40302.6,29789.6,
0,1,0,2195,10235.2,1,0,1,39531.3,30753.1,
0,1,0,2204,10160,1,0,1,37975.7,31176.1,
0,1,0,2204,12814,1,0,1,36639.8,32892.7,
0,1,0,2226,220127,6,0,6,3563.52,19702.2,
0,1,0,2227,70121.6,1,0,1,5414.53,32868.9,
1,2,1,2232,96940.9,3,1,2,34843.8,19020.6,
0,1,0,2234,78224,2,0,2,15817.2,25872,
0,1,0,2237,13633.8,1,0,1,39824.6,20126.8,
0,1,0,2238,23806.7,1,0,1,39188.9,20461.5,
0,1,0,2244,96397.6,5,0,5,22801.3,8545.29,
0,1,0,2245,47391.9,2,0,2,39749.3,9250.87,
0,1,0,2256,13534.4,1,0,1,12011,36744.2,
0,1,0,2257,18245.6,1,0,1,2190.43,36727.5,
0,1,0,2306,18561.2,1,0,1,26745.8,32090.8,
0,1,0,2307,44870.2,1,0,1,37422.4,28661.3,
0,1,0,2311,8418.01,1,0,1,35451.9,16968.8,
0,1,0,2314,31040.1,2,0,2,692.097,35124.6,
0,1,0,2321,14297.2,1,0,1,26120.8,36075.3,
0,1,0,2357,16406.7,1,0,1,10471.5,3160.29,
5,6,5,2358,227337,198,187,11,33410.1,12638.9,
0,1,0,2358,13759.3,1,0,1,27371,24008.1,
0,1,0,2366,33373.4,1,0,1,26323.3,23759.1,
0,1,0,2380,65687.1,2,0,2,12624.2,23115.3,
0,1,0,2388,39063.9,1,0,1,20324.4,11417,
0,1,0,2401,41081.3,1,0,1,24966.8,19103.5,
0,1,0,2403,41178.7,1,0,1,11473.6,7099.73,
0,1,0,2405,28428.1,1,0,1,14333.8,5448.53,
0,1,0,2406,19334.8,1,0,1,14952.6,5773.23,
0,1,0,2408,42618,3,0,3,13806.5,1853.66,
0,1,0,2408,12416.8,1,0,1,33409.7,30245.4,
0,1,0,2414,31086.9,3,0,3,35570.4,23060.5,
0,1,0,2417,201564,9,0,9,35035,20402.2,
0,1,0,2433,14076.8,1,0,1,35357.9,32938.3,
0,1,0,2437,13175.3,1,0,1,18082.7,13524.9,
0,1,0,2449,16057.4,1,0,1,11844.6,20221.9,
0,1,0,2465,15820.3,1,0,1,21135.3,22343.2,
1,2,1,2477,83635.2,7,1,6,8155.3,3123.15,
0,1,0,2484,16248.2,1,0,1,31380.2,18287.3,
0,1,0,2486,19843.6,1,0,1,35068.5,39898.6,
0,1,0,2499,80640.2,3,0,3,2143.95,23991.5,
0,1,0,2503,27865.6,1,0,1,23317,1932.89,
0,1,0,2509,31798.8,1,0,1,20349.7,28129,
0,1,0,2516,31010,1,0,1,23292.8,34758.7,
0,1,0,2517,17307.3,1,0,1,27088,35045.4,
0,1,0,2518,23638.9,1,0,1,18707,15968,
0,1,0,2519,10077.9,1,0,1,31615.4,32843.7,
0,1,0,2528,17491.9,1,0,1,33629,23059.2,
1,2,1,2528,161274,14,6,8,19747.6,30148.1,
0,1,0,2538,16325.9,1,0,1,24502.8,23942.6,
0,1,0,2542,14666,1,0,1,25103.7,27519.9,
2,3,2,2543,128970,17,11,6,30520.4,20031.8,
0,1,0,2545,9348.62,1,0,1,24515,20012.6,
0,1,0,2554,13994.2,1,0,1,2337.12,19976.9,
0,1,0,2573,10450.5,1,0,1,32500.1,27372.7,
0,1,0,2611,31385.9,1,0,1,18231.1,5465.01,
0,1,0,2621,13770.5,1,0,1,28842.7,7915.65,
0,1,0,2633,18335.9,1,0,1,28657.5,20665.4,
0,1,0,2635,12002.4,1,0,1,18456.6,36309.2,
0,1,0,2644,29674.8,1,0,1,27197.2,36651.4,
0,1,0,2660,16947.6,1,0,1,37425.7,17927.9,
1,2,1,2666,30637.9,72,70,2,24938.7,35690.9,
0,1,0,2675,18108.2,1,0,1,30769.4,31346.7,
0,1,0,2688,12063,1,0,1,37199.5,30882.7,
0,1,0,2733,96954.9,1,0,1,16463.2,17940.4,
0,1,0,2733,29707.2,2,0,2,24321.2,40090.6,
0,1,0,2735,69359.1,1,0,1,27608.1,38577,
0,1,0,2743,55529.8,1,0,1,36567.6,36687.8,
0,1,0,2744,67459.1,1,0,1,30965.2,27868.2,
0,1,0,2744,8676.05,1,0,1,29708.7,38717.6,
0,1,0,2745,12113.7,1,0,1,29368.5,38282.4,
0,1,0,2746,32926.6,1,0,1,29853.7,38459,
0,1,0,2751,67141.9,5,0,5,31839.6,38248.5,
0,1,0,2756,9454.74,1,0,1,29929.6,6495.21,
0,1,0,2761,30554.4,1,0,1,35238.8,10554.7,
0,1,0,2761,12310.6,1,0,1,17737.5,36315,
0,1,0,2763,10411.5,1,0,1,17919.7,30856,
0,1,0,2764,14911.2,1,0,1,34985,19921.7,
0,1,0,2767,22997.5,1,0,1,23823.1,20182.7,
0,1,0,2799,18409.4,1,0,1,25245.7,33354.5,
0,1,0,2799,32348.8,1,0,1,1743.41,36121.8,
0,1,0,2803,69298.5,2,0,2,38891.9,32634.3,
0,1,0,2806,235461,7,0,7,10991.2,14451.8,
0,1,0,2815,15713.4,1,0,1,35509,10472.6,
0,1,0,2818,21501.9,2,0,2,31497.8,18750.8,
0,1,0,2820,11705.5,1,0,1,30701.5,19174.4,
0,1,0,2821,14742.3,1,0,1,35994.3,16660.7,
7,8,7,2823,192207,27,16,11,31275.5,31347,
0,1,0,2855,24042.2,1,0,1,24541.9,29858.4,
0,1,0,2859,29768.6,1,0,1,37600.1,18093.8,
0,1,0,2886,43237.6,1,0,1,34562.2,16809.1,
0,1,0,2886,92043.4,1,0,1,12858.5,33232.1,
0,1,0,2889,61915.8,1,0,1,29613.7,16926.6,
1,2,1,2896,84083.6,21,17,4,38611.9,10327.7,
0,1,0,2902,42034.6,1,0,1,36243.8,9160.82,
0,1,0,2902,16325,1,0,1,35241.5,25622.6,
0,1,0,2905,119878,3,0,3,34933.9,23004.9,
0,1,0,2907,43590.1,2,0,2,24428.2,3774.84,
0,1,0,2908,35722.7,1,0,1,32058.1,25056.1,
0,1,0,2909,23671.7,1,0,1,29304.3,24811.5,
1,2,1,2909,27954.7,789,787,2,30774.5,25575.1,
0,1,0,2911,13071.2,1,0,1,26231.1,18369.4,
0,1,0,2911,33424.4,2,0,2,25306,18620.8,
0,1,0,2913,16440.3,1,0,1,31207,19172.9,
0,1,0,2916,15012.1,1,0,1,34568.8,34078.9,
0,1,0,2917,11282.5,1,0,1,38485.4,24817.8,
0,1,0,2919,22042.6,1,0,1,39215.2,27619,
0,1,0,2919,10619.6,1,0,1,32869.7,20894.8,
0,1,0,2931,16540.9,1,0,1,24323.7,15127,
0,1,0,2936,13954.7,1,0,1,18291.3,14154.6,
1,2,1,2937,95412.9,57,52,5,39369.1,23620.4,
0,1,0,2940,14150.7,1,0,1,37060.8,3369.57,
0,1,0,2942,15112.6,1,0,1,8033.35,5440.31,
0,1,0,2954,9377.22,1,0,1,35956.1,29154,
0,1,0,2955,19085.9,1,0,1,34790,26961,
0,1,0,2974,21307,1,0,1,18625.5,39773.6,
0,1,0,2975,16135.7,1,0,1,25644.4,29505.6,
0,1,0,2976,11097.4,1,0,1,38068.5,31961.1,
0,1,0,2981,39773.8,3,0,3,26675,24191.4,
0,1,0,2982,17129,1,0,1,20822.4,25383,
0,1,0,2983,10980,1,0,1,20008.3,25130.5,
0,1,0,2990,11907.4,1,0,1,28191.1,35493,
0,1,0,2995,10424.4,1,0,1,31544.9,30653.1,
0,1,0,3011,9776.9,1,0,1,23914.7,7543.99,
6,7,6,3013,210555,43,32,11,34814.2,36815.7,
0,1,0,3013,9724.2,1,0,1,16971.9,37298.2,
0,1,0,3022,26858.4,1,0,1,38041.3,27765.3,
3,4,3,3023,47942.8,68,64,4,22768.6,31839.9,
0,1,0,3025,16737.4,1,0,1,28979.9,32007.3,
0,1,0,3030,43514.8,2,0,2,22169.8,24932.9,
0,1,0,3039,14654.5,1,0,1,37937.9,4042.57,
0,1,0,3039,12016,1,0,1,26955.9,16359.1,
0,1,0,3043,12977.8,1,0,1,19252.6,5636.52,
0,1,0,3044,10479,1,0,1,6057.43,36039.2,
0,1,0,3057,12975.3,1,0,1,16958.1,27605.8,
0,1,0,3077,10882,1,0,1,11970.5,16223.5,
0,1,0,3082,32479.4,2,0,2,33673.8,37974.6,
7,8,7,3087,451490,45,15,30,3547.55,27361.9,
0,1,0,3097,14530.5,1,0,1,37820.5,32873.2,
0,1,0,3114,13840.6,1,0,1,27201,34466.3,
0,1,0,3137,18672.1,1,0,1,36773.3,25760.2,
0,1,0,3139,24177.1,1,0,1,30461.6,22353.2,
0,1,0,3140,14160.1,1,0,1,27303.8,39743.6,
0,1,0,3149,33302.9,1,0,1,35699,32413.2,
0,1,0,3154,22596,1,0,1,40094.7,1741.57,
0,1,0,3165,12221.2,1,0,1,16334.2,28430.7,
0,1,0,3169,33763,1,0,1,35457.9,33616.7,
0,1,0,3174,20446.5,1,0,1,26741,36237.9,
0,1,0,3175,26882.5,1,0,1,24900.4,5306.73,
0,1,0,3189,21705.6,1,0,1,25663.6,32429.7,
0,1,0,3190,10685.8,1,0,1,34727.2,29658,
0,1,0,3194,17788.7,1,0,1,28378.6,12762.1,
0,1,0,3194,11795.5,1,0,1,28065.3,34875.1,
0,1,0,3195,17113.9,1,0,1,25733.4,25413.5,
0,1,0,3195,7050.12,1,0,1,21142.8,27313,
0,1,0,3196,29977.1,1,0,1,25284.7,11726.4,
0,1,0,3196,21387.5,1,0,1,14463.6,31111.3,
0,1,0,3216,15453.8,1,0,1,34910.9,37510.2,
0,1,0,3236,14803.7,1,0,1,17598.7,3386.87,
0,1,0,3239,20255.6,1,0,1,29946.8,12169.6,
0,1,0,3258,26630.4,2,0,2,36707.1,29389.3,
0,1,0,3261,68112.5,2,0,2,20071.7,33863.5,
0,1,0,3283,8740.34,1,0,1,38731.1,17518.9,
0,1,0,3292,9972.24,1,0,1,29328.3,20180.4,
0,1,0,3301,9011.97,1,0,1,11919.8,39994.9,
0,1,0,3302,23065.4,1,0,1,11556.4,37826.2,
0,1,0,3304,24215.8,1,0,1,18422.5,33235.4,
0,1,0,3306,21763.4,1,0,1,24963.2,13275.5,
0,1,0,3310,15107.7,1,0,1,11984,36503.6,
0,1,0,3311,29389.4,1,0,1,12349,35874.4,
0,1,0,3320,21051.1,1,0,1,8238.29,28130.5,
0,1,0,3321,63686,3,0,3,8368.58,27871.4,
0,1,0,3324,26225.1,2,0,2,35789.3,18514.7,
0,1,0,3328,11988.9,1,0,1,11065.2,39889.2,
0,1,0,3330,17997.5,1,0,1,33769.7,17850.4,
2,3,2,3333,56204.8,7,3,4,27017.3,804.838,
0,1,0,3337,15140.3,1,0,1,9489.28,5636.5,
0,1,0,3338,43342,2,0,2,26477,31894.2,
0,1,0,3346,14682.3,1,0,1,21296.1,11173.1,
0,1,0,3347,10628.9,1,0,1,5809.01,17126.1,
0,1,0,3352,9212.59,1,0,1,35924.3,36515.5,
0,1,0,3354,15169.1,1,0,1,39104.3,17233.5,
0,1,0,3357,15161,1,0,1,29635.7,14635.8,
0,1,0,3358,19139.9,1,0,1,22400.2,4090.98,
0,1,0,3368,11648.7,1,0,1,6268.04,37460,
0,1,0,3375,27266.3,1,0,1,13020.3,7503.7,
0,1,0,3377,19536.8,1,0,1,34448.3,16556.9,
0,1,0,3378,22034.7,1,0,1,27340.2,35810.7,
0,1,0,3379,31881.8,2,0,2,38286.8,13742.7,
0,1,0,3383,11554,1,0,1,34925.6,19422.5,
0,1,0,3393,17059,1,0,1,31646.8,1312.93,
0,1,0,3396,27074.9,1,0,1,40296.9,38317.3,
0,1,0,3401,30557,1,0,1,18273.9,13881.1,
0,1,0,3406,14471.5,1,0,1,25751.1,16640.9,
0,1,0,3406,14041.1,1,0,1,37503.3,28275.6,
0,1,0,3408,11236.5,1,0,1,19008.7,22611.6,
0,1,0,3411,14296.5,1,0,1,17438.7,30593.1,
0,1,0,3414,15802.6,1,0,1,22058,27652.9,
0,1,0,3448,19020.6,1,0,1,20981.9,9304.64,
0,1,0,3455,36866.1,2,0,2,7158.01,36105.7,
0,1,0,3456,18749.7,1,0,1,39422.4,26000.9,
0,1,0,3459,11652,1,0,1,24731.1,26262.6,
0,1,0,3460,16388,1,0,1,17634.1,30542.9,
0,1,0,3462,14709.5,1,0,1,39748.6,39292,
0,1,0,3469,37842.1,3,0,3,6185.91,38838.9,
2,3,2,3470,62913.8,16,13,3,16704.8,11899.2,
0,1,0,3472,46968.8,1,0,1,23756.2,36908.6,
0,1,0,3478,71759.6,1,0,1,37589.4,31438.4,
0,1,0,3479,49303.9,1,0,1,35775.4,28654.8,
0,1,0,3481,379457,4,0,4,27413.7,28972.2,
0,1,0,3483,37874.7,1,0,1,13996.9,39815.7,
0,1,0,3485,30964.7,2,0,2,14580.7,40318.5,
0,1,0,3488,54828,1,0,1,16090.8,39670.9,
0,1,0,3493,11008.5,1,0,1,34942.7,10630.3,
2,3,2,3506,102871,35,30,5,29758.3,33760,
0,1,0,3506,12659,1,0,1,5529.45,39814.1,
0,1,0,3520,12307.3,1,0,1,39132,39853.1,
0,1,0,3525,15466.3,1,0,1,24074.5,32092.6,
0,1,0,3534,17594.7,1,0,1,28026,12686.2,
0,1,0,3534,11813.9,1,0,1,37970.2,15424,
0,1,0,3538,20691.3,1,0,1,24501,10427.2,
0,1,0,3544,60593.6,2,0,2,26872.5,1269.45,
0,1,0,3552,22969.8,1,0,1,19292.1,39961.2,
0,1,0,3563,346061,18,0,18,15837.9,39562.2,
0,1,0,3577,16627.7,1,0,1,19228.1,18160.6,
0,1,0,3578,18180.9,1,0,1,38967.9,23505.8,
0,1,0,3583,25509.9,1,0,1,3706.9,36891.5,
0,1,0,3593,8757.36,1,0,1,5905.69,30161.3,
0,1,0,3600,55954,3,0,3,13493.2,32646.6,
1,2,1,3601,165788,31,29,2,3668.24,34945.4,
0,1,0,3601,20372.7,1,0,1,37727,34425.4,
0,1,0,3602,48301.9,3,0,3,14464.6,34231.9,
0,1,0,3609,85458.7,2,0,2,40005.8,39110.8,
0,1,0,3621,15692.6,1,0,1,25315.7,31056.6,
0,1,0,3627,18646.9,1,0,1,2506.37,7028.69,
0,1,0,3628,25453.2,1,0,1,24784.3,26566.2,
0,1,0,3629,17616.2,1,0,1,25197.1,26588,
0,1,0,3632,73504.8,2,0,2,24964.9,31359.7,
0,1,0,3640,9972.02,1,0,1,14283.6,20584.9,
0,1,0,3643,17319.9,1,0,1,27684.9,35136.6,
0,1,0,3643,11713.7,1,0,1,26479.7,35662.8,
0,1,0,3644,10566.3,1,0,1,29563.1,38348.6,
0,1,0,3644,25177.9,1,0,1,25118.4,34872.5,
0,1,0,3645,8405.41,1,0,1,25101.5,32858.9,
0,1,0,3651,25155.9,1,0,1,29363.7,32199.4,
0,1,0,3652,27818.8,1,0,1,24117.8,22038.7,
0,1,0,3655,21479.2,1,0,1,23539.5,21251.5,
0,1,0,3666,15109.5,1,0,1,22256,36539.1,
0,1,0,3677,20759,1,0,1,40165.6,24603.8,
0,1,0,3680,15951.9,1,0,1,40194.2,22264,
0,1,0,3688,15445.5,1,0,1,28352.6,39393.5,
0,1,0,3694,38523.7,1,0,1,37405.8,35562.8,
0,1,0,3694,20698.8,1,0,1,3553.25,22608.6,
0,1,0,3694,10888.9,1,0,1,33169,33476.6,
0,1,0,3696,19158.3,1,0,1,35400.7,34158.8,
0,1,0,3700,25048.4,1,0,1,4478.34,19652.1,
0,1,0,3703,13983.8,1,0,1,30871.9,13399.8,
0,1,0,3709,13749.1,1,0,1,13879.9,7675.55,
0,1,0,3711,86298.4,3,0,3,16339.1,13079.8,
0,1,0,3718,13380.4,1,0,1,28520,29505,
0,1,0,3727,17031.6,1,0,1,16325.6,17625.8,
0,1,0,3743,8127.57,1,0,1,19197.7,30089,
0,1,0,3749,68450.4,1,0,1,31232.1,4957.63,
0,1,0,3749,71791.8,2,0,2,6243.64,39296.5,
0,1,0,3761,25472.1,1,0,1,36860.7,31290.1,
0,1,0,3766,14336.2,1,0,1,33113.6,10337.2,
0,1,0,3774,11061.3,1,0,1,21844.1,28030,
0,1,0,3780,14179,1,0,1,8697.45,25293.7,
0,1,0,3781,16343.7,1,0,1,12132.1,25632.9,
0,1,0,3802,16557.5,1,0,1,13041.2,22263.4,
0,1,0,3807,14138.8,1,0,1,2323.41,35518.5,
0,1,0,3819,10437.6,1,0,1,5899.22,37091.3,
0,1,0,3820,12602,1,0,1,6859.57,39418.1,
0,1,0,3820,9146.19,1,0,1,26223.8,30206.2,
0,1,0,3826,13412.9,1,0,1,19339.7,22904.2,
0,1,0,3829,17651.4,1,0,1,31374,35504.5,
0,1,0,3838,24702.9,1,0,1,17445.9,28494.4,
0,1,0,3840,16812.5,1,0,1,20651,37298.5,
0,1,0,3844,21176.4,1,0,1,36321.7,36361.2,
0,1,0,3854,14848.2,1,0,1,3661.63,4201.45,
0,1,0,3863,9530.79,1,0,1,535.875,36740.4,
0,1,0,3866,10456.5,1,0,1,24155.8,36855.5,
0,1,0,3872,17512.8,1,0,1,24432.7,29701.3,
0,1,0,3881,32271.6,2,0,2,39076.2,35299.5,
0,1,0,3886,12824.8,1,0,1,7998.44,37162,
0,1,0,3887,41777.3,2,0,2,6466.08,40154.6,
0,1,0,3904,16537.9,1,0,1,19757.9,39470.8,
0,1,0,3908,12378.1,1,0,1,13449.8,20765.2,
0,1,0,3912,64410.2,3,0,3,16430.9,37359.8,
0,1,0,3915,13580.6,1,0,1,29515.8,11848.1,
0,1,0,3933,17593.6,1,0,1,20781.9,538.1,
0,1,0,3944,9844.74,1,0,1,28747.8,37839.1,
0,1,0,3957,103741,2,0,2,23999.5,10637.4,
0,1,0,3966,11656.8,1,0,1,15517.4,18972.3,
0,1,0,3991,11925.3,1,0,1,19646.9,11653.3,
0,1,0,3993,10428.6,1,0,1,33400.9,26904.5,
0,1,0,3995,30460.7,2,0,2,34126.1,16884.6,
