# seq OFF,# seq ON,blinks,frame,intensity,lifetime,total OFF,total ON,x,y,
54,56,55,1,1.52322e+07,4000,55,3945,28427.4,797.226,
0,2,1,1,1.50477e+07,4000,1,3999,18293.4,36734.9,
4.29497e+09,1,0,1,1.5403e+07,4000,0,4000,1342.97,34662.5,
4,5,4,1,29482.8,794,788,6,13459.1,30656.8,
950,951,950,2,8.88363e+06,3998,1705,2293,10071.8,25752.7,
0,1,0,11,1004.53,1,0,1,19034.1,37961.6,
0,1,0,12,1073.02,1,0,1,34914.9,15718,
265,266,265,15,1.16353e+06,3972,3679,293,31244.8,18698.9,
7,8,7,21,95986.7,40,18,22,33148.1,15823.7,
3,4,3,21,26596,11,5,6,40109.1,36201,
0,1,0,24,2354.09,1,0,1,35635.5,29942.6,
7,8,7,29,43529.2,973,962,11,19214.6,9418.15,
0,1,0,29,3955.5,2,0,2,11848.9,34809.6,
0,1,0,31,2707.59,1,0,1,36160.5,14885.9,
0,1,0,33,787.676,1,0,1,31438.2,30444.3,
0,1,0,42,8255.74,1,0,1,4363.22,39725.3,
0,1,0,43,2664.13,1,0,1,5136.59,38563,
0,1,0,46,9331.11,1,0,1,980.357,27004.9,
0,1,0,52,5076.48,3,0,3,33601.6,11156.6,
0,1,0,62,13881.7,3,0,3,25573,35658.6,
0,1,0,75,4720.26,2,0,2,33791.2,19302.4,
0,1,0,82,1024.34,1,0,1,33956.6,25781.1,
1,2,1,84,10574.2,3,1,2,37512.6,22314.2,
0,1,0,87,1449.69,1,0,1,33196.6,16146.3,
0,1,0,112,2920.52,1,0,1,11099.9,25889.8,
0,1,0,119,8746.25,1,0,1,32111.6,33321.6,
0,1,0,127,2383.02,1,0,1,24924.9,19334.4,
0,1,0,143,1504.53,1,0,1,19169.8,36066.3,
0,1,0,159,2891.74,1,0,1,17671.9,35414.8,
0,1,0,161,1614.13,1,0,1,13613.4,35097.6,
0,1,0,164,18201.4,2,0,2,19405,26227.9,
0,1,0,171,3895.2,2,0,2,33543.5,33615.2,
0,1,0,172,10496.4,2,0,2,30415.9,34358.8,
0,1,0,178,2206.38,1,0,1,28367.8,36723.1,
0,1,0,180,1464.89,1,0,1,28417.9,37742.9,
0,1,0,182,1959.19,1,0,1,26362.5,34465.2,
21,22,21,190,93351.7,3730,3708,22,36594.3,600.572,
0,1,0,193,2674.92,1,0,1,38462,12451.7,
0,1,0,240,2074.19,1,0,1,2075.05,32158.6,
0,1,0,254,3591.69,1,0,1,18563.1,17589.8,
0,1,0,255,11939.2,2,0,2,1614.57,25198.4,
0,1,0,256,3957.72,2,0,2,16637.9,36446.3,
0,1,0,272,2811.12,1,0,1,30159.9,16521.1,
0,1,0,281,2531.44,2,0,2,36684.1,8543.84,
0,1,0,282,9596.56,1,0,1,38034.7,16578.4,
0,1,0,295,2017.51,1,0,1,39920.3,15998.5,
0,1,0,301,2405.08,1,0,1,17830,27897.1,
0,1,0,328,9620.07,1,0,1,4366.77,22520.3,
0,1,0,329,1557.49,1,0,1,21104.9,36626.8,
0,1,0,332,8449.36,1,0,1,10211.7,25938.1,
0,1,0,332,2532.58,1,0,1,9909.47,30590.5,
0,1,0,348,1305.17,1,0,1,7928.81,24667.6,
0,1,0,370,1946.13,1,0,1,2953.55,27779.3,
0,1,0,372,40258.6,8,0,8,2705.42,31989.1,
0,1,0,374,1533.66,1,0,1,25552.1,17694.7,
0,1,0,380,1968.2,1,0,1,18640.7,34777.5,
0,1,0,389,1558.99,1,0,1,36320.4,34825.1,
2,3,2,392,14181.1,2630,2627,3,31148.1,18792.3,
0,1,0,413,1909.54,1,0,1,5307.25,24701.6,
0,1,0,422,1860.93,1,0,1,25371.9,38447.7,
0,1,0,426,2561.77,1,0,1,31933.1,35389.4,
0,1,0,427,7881.34,1,0,1,32798.1,36320.1,
0,1,0,429,1147.69,1,0,1,33907.8,37816.3,
0,1,0,441,2584.49,1,0,1,34153.9,25324.1,
0,1,0,449,2133.96,1,0,1,22676.8,25108.2,
0,1,0,454,9078.71,1,0,1,36150.1,29206.9,
0,1,0,461,2697.27,1,0,1,31173.1,35747.4,
0,1,0,462,2392.93,1,0,1,30997.2,35689.3,
0,1,0,464,9997.21,1,0,1,31513.7,35151.4,
0,1,0,468,23867.5,4,0,4,31838,36095.8,
0,1,0,472,2032.67,1,0,1,27735,38602.6,
0,1,0,478,1401.91,1,0,1,29871.3,36286.5,
0,1,0,484,3480.1,2,0,2,35826.4,38434.1,
0,1,0,484,2986.83,1,0,1,3443.4,37311.7,
0,1,0,488,960.381,1,0,1,9588.71,18832.2,
0,1,0,490,10120.7,1,0,1,35625.3,29451.3,
0,1,0,497,1987.13,1,0,1,13558.5,40088.1,
0,1,0,500,45715.5,12,0,12,12155.5,19218.4,
0,1,0,501,1930.46,1,0,1,21667.9,35101.3,
0,1,0,503,2615.75,1,0,1,15295.1,24921.6,
0,1,0,504,9773.39,1,0,1,33375.3,12201.6,
0,1,0,504,1838.84,1,0,1,19919.1,36273.7,
0,1,0,522,11278.3,2,0,2,7504.74,24479.6,
0,1,0,527,1409.89,1,0,1,8249.75,23156.7,
0,1,0,530,2884.46,1,0,1,1304.17,22008.4,
0,1,0,531,8856.19,1,0,1,14682.5,23984.3,
0,1,0,533,9115.02,1,0,1,5364.27,18291.9,
0,1,0,538,1558.2,1,0,1,12478,30009.3,
0,1,0,546,1785.75,1,0,1,20395.6,14257.9,
0,1,0,546,1945.49,1,0,1,13286.7,31923.4,
0,1,0,548,2296.72,1,0,1,25118.4,18498.2,
0,1,0,549,10209.3,1,0,1,25217.4,18343.4,
0,1,0,552,863.803,1,0,1,25311.5,18786.4,
0,1,0,553,2690.78,1,0,1,15587.3,35447.2,
0,1,0,554,1037.63,1,0,1,15504.7,35198.3,
2,3,2,558,41830.1,376,365,11,27022.7,18203.6,
0,1,0,559,10290.6,1,0,1,19526.7,22401.4,
0,1,0,560,3487.35,2,0,2,20607.8,38343.1,
0,1,0,563,14397.9,4,0,4,32425,26968,
1,2,1,567,3846.67,1553,1551,2,14426.5,35201.3,
0,1,0,568,8647.89,1,0,1,29477.9,23753.3,
0,1,0,571,2677.28,1,0,1,18025,30859.6,
0,1,0,571,2096.19,1,0,1,18827.2,30794.8,
5,6,5,572,27355,150,143,7,19336.9,38429.4,
0,1,0,575,2128.93,1,0,1,19887.4,33915.4,
0,1,0,577,9780.17,1,0,1,19368.7,35140.5,
0,1,0,583,2544.73,1,0,1,18755,29679.7,
0,1,0,587,2452.31,1,0,1,23874.4,39553.6,
0,1,0,608,19492.6,3,0,3,12466.9,39495.8,
0,1,0,610,1865.14,1,0,1,7305.9,23086.8,
0,1,0,627,2070.17,1,0,1,23806.5,19677.6,
2,3,2,637,32783,10,2,8,16487,11508.2,
0,1,0,642,2051.85,1,0,1,33880.2,34591.5,
0,1,0,643,10672.8,1,0,1,32719,33305.8,
0,1,0,647,1431.06,1,0,1,20543.2,30099.1,
0,1,0,655,9842.98,1,0,1,22341.2,20035.5,
0,1,0,660,2839.9,1,0,1,31039.9,23977.7,
0,1,0,669,1426.5,1,0,1,32555.8,24046.8,
3,4,3,689,15439.7,2394,2390,4,9959.28,25774.3,
0,1,0,691,1492.59,1,0,1,31368.6,18649.9,
2,3,2,700,14858.6,3020,3017,3,10167.1,25739.7,
0,1,0,717,2361.56,1,0,1,29256.5,37504.5,
0,1,0,718,1994.83,1,0,1,32573.7,36046.1,
0,1,0,723,2010.28,1,0,1,18105.5,7910.35,
1,2,1,724,11820.9,1309,1307,2,19261.7,38212.2,
0,1,0,726,1458.11,1,0,1,32470.8,38025.4,
0,1,0,728,2143.82,1,0,1,22087.3,23387.1,
0,1,0,741,10132.8,1,0,1,32749.9,17383.2,
0,1,0,741,1534.74,1,0,1,35988.3,16193.9,
0,1,0,751,2140.35,1,0,1,3112.2,23865.4,
0,1,0,762,2905.24,1,0,1,33857.4,29871.9,
0,1,0,762,9241.99,1,0,1,33009.9,25524.3,
0,1,0,764,1441.33,1,0,1,24092,32379.4,
0,1,0,769,3276.75,2,0,2,35010.2,16746,
0,1,0,769,8897.65,1,0,1,26159.7,35294.9,
0,1,0,772,1853.29,1,0,1,27192.6,37788.4,
1,2,1,773,3854.2,126,124,2,19211.6,9532.17,
0,1,0,775,1433.61,1,0,1,11136.2,35940.7,
0,1,0,776,9116.35,1,0,1,16725.2,39492.9,
0,1,0,779,1342.45,1,0,1,32183.2,20285.3,
0,1,0,785,10595.9,2,0,2,37145.6,30805,
0,1,0,786,2406.31,1,0,1,30833.5,20171.8,
0,1,0,786,8359.09,1,0,1,30561.4,38365.3,
0,1,0,787,1777.56,1,0,1,25445.6,39289,
0,1,0,789,13784.5,3,0,3,38726,25806,
0,1,0,791,1280.82,1,0,1,36429.2,9952.37,
0,1,0,792,1382.7,1,0,1,25218.6,30076.2,
0,1,0,793,2351.22,1,0,1,24975.5,29518.5,
0,1,0,794,2081.2,1,0,1,23578.9,29346.4,
0,1,0,794,8945.23,1,0,1,36389.5,22484.1,
0,1,0,798,4532.09,2,0,2,32493.7,18262.4,
0,1,0,800,771.331,1,0,1,39984.1,34112.8,
0,1,0,801,9386.2,1,0,1,19371.7,9542.31,
0,1,0,803,10273.8,1,0,1,38319.7,35456.4,
0,1,0,804,1240.29,1,0,1,37973.5,34427.1,
0,1,0,805,2430.62,1,0,1,27223.6,26443.5,
0,1,0,808,1597.87,1,0,1,26843.3,25117.5,
0,1,0,824,12048.7,2,0,2,841.202,31005.2,
0,1,0,825,2637.15,1,0,1,8221.8,24931.3,
0,1,0,836,5145.71,2,0,2,3908.23,35658.5,
0,1,0,848,9008.12,1,0,1,21470.3,38449.3,
0,1,0,856,1240.41,1,0,1,38355.9,25236.6,
0,1,0,858,15044.7,4,0,4,38227.3,34915.2,
0,1,0,881,2444.76,1,0,1,16443.3,20034.7,
0,1,0,902,9343.28,1,0,1,16876.8,23089.3,
2,3,2,908,58533.3,17,2,15,27010,18265.3,
0,1,0,910,1671.58,1,0,1,3985.28,25935,
0,1,0,913,2133.5,1,0,1,19280.3,9360.67,
0,1,0,915,926.458,1,0,1,13756.9,23473,
0,1,0,917,2190.23,1,0,1,9271.32,37742.5,
0,1,0,920,1498.81,1,0,1,9614.07,36406,
0,1,0,939,8786.71,1,0,1,17950.3,29686.8,
0,1,0,941,2166.68,1,0,1,22722,17691,
0,1,0,949,10596.9,2,0,2,11386.8,33408.1,
0,1,0,953,2448.04,1,0,1,15315.4,33207.9,
0,1,0,956,1929.14,1,0,1,10938.1,24182.1,
0,1,0,957,12924.2,2,0,2,10310.5,24312.2,
0,1,0,961,6973.92,3,0,3,4176.99,36555.5,
0,1,0,968,1244.04,1,0,1,2392.35,33621.8,
0,1,0,970,9865.22,1,0,1,22816.7,29447.5,
0,1,0,973,2276.06,1,0,1,37739.5,37611.4,
7,8,7,974,46972.3,36,22,14,17749.7,25916.7,
1,2,1,979,10443.9,3,1,2,17756.1,25895.5,
0,1,0,1003,2055.5,1,0,1,26384.3,36600.6,
0,1,0,1008,2392.4,1,0,1,22378.3,37189.6,
0,1,0,1014,17782.8,5,0,5,21219.2,34342.9,
0,1,0,1014,14449.2,4,0,4,17869,26686.1,
0,1,0,1034,8485.89,1,0,1,14703.1,17351.4,
0,1,0,1034,3241.92,1,0,1,19614.5,26877.6,
1,2,1,1044,74738.4,20,2,18,6640.76,35531.7,
0,1,0,1050,9051.98,1,0,1,21230.7,28771.5,
0,1,0,1068,1784.46,1,0,1,36701.6,18670.5,
0,1,0,1068,8371.64,1,0,1,4758.63,29063.5,
0,1,0,1070,2165.82,1,0,1,19790.7,18720.7,
0,1,0,1070,2404.16,1,0,1,38500.2,39545.4,
1,2,1,1071,3336.08,1820,1818,2,17557.8,24783.9,
0,1,0,1072,2262.95,1,0,1,39560.1,37619.5,
0,1,0,1078,9641.39,1,0,1,11438.3,24927,
1,2,1,1080,6874.53,6,3,3,40206.5,15391.6,
0,1,0,1089,9426.85,1,0,1,18072.2,29916.4,
0,1,0,1089,2073.6,1,0,1,33877.9,16317.5,
0,1,0,1090,12634.2,3,0,3,4549.57,27292,
0,1,0,1098,14393.4,3,0,3,36737.7,24413.8,
0,1,0,1101,8620.1,1,0,1,34789.9,19425.8,
0,1,0,1103,1918.35,1,0,1,32774,31316.1,
1,2,1,1104,11659.9,2128,2126,2,24523.1,39143.3,
0,1,0,1105,1839.6,1,0,1,38862.8,26443.6,
1,2,1,1105,11432.2,3,1,2,1304.08,31187.6,
0,1,0,1111,1304.34,1,0,1,28104.5,7269.76,
0,1,0,1118,1515.83,1,0,1,26930,36408.1,
0,1,0,1120,1485.88,1,0,1,28970,10371.2,
0,1,0,1124,9472.61,1,0,1,6578.19,39834.4,
0,1,0,1127,2966.94,2,0,2,35222.8,11347,
0,1,0,1129,2186.17,1,0,1,4043.38,37267,
0,1,0,1133,8797.27,1,0,1,34186.5,38456.1,
0,1,0,1135,1987.31,1,0,1,37030.8,10939.7,
0,1,0,1156,1710.85,1,0,1,23886.9,27483,
0,1,0,1157,1098.57,1,0,1,16844.2,30689.3,
0,1,0,1163,1956.77,1,0,1,34320.5,29788.9,
0,1,0,1167,2011.58,1,0,1,36162.1,33270.6,
0,1,0,1176,8467.53,1,0,1,18582.2,15772.5,
0,1,0,1184,9585.22,1,0,1,27230.9,32493.7,
0,1,0,1185,2789.53,1,0,1,24013.7,13420.1,
0,1,0,1191,1684.46,1,0,1,12880.2,12873.1,
0,1,0,1208,2202.52,1,0,1,17238.6,33653.4,
0,1,0,1214,1650.89,1,0,1,28236.1,19715,
0,1,0,1216,11448.3,2,0,2,28565.4,20381.3,
0,1,0,1221,2899.39,1,0,1,29810.2,20325.8,
0,1,0,1235,1287.91,1,0,1,8131.47,27677.3,
4,5,4,1237,34828.9,33,25,8,28855.6,20918.5,
0,1,0,1238,2358.77,1,0,1,34928.4,30794.1,
0,1,0,1250,38100.2,8,0,8,39405.1,32179.6,
0,1,0,1256,1735.77,1,0,1,23071.2,7173.32,
0,1,0,1258,2672.67,1,0,1,35656.2,34685.5,
0,1,0,1265,8138.44,1,0,1,28113.7,21413.1,
0,1,0,1278,1882.73,1,0,1,26043.4,24069.3,
0,1,0,1279,2179.32,1,0,1,38365.3,32791.4,
0,1,0,1279,9922.17,1,0,1,39245.4,40266.7,
0,1,0,1304,2072.79,1,0,1,6420.17,38614.2,
0,1,0,1305,10982,2,0,2,22223.6,29711.7,
0,1,0,1307,2046.98,1,0,1,3870.18,39711.1,
2,3,2,1309,16822.8,45,40,5,26672.6,31660.4,
0,1,0,1310,2111.42,1,0,1,36286,25270.1,
0,1,0,1314,9512.01,1,0,1,39526.1,26342.3,
0,1,0,1319,1888.89,1,0,1,31768.3,24053.5,
0,1,0,1322,2917.85,1,0,1,35032.9,29817.3,
1,2,1,1323,2846.26,12,10,2,26662,31589.2,
0,1,0,1339,1288.03,1,0,1,9632.8,34552.9,
0,1,0,1356,4039.36,1,0,1,3729.83,24179.4,
0,1,0,1363,8541.67,1,0,1,26958.1,29389.1,
0,1,0,1367,2971.42,1,0,1,33608.6,16630.5,
0,1,0,1373,15083,3,0,3,28503.5,27972.1,
0,1,0,1381,2357.53,1,0,1,24285.1,15087.1,
0,1,0,1384,1655.69,1,0,1,8268.96,18971.7,
1,2,1,1394,13398.4,4,1,3,10288.1,16563.7,
0,1,0,1396,1223.27,1,0,1,7091.42,24173.8,
3,4,3,1396,27078.3,9,3,6,29592.3,16717.2,
0,1,0,1397,1508.33,1,0,1,3323.07,37193.1,
0,1,0,1399,9698.11,1,0,1,13586.5,21902.7,
0,1,0,1411,1585.33,1,0,1,11411.3,35207.8,
0,1,0,1412,2976.84,1,0,1,30747.1,15170.3,
0,1,0,1418,1982.79,1,0,1,21266.5,16236.1,
0,1,0,1420,11055.8,2,0,2,31685.3,26341.1,
0,1,0,1430,1930,1,0,1,36142,19712.1,
1,2,1,1457,44797.2,17,5,12,5484.18,18468.9,
0,1,0,1463,1323.22,1,0,1,25108.7,28705.9,
0,1,0,1466,8584.75,1,0,1,13537.9,24918.2,
0,1,0,1467,1625.52,1,0,1,28273.6,15989.4,
0,1,0,1471,2177.35,1,0,1,31644.6,12280.8,
0,1,0,1474,9954.93,2,0,2,12532,24288.9,
0,1,0,1491,2103.52,1,0,1,31704.3,13303.7,
0,1,0,1491,99469.3,24,0,24,12766.5,32202.2,
0,1,0,1492,2117.21,1,0,1,29832.3,12188,
0,1,0,1493,2406.83,1,0,1,31186.7,21373.2,
0,1,0,1497,8667,1,0,1,33992.6,17731.6,
0,1,0,1504,2074.16,1,0,1,35143.1,17760.1,
1,2,1,1506,11348.6,2468,2466,2,32172.6,16950.9,
0,1,0,1515,2408.62,1,0,1,35887.1,30941.2,
1,2,1,1524,21227.6,6,1,5,17823.1,13180.1,
0,1,0,1530,8746.29,1,0,1,26462.4,31016.5,
0,1,0,1532,2053,1,0,1,21916.3,20955.8,
0,1,0,1549,1767.81,1,0,1,15727.5,32900.2,
0,1,0,1550,1911.07,1,0,1,17260.6,32963.5,
0,1,0,1551,1462.02,1,0,1,18560.8,32723.6,
8,9,8,1553,42660.7,136,125,11,23959.6,27261.7,
3,4,3,1554,57795,20,6,14,18877.1,32912.9,
0,1,0,1586,2036.28,1,0,1,26598.3,21545.6,
0,1,0,1587,9953.91,1,0,1,36647.9,4226.16,
0,1,0,1592,1706.54,1,0,1,24653.1,21712.4,
0,1,0,1601,3965.5,2,0,2,30111.9,37903,
6,7,6,1609,46895.5,23,11,12,23847.6,24623.9,
0,1,0,1634,1768.59,1,0,1,37122,35855.3,
0,1,0,1638,2745.73,1,0,1,32501.7,26612.9,
0,1,0,1645,8598.37,1,0,1,40288,4271.61,
0,1,0,1649,2089.1,1,0,1,19383.2,18145.1,
0,1,0,1651,1460.72,1,0,1,4085.87,19446.4,
0,1,0,1658,13394.4,3,0,3,3734.86,21071.5,
2,3,2,1659,51470,17,2,15,23430.5,16833.1,
3,4,3,1667,32022.2,39,32,7,31011.7,3993.33,
0,1,0,1675,1792.47,1,0,1,30889.1,4069.85,
0,1,0,1676,2360.2,1,0,1,23742.6,16737.1,
2,3,2,1684,13382.1,14,10,4,31326.9,23486,
0,1,0,1684,1677.51,1,0,1,12947.2,11787.6,
0,1,0,1685,2023.36,1,0,1,36444.8,554.207,
0,1,0,1686,9842.25,1,0,1,39600.8,17210.5,
0,1,0,1694,1674.97,1,0,1,981.365,27892.2,
0,1,0,1705,3889.85,2,0,2,38785.4,13721.8,
0,1,0,1714,10101.8,1,0,1,36797.3,28926.5,
0,1,0,1716,1184.23,1,0,1,26430.8,15803.1,
0,1,0,1727,1431.83,1,0,1,6124.71,21653.7,
0,1,0,1744,1343.56,1,0,1,33686.6,39210.9,
0,1,0,1746,10236.9,1,0,1,38871.3,35225.9,
2,3,2,1757,18793.5,94,89,5,38682.2,25249.9,
0,1,0,1761,2885.1,1,0,1,27179.4,18011.4,
0,1,0,1773,18368.8,2,0,2,36569.7,39645.4,
0,1,0,1775,1506.24,1,0,1,6622.61,40039,
0,1,0,1780,2401.37,1,0,1,5939.61,36078.6,
0,1,0,1782,1597.48,1,0,1,10663.9,37165.9,
0,1,0,1786,2059.2,1,0,1,6329.64,36834,
0,1,0,1787,2166.12,1,0,1,4884.22,37568.4,
0,1,0,1794,1893.16,1,0,1,3932.55,38673.7,
0,1,0,1800,9307.94,1,0,1,39569,34727.1,
0,1,0,1801,1238.74,1,0,1,38480.3,36309.6,
0,1,0,1803,2266.17,1,0,1,31803.1,16517.9,
0,1,0,1804,9363.58,1,0,1,4327.07,35620.6,
0,1,0,1806,5674.62,2,0,2,38299.5,30353.8,
0,1,0,1817,2586.78,1,0,1,31176.6,18593.2,
0,1,0,1822,1003.37,1,0,1,20441.9,14061.6,
0,1,0,1843,9987.05,1,0,1,39605.4,4831.89,
0,1,0,1847,2272.55,1,0,1,39100.5,11418.3,
1,2,1,1868,10321.1,1040,1038,2,31363.8,38074.8,
1,2,1,1885,29406.3,9,1,8,22017.3,21672.7,
0,1,0,1887,1654.09,1,0,1,24297.8,29480.3,
2,3,2,1890,31020.7,23,14,9,1861.06,30249.3,
0,1,0,1899,2208.41,1,0,1,38700.4,37418,
0,1,0,1902,2963.67,1,0,1,9646.11,28302.2,
0,1,0,1908,8754.09,1,0,1,22605.5,34093.3,
0,1,0,1921,1080.29,1,0,1,33817,28220.8,
0,1,0,1951,1210.43,1,0,1,18931.1,26376.4,
0,1,0,1957,4866.57,2,0,2,24989.5,32320.4,
0,1,0,1962,1947.92,1,0,1,30879.1,28540.7,
0,1,0,1969,11002,2,0,2,38840.8,34016.6,
0,1,0,1977,2338.25,1,0,1,20378.3,28439.6,
0,1,0,1980,678.957,1,0,1,19127.1,25920.4,
0,1,0,2000,8381.71,1,0,1,18829.6,22825.4,
0,1,0,2005,2353.92,1,0,1,10209.7,22165.2,
0,1,0,2008,2216.38,1,0,1,22819.1,28777,
0,1,0,2010,2206.31,1,0,1,38892.2,11543.1,
0,1,0,2010,9172.53,1,0,1,17115.3,34337.8,
0,1,0,2012,1472.9,1,0,1,16850.9,35628.7,
0,1,0,2013,2274.51,1,0,1,16981.6,36018,
0,1,0,2015,2118.13,1,0,1,18162.1,34868.7,
0,1,0,2023,9242.68,1,0,1,19312.1,39157.7,
0,1,0,2023,1823.55,1,0,1,20520.2,38704.3,
0,1,0,2025,1411.02,1,0,1,20765.5,38861,
0,1,0,2040,1237.1,1,0,1,6452.05,39594.1,
0,1,0,2040,9721.13,1,0,1,36892.8,3667.43,
0,1,0,2041,2388.64,1,0,1,37458.5,10409.9,
0,1,0,2074,2331.87,1,0,1,39825.5,30381.5,
0,1,0,2076,10146.7,1,0,1,21957.8,37594.9,
0,1,0,2078,1374,1,0,1,5947.92,28523.7,
0,1,0,2097,3878.35,2,0,2,13978,30767,
0,1,0,2109,7662.93,1,0,1,26407.3,29833.7,
0,1,0,2111,1401.94,1,0,1,27971.7,32797.6,
0,1,0,2113,2134.04,1,0,1,31418.5,32836.8,
21,22,21,2121,117931,515,485,30,28948.6,13288.1,
0,1,0,2123,2323.79,1,0,1,38489,14368.9,
0,1,0,2125,9794.24,1,0,1,25391.9,7404.15,
0,1,0,2126,2254.71,1,0,1,37130.3,36675.8,
0,1,0,2130,2124.37,1,0,1,39589.4,38918.3,
1,2,1,2132,10892.7,1590,1588,2,30973.1,18792.1,
0,1,0,2137,9402.98,1,0,1,25045.7,18311.6,
0,1,0,2138,1262,1,0,1,24978.9,18158.8,
0,1,0,2143,1563.58,1,0,1,37952.8,33024.1,
0,1,0,2148,14143.2,3,0,3,34646.7,35665.7,
0,1,0,2149,2599.36,1,0,1,36697.5,26392.1,
0,1,0,2152,1236.6,1,0,1,34012.9,17323,
0,1,0,2163,1303.89,1,0,1,8588.87,31481.7,
0,1,0,2174,2195.51,1,0,1,16233.7,25147.5,
3,4,3,2182,28913.9,20,13,7,27488.1,15487.5,
0,1,0,2205,8229.66,1,0,1,12159.2,29744.6,
0,1,0,2230,4499.95,2,0,2,28619,31333.1,
0,1,0,2258,8992.56,1,0,1,6259.99,24537.7,
0,1,0,2293,2538.88,1,0,1,25684.8,23206.5,
0,1,0,2295,2390.42,1,0,1,19366.9,20626.5,
0,1,0,2296,1653.15,1,0,1,18472.1,20790.9,
1,2,1,2304,45234.2,13,4,9,23803,15586.9,
0,1,0,2317,10844.5,2,0,2,31083.4,27375.3,
0,1,0,2329,56457.3,14,0,14,31123.5,4860.32,
0,1,0,2340,1869.07,1,0,1,33624.8,18605.8,
0,1,0,2342,3258.99,1,0,1,38712,33518.4,
0,1,0,2347,14091.2,3,0,3,27042.3,10808.3,
0,1,0,2349,5948.16,3,0,3,32274,24153.1,
2,3,2,2356,25579.3,11,6,5,32797.5,27142.8,
4,5,4,2368,23036.5,331,324,7,22612.3,13426.3,
0,1,0,2373,8839.41,1,0,1,23680.4,5061.73,
1,2,1,2389,13707.2,4,1,3,31272.7,37153.7,
0,1,0,2410,1709.99,1,0,1,33948.6,30152.3,
0,1,0,2418,1952.85,1,0,1,11482.1,20083.1,
0,1,0,2476,2822.22,2,0,2,17054.7,38647.8,
3,4,3,2489,49561.6,14,3,11,28685.6,13075.2,
0,1,0,2492,2228.33,1,0,1,28518.7,12959,
0,1,0,2519,14618.1,3,0,3,39117.9,32495.9,
0,1,0,2529,4303.63,2,0,2,914.907,33104.3,
0,1,0,2532,10432.8,1,0,1,23204.4,37473.9,
0,1,0,2533,1973.57,1,0,1,31644.4,36635.2,
0,1,0,2536,9745.05,1,0,1,31068.2,35286.7,
0,1,0,2537,1662.83,1,0,1,32714.3,37044.1,
0,1,0,2538,13320.6,3,0,3,27678.5,28851.6,
1,2,1,2547,3722.29,140,138,2,25069.1,21318.5,
0,1,0,2552,8012.41,1,0,1,20635.5,39941.3,
0,1,0,2553,2400.39,1,0,1,20309.3,39852,
0,1,0,2556,8003.7,4,0,4,22952.3,21253.6,
0,1,0,2588,21649.4,4,0,4,12793.3,13042.6,
0,1,0,2608,11239,2,0,2,10443,23956.9,
0,1,0,2610,1994.79,1,0,1,9684.36,24169.7,
0,1,0,2615,5085.4,2,0,2,34875.4,24714,
1,2,1,2617,16184.8,5,1,4,12205.6,14613.5,
0,1,0,2623,5851.63,2,0,2,14422.4,19971.4,
0,1,0,2623,9250.39,1,0,1,7507.83,29508.9,
0,1,0,2625,798.538,1,0,1,6518.89,30142.4,
0,1,0,2626,21113.2,6,0,6,14718.1,20436.8,
0,1,0,2627,9343.99,1,0,1,1374.13,27060.9,
0,1,0,2632,1384.31,1,0,1,4203.8,27437.4,
9,10,9,2634,66516.8,44,25,19,19053.9,37597.7,
0,1,0,2638,1586.34,1,0,1,24036.6,23329.4,
0,1,0,2639,9317.67,1,0,1,3218.02,29798.9,
0,1,0,2664,2363.83,1,0,1,37569.7,23478.1,
0,1,0,2668,2482.44,1,0,1,34565.4,9386.93,
0,1,0,2726,2107.39,1,0,1,21775.4,29412.8,
0,1,0,2741,1230.17,1,0,1,39960.3,8967.14,
0,1,0,2744,11716.2,2,0,2,20215.7,23438.8,
0,1,0,2746,1926.27,1,0,1,26187.3,20686.7,
0,1,0,2754,2696.13,1,0,1,14667.2,39150.4,
0,1,0,2756,9354.41,1,0,1,14056.8,25202.2,
0,1,0,2759,2443.86,1,0,1,34114.6,31099.8,
0,1,0,2762,1862.68,1,0,1,37243.2,28170.7,
0,1,0,2769,2338.49,1,0,1,16945.5,24942.5,
0,1,0,2778,10984.6,2,0,2,15161.6,37443.3,
0,1,0,2780,11618.5,2,0,2,6857.72,18814.8,
0,1,0,2785,12523.3,2,0,2,11073.4,24893.9,
0,1,0,2789,1715.47,1,0,1,38905.8,38044.3,
0,1,0,2791,9648.53,1,0,1,37536.4,37842.1,
0,1,0,2800,1788.09,1,0,1,1637.93,29462.7,
1,2,1,2802,4103.77,6,4,2,39515,24485.9,
0,1,0,2827,9499.98,1,0,1,35199.5,14424.7,
0,1,0,2827,1925.36,1,0,1,17896.2,32001.6,
0,1,0,2830,1844.32,1,0,1,14827.9,39634.9,
0,1,0,2834,1583.66,1,0,1,16815,31646.4,
0,1,0,2836,1545.98,1,0,1,21768.6,32146.9,
0,1,0,2837,10050.4,1,0,1,38192.8,28346.2,
0,1,0,2839,21608.6,8,0,8,22001.1,33923.4,
0,1,0,2841,8440.55,1,0,1,19168.1,27677,
0,1,0,2842,20630.6,7,0,7,19275.1,27124.8,
0,1,0,2849,1267.18,1,0,1,20737.6,33081.7,
0,1,0,2850,9379.2,1,0,1,27576.5,32221.2,
0,1,0,2854,2468.46,1,0,1,21807.4,34261.7,
0,1,0,2856,2310.6,1,0,1,21106.7,28598.9,
0,1,0,2865,1109.6,1,0,1,3253.24,31530.7,
0,1,0,2879,1111.18,1,0,1,19483.9,34240.4,
0,1,0,2883,28123.6,7,0,7,17973.5,24389.6,
0,1,0,2883,2523.58,1,0,1,18341.8,19244.5,
0,1,0,2884,1982.84,1,0,1,18254,18179,
0,1,0,2887,1468.27,1,0,1,20579.3,36016.6,
0,1,0,2890,2380.21,1,0,1,27695.3,30421.8,
0,1,0,2892,10846.4,1,0,1,17202.8,26854.5,
0,1,0,2892,1016.23,1,0,1,18425.9,19660.4,
0,1,0,2894,1932.97,1,0,1,14943.8,32452.6,
0,1,0,2897,9625.07,1,0,1,18035.9,33279,
0,1,0,2904,4147.8,2,0,2,29412.6,29113,
0,1,0,2905,3345.37,2,0,2,18410.4,35415.7,
0,1,0,2912,1625.53,1,0,1,32298.1,36323.3,
0,1,0,2914,8786.08,1,0,1,31396.1,36341.1,
0,1,0,2918,1944.09,1,0,1,38735.3,27013.9,
0,1,0,2920,1117.47,1,0,1,19985.5,7313.19,
0,1,0,2926,11236.6,2,0,2,30524.6,22600.9,
0,1,0,2928,733.949,1,0,1,29158.7,18882,
0,1,0,2939,1273.25,1,0,1,7547.99,15677.5,
0,1,0,2939,2451.42,1,0,1,22717.1,21760.5,
0,1,0,2942,11628.1,2,0,2,38300.8,38340.3,
3,4,3,2952,15313.3,10,6,4,27118.3,12156,
0,1,0,2981,1924.74,1,0,1,11135.4,22725.2,
0,1,0,2984,1482.84,1,0,1,5278.42,24486.5,
0,1,0,2991,1444.56,1,0,1,38635.9,24933.3,
0,1,0,3029,14898.8,4,0,4,37921,39735.6,
0,1,0,3038,2057.4,1,0,1,32354.9,37394.6,
0,1,0,3046,9759.36,1,0,1,22899,22339.4,
0,1,0,3050,2167.15,1,0,1,15835.1,23367.9,
0,1,0,3054,6350.24,3,0,3,24382.5,25065.4,
0,1,0,3054,8844.58,1,0,1,15840.1,19082.4,
0,1,0,3058,1517.66,1,0,1,17506.8,20019.1,
0,1,0,3063,9434.91,1,0,1,15155.5,14974.8,
0,1,0,3065,2769.56,1,0,1,14781.9,14297.1,
0,1,0,3079,9302.75,1,0,1,1000.68,39609.6,
0,1,0,3091,1723.31,1,0,1,29101.3,12972.4,
0,1,0,3123,1561.02,1,0,1,25096.1,26722.7,
0,1,0,3155,11134.6,2,0,2,2355.24,20450.4,
0,1,0,3166,1434.92,1,0,1,29815.6,32790.8,
0,1,0,3191,2155.4,1,0,1,25818.9,20114.3,
0,1,0,3198,2491,1,0,1,6114.6,32240.2,
0,1,0,3200,9019.1,1,0,1,6811.8,31744.6,
0,1,0,3206,6014.46,3,0,3,23096.9,18746.2,
0,1,0,3209,2741.56,1,0,1,21921,39801.5,
0,1,0,3210,11139,2,0,2,21749.7,39719.6,
0,1,0,3212,941.056,1,0,1,15223.4,21251,
0,1,0,3230,1718.22,1,0,1,24430.2,39211.4,
0,1,0,3230,12320.9,2,0,2,1073.55,31508.5,
0,1,0,3234,2285.51,1,0,1,27658.3,34845.9,
0,1,0,3237,9050.58,1,0,1,7150.05,25457.9,
0,1,0,3238,1292.58,1,0,1,28273.9,34302.4,
0,1,0,3238,1934.15,1,0,1,5920.3,25705.3,
0,1,0,3240,1974.92,1,0,1,6327.17,25139.8,
0,1,0,3256,8707.63,1,0,1,28362.4,37266.7,
0,1,0,3291,3579.78,2,0,2,16767.2,11150.1,
4,5,4,3294,212042,60,10,50,17109.3,11219,
0,1,0,3296,1921.22,1,0,1,34802.4,10500.9,
0,1,0,3299,2420.94,1,0,1,30412.3,13597.3,
0,1,0,3299,9402.77,1,0,1,8886.91,25416.9,
0,1,0,3300,3194.06,2,0,2,10444.5,16100.5,
0,1,0,3300,12776,3,0,3,32239.9,14131.5,
0,1,0,3301,2493.84,1,0,1,37563.4,26642.7,
0,1,0,3302,2153.94,1,0,1,8007.29,29302.6,
0,1,0,3306,9024.71,1,0,1,11569.9,38289.2,
0,1,0,3307,1637.98,1,0,1,11100.2,39496.4,
0,1,0,3307,10039.9,1,0,1,8369.81,31518.9,
0,1,0,3309,1994.6,1,0,1,28846.3,2435.94,
0,1,0,3314,970.207,1,0,1,19930.7,16169.2,
0,1,0,3317,1969.44,1,0,1,31763.4,10212.8,
0,1,0,3320,4826.46,2,0,2,34812.5,35364.4,
0,1,0,3322,9102.31,1,0,1,21801.2,25857.4,
0,1,0,3324,2101.43,1,0,1,7764.69,28532.1,
0,1,0,3326,10875.8,2,0,2,6035.15,30719.8,
0,1,0,3336,2241.79,1,0,1,31971,15453.4,
0,1,0,3343,15794.7,4,0,4,11385.9,24321.7,
0,1,0,3344,4035.98,2,0,2,33103.1,17881.7,
0,1,0,3349,3908.07,1,0,1,14206.1,24735.7,
0,1,0,3356,4249.18,2,0,2,20818.9,35852.8,
0,1,0,3360,2423.54,1,0,1,22277.9,35268.5,
0,1,0,3363,10030.8,1,0,1,39463,35204.2,
0,1,0,3369,2305.18,1,0,1,8988.24,27293.5,
0,1,0,3373,1998.96,1,0,1,23143.9,12360.1,
0,1,0,3378,9234.9,1,0,1,32260.7,38740.3,
0,1,0,3379,1613.39,1,0,1,15485.2,15062.2,
0,1,0,3379,9910.56,1,0,1,31821.2,37917.3,
0,1,0,3380,1126.71,1,0,1,22863.9,25093,
0,1,0,3381,2271.58,1,0,1,18109.1,31162.3,
1,2,1,3382,27333.6,7,1,6,18344.9,30911.2,
0,1,0,3388,1228.6,1,0,1,16787.4,26510.6,
0,1,0,3390,2127.07,1,0,1,13439,25792.7,
0,1,0,3408,8353.22,1,0,1,7450.18,33970.6,
0,1,0,3409,5878.55,3,0,3,7530.9,33543,
4,5,4,3418,26694.6,36,30,6,36013.2,20632.4,
0,1,0,3418,4436.8,2,0,2,5849.73,22042.8,
11,12,11,3426,124391,53,21,32,26409.7,9532.47,
0,1,0,3434,1954.9,1,0,1,32556.9,10177.9,
0,1,0,3463,1390.79,1,0,1,38289.8,30626.2,
1,2,1,3481,11762.4,363,361,2,10081.4,25607,
0,1,0,3483,9275.03,1,0,1,28115.7,32671.5,
0,1,0,3507,2581.14,1,0,1,18421.7,26268.7,
0,1,0,3524,2549.31,1,0,1,19266.5,29261.7,
0,1,0,3526,2740.98,1,0,1,33006.3,31150.3,
0,1,0,3566,14431.2,3,0,3,32752.8,15821.1,
0,1,0,3568,2009.25,1,0,1,19665.9,27723.4,
0,1,0,3581,2012.11,1,0,1,20288.8,18235.7,
0,1,0,3582,1671.89,1,0,1,16879.8,18494.3,
0,1,0,3584,1643.09,1,0,1,35083.5,10329.9,
0,1,0,3586,2654.68,1,0,1,32265.5,28331.4,
0,1,0,3601,1734.34,1,0,1,28270.8,861.116,
0,1,0,3601,10218.6,1,0,1,37927,23819.3,
0,1,0,3602,2151.82,1,0,1,23007.6,40086.2,
0,1,0,3603,2417.96,1,0,1,36838.9,23242.1,
0,1,0,3603,13184.7,2,0,2,35358.1,39125,
0,1,0,3640,1603.01,1,0,1,18599.1,33608.5,
0,1,0,3640,5166.2,2,0,2,22879.9,32246,
0,1,0,3649,8824.03,1,0,1,23540.2,18894.4,
0,1,0,3652,3227.64,1,0,1,38964,37722.5,
1,2,1,3657,12498.9,5,3,2,25843.1,7944.6,
0,1,0,3658,1561.33,1,0,1,31705.2,31792.8,
0,1,0,3663,2429.22,1,0,1,33893.8,23738,
0,1,0,3671,10150.1,1,0,1,34098.1,18271.3,
0,1,0,3679,1989.18,1,0,1,16752.4,18949.2,
0,1,0,3699,5712.36,2,0,2,27410.1,24933.1,
0,1,0,3703,8999.65,1,0,1,24263.6,14681.8,
0,1,0,3712,1991.35,1,0,1,36702.7,22248.8,
1,2,1,3725,10571.3,3,1,2,19612.5,13702.5,
0,1,0,3730,2928.14,1,0,1,5275.87,25088.3,
0,1,0,3739,10020.6,1,0,1,3946.3,21843.5,
0,1,0,3741,2667.03,1,0,1,35613.3,39666.3,
0,1,0,3753,1022.42,1,0,1,16321.4,34173,
0,1,0,3756,2528.67,1,0,1,19734.8,17320,
0,1,0,3766,2839.47,1,0,1,9921,25569.4,
0,1,0,3783,2518.84,1,0,1,4525.73,27546.4,
0,1,0,3786,9484.29,1,0,1,13327.9,13717.4,
0,1,0,3787,9222.98,1,0,1,17339.2,26091.7,
0,1,0,3791,4108.71,2,0,2,20243.2,14072.2,
0,1,0,3791,2118.44,1,0,1,16284.9,25950.7,
0,1,0,3807,11544.9,2,0,2,32039.8,32104,
0,1,0,3809,1845.5,1,0,1,32103.8,31870,
0,1,0,3812,8624,1,0,1,32730.8,29722.9,
0,1,0,3818,2011.26,1,0,1,20304.3,20931.5,
14,15,14,3823,100490,111,84,27,22120.5,10857.9,
0,1,0,3825,2527.02,1,0,1,39131.6,36703.3,
0,1,0,3836,1150.48,1,0,1,11317.6,38134,
1,2,1,3841,11623.1,3,1,2,39391.6,33207.3,
0,1,0,3849,2437.85,1,0,1,25265,39465.3,
0,1,0,3859,9630.21,1,0,1,21888,29861,
0,1,0,3867,1007.98,1,0,1,14431,23283,
0,1,0,3893,1771.9,1,0,1,27964.8,28366.3,
0,1,0,3897,8822.87,1,0,1,12063.6,14250.9,
0,1,0,3898,2059.77,1,0,1,28729.9,29262.6,
0,1,0,3898,2120.18,1,0,1,11989.5,14692.6,
0,1,0,3913,1142.6,1,0,1,28841.5,19464.8,
0,1,0,3916,2223.46,1,0,1,36817.1,25307.7,
0,1,0,3916,8735.71,1,0,1,23835.7,9423.3,
0,1,0,3918,12658.8,3,0,3,33014.6,33906.2,
0,1,0,3936,2134.96,1,0,1,25052.2,7911.48,
0,1,0,3951,5511.4,3,0,3,7505.51,30662.5,
0,1,0,3961,9907.26,1,0,1,39962.6,11500,
0,1,0,3967,16294.3,6,0,6,14062.7,32691.9,
0,1,0,3969,9525.02,1,0,1,28934.2,2298.42,
1,2,1,3972,4436.57,3,1,2,15128.1,37631.8,
0,1,0,3977,2482.3,1,0,1,29919.8,19392,
0,1,0,3996,9501.4,1,0,1,37471.4,7219.55,
