# seq OFF,# seq ON,blinks,frame,intensity,lifetime,total OFF,total ON,x,y,
135,136,135,1,18391.7,3975,3830,145,436.894,36460,
1,2,1,1,416.357,3892,3890,2,3425.66,19552.2,
0,1,0,1,45.9372,1,0,1,6806.35,9488.19,
245,247,246,1,729200,4000,272,3728,8125.41,23869,
52,54,53,1,789792,4000,53,3947,9773.5,28286.7,
0,1,0,1,266.645,1,0,1,10961.7,27188.6,
2,3,2,1,1928.54,13,3,10,12168.6,19936,
1,2,1,1,371.231,320,318,2,12649.3,12164.9,
1,2,1,1,318.468,3,1,2,13058.8,6569.66,
2,3,2,1,797.28,6,2,4,17114.7,3110.39,
0,1,0,1,380.717,1,0,1,19782.4,6663.46,
0,1,0,1,40.1688,1,0,1,23018.4,20733,
2,3,2,1,1470.16,254,247,7,24612.1,8407.25,
4,5,4,1,3539.4,24,6,18,28422.4,32095.5,
0,1,0,1,213.271,1,0,1,28555,763.164,
17,19,18,1,804696,4000,19,3981,30394.5,32598.7,
0,1,0,1,398.917,3,0,3,34974.6,18183,
684,686,685,1,650091,4000,848,3152,35100.8,21607.8,
0,1,0,1,51.2133,1,0,1,35373.3,19587.2,
0,1,0,1,166.86,1,0,1,35543,13580.5,
1,2,1,1,550.327,1044,1042,2,38373,15789.9,
277,279,278,1,781409,4000,297,3703,38547.9,2457.98,
1,2,1,2,287.039,3,1,2,3304.26,10449,
5,6,5,2,1517.04,21,13,8,13891.1,16603.3,
2,3,2,2,692.102,3060,3057,3,19480.5,3254.17,
2,3,2,2,500.852,12,9,3,21784.9,17491.4,
0,1,0,2,303.152,1,0,1,22319.9,37086.5,
6,7,6,2,2631.49,30,17,13,31455.4,3246.24,
0,1,0,2,208.54,1,0,1,35684.8,13678.4,
0,1,0,3,650.489,2,0,2,2176.12,39060.5,
0,1,0,4,54.3214,1,0,1,14852.9,17910.3,
10,11,10,4,7216.41,200,166,34,25285.4,20239.3,
0,1,0,4,30.4407,1,0,1,30471,22613.4,
0,1,0,5,590.47,2,0,2,2648.7,8360.88,
0,1,0,5,360.923,1,0,1,16315,5945.32,
0,1,0,5,51.8,1,0,1,33417.8,7614.51,
0,1,0,6,177.931,1,0,1,14766.3,9378.74,
0,1,0,7,996.393,4,0,4,7601.96,9207.4,
30,31,30,7,11147,2052,2002,50,35660.6,1196.75,
0,1,0,7,292.158,1,0,1,36082.6,39787.5,
0,1,0,8,200.415,1,0,1,32514.6,5781.44,
1,2,1,9,806.668,4,1,3,5117.76,3280.98,
0,1,0,9,355.626,2,0,2,27329.4,27305.6,
0,1,0,10,347.549,1,0,1,3481.13,26934,
6,7,6,10,5512.91,39,12,27,22220.4,6978.67,
0,1,0,10,42.5044,1,0,1,28300.4,22614.3,
0,1,0,10,244.934,1,0,1,37841.6,10789.8,
0,1,0,11,338.395,1,0,1,3322.99,26903.1,
2,3,2,11,1063.09,10,4,6,16476.2,14968.7,
0,1,0,11,319.05,1,0,1,26440.3,6144.01,
0,1,0,12,181.621,1,0,1,12749.5,10505,
0,1,0,13,349.962,1,0,1,29226.9,28294,
5,6,5,14,2273.39,28,17,11,17898.5,38973.7,
0,1,0,15,266.865,1,0,1,1639.34,5142.05,
0,1,0,15,43.8369,1,0,1,20697.7,16559.3,
4,5,4,15,859.56,3584,3579,5,31010.6,29307.9,
1,2,1,16,358.569,23,21,2,17227.8,3260.01,
0,1,0,16,346.604,2,0,2,18960.4,7516.21,
0,1,0,18,322.658,1,0,1,38658.5,27195.8,
0,1,0,19,317.226,1,0,1,2771.62,25563,
2,3,2,19,2793.66,17,4,13,5746.5,11181.4,
1,2,1,21,343.462,1015,1013,2,11674.5,14608.2,
0,1,0,21,36.5108,1,0,1,22103.1,7108.28,
4,5,4,22,1929.24,921,913,8,18271.2,26411.9,
0,1,0,25,28.4292,1,0,1,30962.9,33788.5,
3,4,3,25,1471.82,3557,3550,7,37239.7,4770.52,
0,1,0,26,100.745,1,0,1,31095.1,15756.9,
0,1,0,27,187.064,1,0,1,21342.4,40417.5,
2,3,2,27,1319.53,11,6,5,38851.1,7279.51,
0,1,0,28,298.748,1,0,1,16399.9,14811.2,
1,2,1,28,335.422,14,12,2,20533.7,8335.16,
0,1,0,28,339.848,1,0,1,25226.1,23591,
0,1,0,29,279.855,1,0,1,25284.7,23432.3,
1,2,1,30,423.286,1682,1679,3,15703.3,12184.5,
0,1,0,30,308.025,1,0,1,17331.2,36948.2,
0,1,0,30,36.9244,1,0,1,25107.9,23476.6,
0,1,0,33,48.4709,1,0,1,18034.3,15479.1,
0,1,0,36,326.584,1,0,1,25065.1,1774.68,
0,1,0,36,54.6675,1,0,1,36296.8,1391.9,
0,1,0,39,156.49,1,0,1,8288.31,20171.9,
0,1,0,40,243.19,1,0,1,606.269,3944.07,
0,1,0,40,327.586,1,0,1,4097.34,40061.4,
0,1,0,41,310.611,1,0,1,11823.2,37096.8,
0,1,0,42,49.3246,1,0,1,12137.7,33611.6,
0,1,0,43,188.687,1,0,1,18723.8,1658.15,
0,1,0,45,305.08,1,0,1,31277.8,25636.5,
0,1,0,46,290.168,1,0,1,12881.3,28430.5,
0,1,0,49,80.7145,1,0,1,25660.1,2574.36,
0,1,0,50,149.765,1,0,1,20666.2,31656.9,
1,2,1,51,337.337,3,1,2,29625.6,11673.2,
1,2,1,51,656.895,856,854,2,35638.8,30510.5,
0,1,0,53,49.8569,1,0,1,2420.57,2737.97,
1,2,1,54,350.518,9,7,2,36626.3,25514.5,
0,1,0,56,330.484,1,0,1,14802.5,20868,
11,12,11,56,3127.66,84,69,15,28823.7,4615.28,
0,1,0,56,249.396,1,0,1,36880,25523.6,
0,1,0,57,103.395,1,0,1,6021.88,2635.53,
1,2,1,61,161.576,150,148,2,26529.4,3078.62,
0,1,0,61,229.209,1,0,1,39122.7,28371.4,
0,1,0,64,338.627,1,0,1,21337.1,34302.6,
0,1,0,65,65.3313,1,0,1,29213.6,12623.5,
3,4,3,67,1218.46,3629,3624,5,27386.3,15445.6,
1,2,1,67,337.178,56,54,2,28943.9,4465.69,
0,1,0,67,171.981,1,0,1,31055,3348.01,
2,3,2,68,651.927,64,61,3,16650.7,24649,
2,3,2,70,457.334,11,8,3,23821,521.781,
1,2,1,75,573.093,40,38,2,30342.8,3911.66,
0,1,0,76,307.105,1,0,1,6135.9,18761.1,
0,1,0,77,60.7591,1,0,1,718.3,30480.5,
7,8,7,77,2717.06,32,19,13,4988.28,28236.9,
0,1,0,77,365.399,1,0,1,28530.4,2335.49,
0,1,0,77,56.133,1,0,1,39107.8,5177.2,
0,1,0,78,212.049,1,0,1,4132.95,18307.9,
0,1,0,79,359.525,1,0,1,32108.5,15936.6,
0,1,0,80,399.947,1,0,1,8625.71,10326.2,
0,1,0,81,92.44,1,0,1,24364.9,4162.27,
2,3,2,84,1006.71,22,17,5,9027.57,33778.7,
0,1,0,85,213.627,1,0,1,16091.9,13840.2,
0,1,0,85,628.51,2,0,2,25960,21503.3,
0,1,0,90,22.3326,1,0,1,4330,8773.08,
1,2,1,90,154.554,37,35,2,16780.5,24670.7,
1,2,1,90,604.765,10,8,2,28958.8,4598.7,
1,2,1,90,777.557,2065,2060,5,36085.5,27875.1,
0,1,0,90,373.8,1,0,1,37300.7,20188.4,
0,1,0,91,322.181,1,0,1,21997.5,12249.4,
0,1,0,93,194.95,2,0,2,798.955,29145.7,
0,1,0,94,212.803,1,0,1,2770.77,36746,
0,1,0,94,318.6,1,0,1,38466.4,5039.81,
3,4,3,95,1090.14,51,46,5,871.475,625.305,
1,2,1,96,384.132,101,99,2,9050.4,33587.8,
0,1,0,97,510.841,2,0,2,925.687,30163.9,
0,1,0,97,284.642,1,0,1,18902.8,16693.4,
0,1,0,102,71.038,1,0,1,5093.46,39775.4,
0,1,0,102,148.081,1,0,1,30245.8,25300.7,
17,18,17,102,6701.56,79,46,33,38260.3,6718.64,
0,1,0,104,355.048,1,0,1,4066.09,7559.04,
0,1,0,105,287.71,1,0,1,32793.6,31678,
0,1,0,106,63.6848,1,0,1,12206,31764.5,
0,1,0,107,189.616,1,0,1,24408.4,7468.05,
0,1,0,107,55.4711,1,0,1,33694.8,14554.2,
0,1,0,109,30.7132,1,0,1,922.06,15461.7,
14,15,14,111,12301.1,968,914,54,17223.8,7638.77,
0,1,0,113,294.359,1,0,1,38753.7,16068.7,
0,1,0,114,149.777,1,0,1,15786.2,15683.4,
0,1,0,115,220.403,1,0,1,15900.3,8242.79,
0,1,0,117,345.541,1,0,1,19351.5,24756.6,
0,1,0,118,304.149,1,0,1,13921.6,18772.1,
0,1,0,120,60,1,0,1,13207.9,20688.7,
0,1,0,122,162.38,1,0,1,12536.1,25392.7,
0,1,0,123,214.753,1,0,1,12371.7,28203.5,
1,2,1,130,628.368,1335,1333,2,15550.9,4671.46,
0,1,0,132,71.4501,1,0,1,12021.8,37494.6,
0,1,0,132,108.416,1,0,1,40429.9,7310.32,
0,1,0,134,252.608,1,0,1,1370.26,24867.5,
0,1,0,134,374.031,1,0,1,13465.5,22157,
0,1,0,139,40.5866,1,0,1,34815.4,38315.2,
0,1,0,140,295.37,1,0,1,8009.35,22317.6,
0,1,0,140,69.0828,1,0,1,24252.5,4536.54,
0,1,0,142,138.333,1,0,1,912.309,788.428,
0,1,0,151,198.762,1,0,1,29535.7,24085.2,
0,1,0,151,328.38,1,0,1,30647.4,37118.1,
0,1,0,154,307.359,1,0,1,10998.1,22902.7,
0,1,0,155,40.8248,1,0,1,928.289,26367.5,
1,2,1,159,349.879,5,3,2,22865.6,23085.9,
0,1,0,159,325.651,1,0,1,28488.6,25525.6,
1,2,1,160,423.255,472,470,2,14574.6,20892.2,
1,2,1,160,921.104,49,46,3,15069.1,12909.7,
0,1,0,163,66.0803,1,0,1,5709.37,19263.4,
1,2,1,164,381.98,38,36,2,22857.7,23271.3,
0,1,0,164,400.455,1,0,1,24818.6,4711.92,
1,2,1,167,1156.04,40,34,6,26824.7,6115.82,
1,2,1,172,298.67,23,21,2,35141.1,28469.5,
0,1,0,174,34.9896,1,0,1,5719.07,19532.6,
0,1,0,180,81.3396,2,0,2,27346.5,32827.6,
0,1,0,180,120.763,1,0,1,28269.8,25482.4,
1,2,1,180,593.837,75,73,2,31585.5,21545,
0,1,0,181,316.56,1,0,1,5196.85,3035.63,
3,4,3,185,1036.07,1456,1451,5,27412.7,21093.3,
1,2,1,189,332.643,2297,2295,2,16838,544.6,
0,1,0,197,326.19,1,0,1,17050.8,29782.9,
0,1,0,197,341.362,2,0,2,18973.2,29811.7,
0,1,0,197,46.3723,1,0,1,22837,6879.08,
0,1,0,198,145.88,1,0,1,29139.9,21321.4,
0,1,0,199,215.624,1,0,1,27875.7,2712.67,
0,1,0,201,339.225,1,0,1,1834.17,35461.9,
0,1,0,201,396.813,2,0,2,28711.3,7878.77,
0,1,0,203,132.77,1,0,1,29747.1,25596,
0,1,0,207,179.965,1,0,1,3323.48,31597.9,
0,1,0,211,384.643,1,0,1,8989.64,21044,
0,1,0,213,25.0489,1,0,1,20426.8,10408.3,
0,1,0,214,302.04,1,0,1,2495.25,5326.6,
0,1,0,215,64.5686,1,0,1,32124.3,3919.38,
0,1,0,216,124.019,1,0,1,14797.7,27478.8,
1,2,1,217,648.229,25,23,2,1904.04,11678,
0,1,0,217,97.1238,1,0,1,4073.42,36494.1,
0,1,0,218,132.049,1,0,1,36103.8,23738.2,
0,1,0,220,167.094,1,0,1,6667.65,17089.7,
0,1,0,220,394.85,1,0,1,8621.95,15731.1,
0,1,0,223,353.385,2,0,2,28870.6,23217.7,
3,4,3,228,1555.13,591,583,8,29157.7,3438.74,
0,1,0,230,277.757,1,0,1,34229.4,18124.9,
0,1,0,231,28.1119,1,0,1,5892.25,11730.2,
0,1,0,237,92.0577,1,0,1,6687.2,4804.92,
0,1,0,237,228.001,1,0,1,26683.6,2908.23,
0,1,0,237,361.302,1,0,1,39433.2,35873,
0,1,0,238,297.115,1,0,1,15485.7,23851.6,
0,1,0,240,136.285,1,0,1,20505.3,23883.7,
0,1,0,242,186.794,1,0,1,12207.2,719.26,
0,1,0,243,341.144,1,0,1,18477.4,24532.4,
0,1,0,245,298.391,1,0,1,13195.4,21861,
0,1,0,248,66.1735,1,0,1,10351.5,4643.07,
5,6,5,250,1273.73,3297,3291,6,35162.5,21679.6,
0,1,0,251,219.205,1,0,1,39958.1,6432.22,
0,1,0,254,330.231,1,0,1,15744.2,34060.9,
0,1,0,256,275.436,1,0,1,6302,17611.5,
0,1,0,256,76.1886,1,0,1,11008.3,14581.6,
0,1,0,261,149.956,1,0,1,34396.2,14955.6,
0,1,0,266,247.485,1,0,1,15749.7,14440.2,
0,1,0,270,342.886,1,0,1,27281,37605.7,
0,1,0,272,250.023,1,0,1,9033.09,22176.2,
0,1,0,278,224.684,1,0,1,32034.3,20352.8,
0,1,0,282,323.699,1,0,1,12246.8,22864.3,
2,3,2,282,501.267,2371,2368,3,35161.9,21493,
0,1,0,284,46.5524,1,0,1,14814.1,4344.62,
1,2,1,286,539.371,556,554,2,2198.74,2689.06,
0,1,0,289,291.835,1,0,1,25842.6,16469.7,
0,1,0,293,84.0959,1,0,1,38029.7,10380.1,
0,1,0,297,125.672,1,0,1,16384,20858.3,
0,1,0,299,19.1038,1,0,1,20227.9,4609.1,
0,1,0,299,208.55,1,0,1,25681.4,36136.7,
0,1,0,302,356.995,1,0,1,36362.4,28980.8,
0,1,0,305,295.537,1,0,1,2806.22,12067,
0,1,0,307,36.9859,1,0,1,5296.52,24988.7,
4,5,4,310,1829.01,281,271,10,15171.3,21702.7,
0,1,0,312,309.481,1,0,1,19767.1,3397.97,
0,1,0,312,67.8083,1,0,1,21673.9,25576.7,
2,3,2,316,682.628,3113,3110,3,19703.2,14043.1,
0,1,0,319,287.465,1,0,1,3240.7,31306.6,
0,1,0,328,150.332,1,0,1,32844.6,5216.64,
0,1,0,331,312.586,1,0,1,14474.7,19683.8,
0,1,0,332,36.4488,1,0,1,25477.7,6433.43,
7,8,7,332,11238.3,429,372,57,34014,8863.06,
0,1,0,337,77.3569,1,0,1,20145.9,29858.6,
0,1,0,338,133.305,1,0,1,13628.4,10327.3,
0,1,0,341,196.077,1,0,1,11349.6,8970.87,
1,2,1,342,508.456,146,144,2,20734.2,13412.2,
1,2,1,347,203.61,2298,2296,2,37845,15615,
0,1,0,348,229.289,1,0,1,12548.1,12321,
1,2,1,352,613.217,2631,2629,2,13467.1,21375.5,
0,1,0,356,54.498,1,0,1,3745.62,16153.1,
0,1,0,358,156.034,1,0,1,7307.81,18096.8,
0,1,0,364,325.375,1,0,1,25979,25880.6,
1,2,1,365,447.451,24,22,2,5268.62,37992,
0,1,0,366,199.738,1,0,1,8679.66,16276,
0,1,0,368,344.694,1,0,1,31887.5,9803.2,
0,1,0,369,308.922,1,0,1,2298.54,4621.11,
0,1,0,370,30.2703,1,0,1,29159.2,3496.31,
0,1,0,373,250.323,1,0,1,21498.5,1117.78,
0,1,0,377,428.408,1,0,1,21897.3,28673.2,
5,6,5,378,860.869,74,68,6,23767.8,36456.7,
0,1,0,379,45.6555,1,0,1,20647.7,14266.9,
1,2,1,383,305.751,1138,1136,2,3146.14,27606,
0,1,0,385,161.733,1,0,1,5911.38,1791.9,
0,1,0,385,171.098,1,0,1,14951.3,17439.2,
0,1,0,387,304.867,1,0,1,23589.8,36640.1,
0,1,0,388,39.9652,1,0,1,7845.18,32836.8,
0,1,0,388,284.198,1,0,1,23808.3,36491.3,
0,1,0,389,126.275,1,0,1,11384,5229.74,
0,1,0,392,240.531,1,0,1,31305.3,12643,
0,1,0,401,373.353,1,0,1,2793.41,7411.36,
0,1,0,402,34.2148,1,0,1,7914.76,36320,
0,1,0,402,285.556,1,0,1,26202.1,28035.8,
0,1,0,402,60.1755,1,0,1,27050.5,37114.3,
0,1,0,403,113.344,1,0,1,10034.8,23238.3,
0,1,0,403,237.7,1,0,1,28652.3,21963.1,
5,6,5,405,1094.37,190,183,7,15488.5,37523,
0,1,0,406,353.59,1,0,1,12843.6,17911.5,
4,5,4,407,1167.31,46,40,6,6169.63,36743.3,
1,2,1,407,319.56,4,2,2,15570.8,37383.7,
2,3,2,410,252.4,1596,1593,3,19291.4,8743.27,
0,1,0,410,209.623,1,0,1,40237.5,1775.75,
0,1,0,411,372.154,1,0,1,16206.3,19179.7,
0,1,0,418,366.761,1,0,1,20972.8,14154,
0,1,0,420,72.7775,1,0,1,30481.2,23687.4,
1,2,1,426,1160.77,7,1,6,19969.4,22568.8,
0,1,0,431,196.106,1,0,1,10329.5,13211.5,
0,1,0,431,351.728,1,0,1,18670.9,4163.98,
0,1,0,431,302.163,1,0,1,38940.1,6511.44,
0,1,0,437,160.727,1,0,1,13678.4,5856.3,
0,1,0,438,360.514,1,0,1,23095.3,13128.3,
0,1,0,441,301.249,1,0,1,5125.03,22632.6,
0,1,0,442,41.8277,1,0,1,22689.3,5845.8,
1,2,1,444,362.254,1796,1794,2,32984.7,26065.8,
0,1,0,446,407.907,1,0,1,2112.93,26245.4,
0,1,0,447,317.58,1,0,1,6025.68,15918.3,
1,2,1,447,188.213,145,143,2,29450.4,8520.99,
1,2,1,448,585.128,824,822,2,19463.1,17715.6,
1,2,1,452,306.189,3,1,2,19098.5,13603.8,
0,1,0,452,90.3708,1,0,1,26643.8,15196,
1,2,1,453,390.903,2257,2255,2,34850.4,19247.2,
3,4,3,454,1095.31,66,61,5,12372.9,9039.79,
0,1,0,456,346.12,1,0,1,29851.9,2438.81,
0,1,0,462,286.443,1,0,1,29291.9,5164.49,
1,2,1,466,158.577,818,816,2,30810.3,29630.6,
0,1,0,473,59.2892,1,0,1,25151.6,16668.1,
0,1,0,476,182.341,1,0,1,34617.4,37081.7,
36,37,36,476,20991.4,1726,1622,104,34873.5,1576.82,
0,1,0,478,347.115,1,0,1,18806.7,8409.29,
0,1,0,484,326.881,1,0,1,12668.6,3885.27,
0,1,0,485,98.3629,1,0,1,30597.6,11523.4,
0,1,0,490,130.741,1,0,1,16712.5,29339,
0,1,0,494,55.4837,1,0,1,39124.1,15524.6,
0,1,0,513,226.294,1,0,1,4333.6,25610.7,
0,1,0,516,295.237,1,0,1,28671,652.36,
0,1,0,519,312.956,1,0,1,25416.8,34619,
0,1,0,519,89.4739,1,0,1,36233.2,8650.41,
1,2,1,522,361.438,6,4,2,9634.61,34699.2,
0,1,0,526,305.566,1,0,1,7312.92,16312.4,
1,2,1,527,369.32,196,194,2,17117.7,12991.3,
0,1,0,529,149.943,1,0,1,10122.4,24144.5,
0,1,0,531,232.567,1,0,1,39751.2,13791.2,
0,1,0,536,320.688,1,0,1,1259.7,4584.39,
0,1,0,539,321.09,1,0,1,38271.2,23566,
0,1,0,540,29.252,1,0,1,20014.2,13117.9,
0,1,0,541,126.222,1,0,1,2137.45,24710.3,
0,1,0,543,304.816,1,0,1,33944.7,13760.6,
0,1,0,544,287.94,1,0,1,20219.5,12793.4,
0,1,0,546,102.945,1,0,1,31816.7,22873.8,
0,1,0,546,179.671,1,0,1,32831.3,17957.2,
0,1,0,554,240.23,1,0,1,8091.77,2588.52,
1,2,1,554,811.564,78,74,4,26821.1,12309.9,
1,2,1,555,579.559,1047,1045,2,25476.5,9599.56,
0,1,0,556,66.7035,1,0,1,26901.7,12462.8,
1,2,1,557,411.153,996,994,2,35679.6,20308.8,
0,1,0,558,357.537,1,0,1,4022.85,4491.02,
0,1,0,563,280.633,1,0,1,2846.08,4731.21,
0,1,0,564,56.5793,1,0,1,27496.5,21058,
0,1,0,565,151.328,1,0,1,16621.5,5410.47,
0,1,0,570,32.0911,1,0,1,19923.5,35458.2,
0,1,0,570,231.596,1,0,1,39996.9,27941.5,
0,1,0,571,397.914,1,0,1,31724.8,21332.8,
0,1,0,571,262.027,1,0,1,38647.7,13002.7,
0,1,0,573,47.6354,1,0,1,23079.7,9603.11,
0,1,0,575,142.761,1,0,1,31510.9,28348,
0,1,0,576,43.3568,1,0,1,8009.58,28761.6,
0,1,0,580,237.308,1,0,1,16552.7,10825.3,
0,1,0,581,361.802,1,0,1,17807.5,14397,
0,1,0,581,330.106,1,0,1,32779.5,10739.5,
0,1,0,583,41.7177,1,0,1,26105.2,29778,
0,1,0,584,132.931,1,0,1,28681.9,30303.2,
0,1,0,585,224.783,1,0,1,5602.99,25621.1,
0,1,0,586,339.77,1,0,1,26031.2,14728.8,
0,1,0,587,253.995,1,0,1,11451.7,12420.6,
0,1,0,590,149.803,1,0,1,26259.6,17624.5,
0,1,0,592,149.022,1,0,1,3367.39,2517.92,
0,1,0,593,380.96,1,0,1,7398.5,21187.7,
0,1,0,595,280.271,1,0,1,14253.2,32602.8,
0,1,0,595,74.9622,1,0,1,16887.6,30068.8,
0,1,0,597,146.979,1,0,1,19131.5,30362,
1,2,1,599,546.062,2769,2767,2,6456.67,1805.62,
0,1,0,605,321.937,1,0,1,825.262,6252.1,
0,1,0,609,133.484,1,0,1,6295.66,27168.8,
0,1,0,611,50.0249,1,0,1,17514.2,14349.9,
0,1,0,611,36.2744,1,0,1,23822.9,19701.5,
0,1,0,614,198.16,1,0,1,22521.8,10607.4,
0,1,0,614,315.397,1,0,1,34113.2,7868.47,
1,2,1,618,376.777,1564,1562,2,9556.84,4948.5,
3,4,3,620,997.139,9,4,5,13738.6,11650.5,
1,2,1,622,1168.37,49,42,7,20295.7,7547.7,
0,1,0,623,221.517,1,0,1,37641.2,18205.5,
0,1,0,627,336.405,1,0,1,6097.21,39485.6,
1,2,1,628,380.036,3113,3111,2,30792.3,29312.6,
0,1,0,634,166.421,1,0,1,36507.4,22051.8,
0,1,0,639,179.518,1,0,1,37026.5,457.093,
0,1,0,641,327.49,1,0,1,25830.5,8855.3,
0,1,0,642,286.793,1,0,1,5817.6,18917,
0,1,0,642,45.3773,1,0,1,7943.13,17256.1,
0,1,0,646,163.283,1,0,1,8852.7,9402.18,
0,1,0,651,53.7733,1,0,1,1626.2,26897.6,
0,1,0,656,231.218,1,0,1,20123,2027.5,
0,1,0,659,334.053,1,0,1,14190.6,10490.8,
0,1,0,661,319.752,1,0,1,23403.9,22722.1,
0,1,0,662,35.8921,1,0,1,29218,27427,
0,1,0,663,129.331,1,0,1,37772.9,7876.8,
0,1,0,664,98.0722,1,0,1,34089.9,9658.7,
0,1,0,665,231.342,1,0,1,37922.8,9777.48,
0,1,0,670,360.882,1,0,1,5533.02,23686.5,
0,1,0,676,261.869,1,0,1,5363.3,8857.82,
1,2,1,681,234.22,751,749,2,23025.8,4862.14,
0,1,0,681,81.2619,1,0,1,35545.2,509.207,
0,1,0,682,380.198,1,0,1,30690.7,443.626,
0,1,0,684,28.0797,1,0,1,10556.4,6939.04,
0,1,0,687,243.775,1,0,1,8121.76,12781.8,
0,1,0,692,35.9493,1,0,1,18765,16779.6,
0,1,0,694,143.722,1,0,1,37060.4,5630.47,
0,1,0,696,84.8977,1,0,1,36221.5,6899.28,
0,1,0,699,253.532,1,0,1,19375.8,34991.9,
1,2,1,704,735.236,280,278,2,22980.6,33390.8,
0,1,0,709,75.1774,1,0,1,35942.9,9387.31,
0,1,0,710,130.379,1,0,1,7413.07,35975.4,
0,1,0,713,58.6964,1,0,1,4769.64,5537.35,
0,1,0,713,99.594,1,0,1,35329.7,21676.4,
1,2,1,719,575.882,217,215,2,37368.8,14776.5,
0,1,0,724,293.039,1,0,1,9318.24,10535,
0,1,0,724,70.9899,1,0,1,22627.9,16104.9,
0,1,0,734,153.521,1,0,1,33202.1,13804.6,
0,1,0,736,146.735,1,0,1,22371.2,16711.6,
0,1,0,737,250.108,1,0,1,16372.7,25147.4,
0,1,0,738,341.602,1,0,1,9797.74,11376.7,
0,1,0,738,73.7472,1,0,1,16859.2,12664.1,
1,2,1,740,336.529,401,399,2,18471,8791.47,
0,1,0,741,127.043,1,0,1,18279.1,8733.52,
0,1,0,741,242.551,1,0,1,37140.8,4276.45,
0,1,0,742,388.835,1,0,1,17615.8,33919.3,
0,1,0,743,72.054,1,0,1,34614.1,7459.07,
0,1,0,743,38.7995,1,0,1,36134.1,4948.81,
0,1,0,746,273.148,1,0,1,21667.5,36662,
0,1,0,747,72.0139,1,0,1,24669.9,32924,
0,1,0,749,116.371,1,0,1,15551.8,28756.2,
0,1,0,750,103.543,1,0,1,15744.4,28775.7,
0,1,0,752,199.598,1,0,1,39426.3,16122.7,
0,1,0,755,394.043,1,0,1,1224.98,5935.14,
0,1,0,755,108.208,1,0,1,3731.35,29572.4,
51,52,51,760,20297.6,2265,2156,109,11081.4,40060.4,
0,1,0,761,266.597,1,0,1,37168.2,10898.9,
0,1,0,765,363.817,1,0,1,31779.1,19882,
0,1,0,766,106.739,1,0,1,39669.5,5589.28,
0,1,0,768,256.723,1,0,1,36914,17149.1,
0,1,0,771,96.5855,1,0,1,28994.9,534.71,
0,1,0,772,138.97,1,0,1,35984.7,17275.1,
0,1,0,773,179.462,1,0,1,19173.5,38874.7,
0,1,0,776,330.906,1,0,1,1500.52,9378.58,
0,1,0,780,54.5969,1,0,1,7098.75,7404.69,
0,1,0,781,275.713,1,0,1,8179.3,38415.4,
0,1,0,783,82.5687,1,0,1,21531.3,17092.8,
0,1,0,785,204.317,1,0,1,34497.2,3618.84,
0,1,0,786,234.524,1,0,1,25186.9,38605.7,
0,1,0,788,322.796,1,0,1,26824.1,38151.2,
0,1,0,791,249.008,1,0,1,10728.4,16118.6,
2,3,2,791,734.337,2943,2940,3,29061.4,1108.16,
0,1,0,792,123.283,1,0,1,10459,10786.4,
0,1,0,796,35.5312,1,0,1,4369.98,26960.5,
0,1,0,797,318.639,1,0,1,34554.8,4205.74,
0,1,0,799,61.5256,1,0,1,27526.3,12021.2,
0,1,0,800,130.598,1,0,1,7611.96,26813.2,
4,5,4,800,1011.71,30,25,5,35142.7,31970.6,
0,1,0,801,148.026,1,0,1,7515.29,26679.3,
0,1,0,804,231.727,1,0,1,34605.8,11174.3,
0,1,0,805,363.185,1,0,1,24369.3,8940.46,
0,1,0,808,65.0132,1,0,1,24198.6,19881.3,
0,1,0,809,329.136,1,0,1,1751.93,25864.9,
0,1,0,822,36.8614,1,0,1,28503.6,8948.56,
0,1,0,825,138.865,1,0,1,36303,12898.1,
0,1,0,825,195.96,1,0,1,37550.7,24979.3,
0,1,0,828,370.603,1,0,1,28203.9,25999.4,
0,1,0,835,300.341,1,0,1,32844.9,23833.2,
0,1,0,836,69.7252,1,0,1,15206.9,1143.56,
21,22,21,837,10910.2,1067,1009,58,16325.6,31126.1,
6,7,6,839,2005.01,66,55,11,7968.58,25196,
1,2,1,839,77.2953,294,292,2,10646.5,14500.7,
0,1,0,839,181.223,1,0,1,16346.4,31174.4,
0,1,0,840,64.6331,1,0,1,35262.8,31324.5,
0,1,0,841,373.613,1,0,1,22959,465.94,
0,1,0,844,320.556,1,0,1,22958.5,2338.57,
0,1,0,848,35.5099,1,0,1,9775.44,4762.51,
1,2,1,856,241.146,804,802,2,15809.1,5106.43,
0,1,0,857,201.483,1,0,1,11274.8,34145.8,
0,1,0,857,378.088,1,0,1,20681.5,26483.9,
0,1,0,861,58.6341,1,0,1,39771.6,19305.4,
0,1,0,863,298.941,1,0,1,16711.6,33717.1,
0,1,0,864,47.8714,1,0,1,26943.4,8154.39,
28,29,28,870,23167.5,807,682,125,32077.3,13064.1,
0,1,0,873,309.151,1,0,1,16204.6,1920.15,
0,1,0,873,43.9797,1,0,1,20554.7,26665.3,
1,2,1,877,225.246,108,106,2,27416.9,975.107,
3,4,3,882,854.934,259,255,4,18600.3,22091.7,
0,1,0,882,374.544,2,0,2,28119.3,39231,
0,1,0,884,351.445,1,0,1,14121.2,20465.9,
0,1,0,887,261.335,1,0,1,20065,12137.6,
1,2,1,888,212.679,2098,2096,2,35137.4,15656.1,
0,1,0,892,43.2685,1,0,1,4972.74,26245.7,
0,1,0,894,240.949,1,0,1,5780.39,23640.7,
0,1,0,894,347.783,1,0,1,18527.8,34130.5,
0,1,0,894,332.15,1,0,1,29150.4,5664.19,
0,1,0,896,60.0189,1,0,1,25457.4,2972.05,
0,1,0,899,210.776,1,0,1,17807.2,1564.48,
0,1,0,907,333.22,1,0,1,11932,32586,
2,3,2,910,1187.9,9,2,7,18001.8,5110.95,
1,2,1,912,329.879,1954,1952,2,24537.8,379.212,
0,1,0,913,177.235,1,0,1,22799.3,3365.51,
0,1,0,914,66.422,1,0,1,36919,3755.67,
0,1,0,918,216.498,1,0,1,11219.2,20460,
1,2,1,920,670.896,2557,2555,2,28061.3,30093.7,
0,1,0,920,144.148,1,0,1,36508.3,28891.4,
0,1,0,920,327.346,1,0,1,38450,14380.9,
1,2,1,923,362.122,1962,1960,2,16205.1,351.36,
0,1,0,928,155.634,1,0,1,23088,7231.08,
0,1,0,938,203.313,1,0,1,32666.6,10911.5,
0,1,0,939,353.951,1,0,1,21473.9,1511.23,
0,1,0,943,271.232,1,0,1,34493.4,32013.9,
0,1,0,946,60.9759,1,0,1,11007.3,40072.3,
0,1,0,949,152.483,1,0,1,21826.2,3935.42,
0,1,0,955,201.665,1,0,1,6630.85,19634.3,
0,1,0,962,31.7265,1,0,1,26218.7,10313.7,
0,1,0,963,309.369,1,0,1,28235.4,16763.2,
0,1,0,964,297.351,1,0,1,11478.5,15006.6,
0,1,0,965,68.3985,1,0,1,12052.3,27824.4,
0,1,0,970,124.41,1,0,1,3754.97,15026.8,
0,1,0,974,183.773,1,0,1,8823.22,5797.81,
0,1,0,989,342.144,1,0,1,18892.6,5582.1,
0,1,0,989,303.99,1,0,1,36039.8,8785.97,
0,1,0,991,70.464,1,0,1,9998.23,36430.1,
0,1,0,991,240.736,1,0,1,13961,33892.6,
0,1,0,992,350.864,1,0,1,16548.4,3987.05,
0,1,0,992,296.397,1,0,1,18637.6,4855.43,
0,1,0,993,69.6261,1,0,1,18832.7,22149.6,
0,1,0,1006,143.572,1,0,1,22521.9,597.025,
0,1,0,1009,37.1615,1,0,1,12973,37630.6,
0,1,0,1010,202.096,1,0,1,11060.1,25080,
0,1,0,1011,314.744,1,0,1,3049.46,29408.8,
0,1,0,1011,27.6539,1,0,1,30177.5,39324.1,
0,1,0,1011,71.3884,1,0,1,33329.2,19673.5,
0,1,0,1015,142.927,1,0,1,20334.8,4077.07,
0,1,0,1016,210.573,1,0,1,29731.2,444.25,
0,1,0,1018,331.638,1,0,1,21526.7,29418.7,
0,1,0,1019,322.489,1,0,1,16005.8,11945.3,
0,1,0,1019,112.457,1,0,1,35571.1,3355.29,
0,1,0,1024,186.567,1,0,1,10897.5,19785.3,
0,1,0,1025,324.59,1,0,1,16641.6,12445.5,
4,5,4,1028,1029.78,190,183,7,10925.1,39211,
0,1,0,1030,283.581,1,0,1,10597,1292,
0,1,0,1036,60.9368,1,0,1,2384.3,5788.1,
0,1,0,1037,148.974,1,0,1,24549.3,19790.5,
0,1,0,1039,228.801,1,0,1,3048.07,18716.9,
8,9,8,1039,3142.48,278,262,16,9114.08,3225.25,
0,1,0,1039,312.319,1,0,1,26437,446.965,
0,1,0,1039,26.9539,1,0,1,26537.1,15506,
0,1,0,1042,294.89,1,0,1,1041.08,26694.1,
1,2,1,1042,220.564,971,969,2,28851.6,8965.67,
1,2,1,1047,261.201,212,210,2,14796.7,6090.84,
0,1,0,1049,325.558,1,0,1,2125.42,36440.5,
0,1,0,1049,323.589,1,0,1,39562.6,16754.2,
0,1,0,1055,174.843,2,0,2,39018.5,14020.9,
0,1,0,1058,216.528,1,0,1,14617.9,23356.1,
0,1,0,1059,365.438,1,0,1,5977.95,8808.47,
1,2,1,1065,334.414,10,8,2,29307,20042.3,
0,1,0,1071,76.4364,1,0,1,4059.77,12084.2,
0,1,0,1072,111.244,1,0,1,26532.6,14954.2,
0,1,0,1074,201.887,1,0,1,9935.77,13760,
0,1,0,1074,375.772,1,0,1,36654,30569.8,
0,1,0,1077,308.998,1,0,1,33924,27343.6,
0,1,0,1078,58.2241,1,0,1,21958.7,29201.3,
0,1,0,1080,125.927,1,0,1,2205.86,25035.2,
0,1,0,1082,69.3207,1,0,1,30682.9,16572.5,
0,1,0,1083,283.004,1,0,1,20010.9,7799.61,
0,1,0,1090,364.092,1,0,1,10249.2,12914,
0,1,0,1094,298.779,1,0,1,26386.2,31975.8,
0,1,0,1097,161.017,1,0,1,39070,10002.1,
0,1,0,1098,202.848,1,0,1,28692.9,27141.6,
0,1,0,1099,464.043,2,0,2,24698.9,39754.9,
0,1,0,1102,33.936,1,0,1,18371.8,17063.6,
1,2,1,1104,473.23,2095,2093,2,36685.9,20792.2,
0,1,0,1105,461.678,2,0,2,6688.92,15725.3,
0,1,0,1108,315.703,1,0,1,22279.7,16231.5,
0,1,0,1109,30.1884,1,0,1,3130.58,2464.18,
0,1,0,1110,127.789,1,0,1,1750.43,12534.8,
0,1,0,1116,37.2807,1,0,1,22024,24966.3,
0,1,0,1117,241.098,1,0,1,7434.39,20691.6,
0,1,0,1117,339.163,1,0,1,28198.3,25726.7,
0,1,0,1118,304.347,1,0,1,11309.7,33945.2,
0,1,0,1122,68.5873,1,0,1,1268.49,20270.4,
0,1,0,1122,120.117,1,0,1,28108.3,6294.38,
0,1,0,1123,42.2188,1,0,1,28594.5,14205.2,
0,1,0,1125,203.232,1,0,1,11994.1,19324.2,
0,1,0,1128,344.038,1,0,1,12945.9,8042.52,
0,1,0,1128,294.862,1,0,1,13707.4,35129.2,
0,1,0,1128,217.185,1,0,1,27501.3,13225.2,
0,1,0,1129,343.263,1,0,1,9926.66,10011.2,
0,1,0,1131,304.333,1,0,1,27050.2,4068.36,
0,1,0,1132,69.2522,1,0,1,32524.6,19523.8,
0,1,0,1133,141.482,1,0,1,23168.6,6886.62,
0,1,0,1136,219.085,1,0,1,5610.23,2046.06,
1,2,1,1138,683.922,1329,1327,2,19421.6,385.244,
1,2,1,1142,195.254,8,6,2,27583.6,8944.68,
0,1,0,1142,241.772,1,0,1,30893.4,9086.89,
0,1,0,1144,322.996,1,0,1,35250.1,33296.2,
0,1,0,1145,291.163,1,0,1,33135.3,3179.02,
0,1,0,1145,155.613,1,0,1,35884.5,24576.7,
0,1,0,1154,51.5872,1,0,1,19870.1,35042.5,
0,1,0,1154,316.513,1,0,1,38400.8,16763.2,
0,1,0,1155,274.483,1,0,1,24196,15082.2,
0,1,0,1156,43.2705,1,0,1,39829.7,10464.2,
0,1,0,1158,100.737,1,0,1,21260.7,5016.53,
0,1,0,1159,183.291,1,0,1,30911.6,20026.1,
0,1,0,1166,284.125,1,0,1,23171.8,3444.7,
0,1,0,1167,97.1105,1,0,1,8651.28,10814.8,
0,1,0,1168,106.831,1,0,1,21835.1,20357.4,
0,1,0,1168,217.947,1,0,1,25403.9,23119.8,
0,1,0,1172,341.302,1,0,1,5342.49,36194.5,
0,1,0,1172,314.571,1,0,1,6920,5249.21,
0,1,0,1175,49.8687,1,0,1,18430.6,22094.5,
0,1,0,1178,112.998,1,0,1,5456.43,13658.3,
0,1,0,1178,27.6809,1,0,1,8397.78,6218.62,
0,1,0,1179,244.508,1,0,1,20716.6,30895,
0,1,0,1180,351.486,1,0,1,22783.1,6308.64,
0,1,0,1180,283.202,1,0,1,24361.2,39510.1,
0,1,0,1180,50.8393,1,0,1,34909.2,1632.88,
0,1,0,1181,121.606,1,0,1,34799.9,19805.2,
0,1,0,1188,33.5812,1,0,1,32475,8106.78,
0,1,0,1194,191.609,1,0,1,11823.5,11164.2,
0,1,0,1196,310.388,1,0,1,2730.72,20324.6,
0,1,0,1198,269.927,1,0,1,22739.9,24098.9,
0,1,0,1199,56.3922,1,0,1,21960.5,40124.9,
2,3,2,1200,737.623,2220,2217,3,8682.53,4193.4,
0,1,0,1204,25.7914,1,0,1,30280.5,23236.1,
0,1,0,1211,289.875,1,0,1,988.024,27838.6,
0,1,0,1213,141.991,1,0,1,32188.2,13163.6,
0,1,0,1219,194.57,1,0,1,8221.52,1201.33,
0,1,0,1227,324.242,1,0,1,8483.37,6684.96,
0,1,0,1228,274.765,1,0,1,33496.3,32885.6,
0,1,0,1229,90.9663,1,0,1,17709.2,4046.58,
0,1,0,1229,211.987,1,0,1,34197.4,20174.6,
1,2,1,1234,624.604,1794,1792,2,8927.9,1082.67,
1,2,1,1237,962.49,1763,1759,4,27239.4,23095,
0,1,0,1238,46.9809,1,0,1,12393.1,9407.23,
0,1,0,1240,125.947,1,0,1,24642.9,35116,
0,1,0,1241,230.86,1,0,1,31001.7,34938.5,
0,1,0,1242,361.44,1,0,1,24906.9,17497,
1,2,1,1244,1259.97,7,1,6,4735.43,6657.38,
0,1,0,1249,221.665,1,0,1,3239.38,6714.15,
0,1,0,1253,327.432,1,0,1,19734.6,34369.2,
0,1,0,1259,34.1349,1,0,1,27361,17208.4,
0,1,0,1269,314.331,1,0,1,18937.1,39184.4,
0,1,0,1275,123.722,1,0,1,37499.6,1096.09,
0,1,0,1283,174.783,1,0,1,21441.1,3876.36,
1,2,1,1284,679.1,2706,2704,2,34935.6,21527.5,
0,1,0,1285,113.299,1,0,1,18282.8,1791.27,
0,1,0,1289,185.959,1,0,1,6237.26,6246.49,
0,1,0,1290,336.548,1,0,1,12382.2,30642.1,
0,1,0,1297,332.435,1,0,1,16511.8,3784.57,
0,1,0,1303,203.012,1,0,1,32321.1,412.564,
0,1,0,1304,360.097,1,0,1,28863.9,17059.5,
0,1,0,1306,273.691,1,0,1,17186.1,20883.5,
0,1,0,1307,68.8274,1,0,1,9108.44,31490.4,
0,1,0,1320,49.0161,1,0,1,9812.45,33776,
0,1,0,1324,137.755,1,0,1,13651.9,735.3,
0,1,0,1328,46.8735,1,0,1,14504.7,24530.9,
0,1,0,1334,195.033,1,0,1,6270.07,3013.63,
0,1,0,1338,364.579,1,0,1,34614.8,1264.3,
0,1,0,1338,48.2612,1,0,1,38130.7,4557.24,
0,1,0,1340,317.378,1,0,1,29566,9728.37,
0,1,0,1344,63.5671,1,0,1,2785.77,8443.5,
0,1,0,1358,164.579,1,0,1,2117.17,11270.1,
0,1,0,1361,190.753,1,0,1,14400.7,11728.9,
0,1,0,1361,346.697,1,0,1,36497.5,2143.21,
0,1,0,1362,363.723,2,0,2,17511.4,9723.05,
0,1,0,1364,153.399,1,0,1,17645.1,8219.53,
0,1,0,1364,210.151,1,0,1,38203.5,8997.59,
0,1,0,1369,369.655,1,0,1,23424.4,18684.1,
1,2,1,1379,347.129,221,219,2,35580.2,4749.2,
0,1,0,1382,150.286,1,0,1,6715.29,34655.2,
0,1,0,1383,239.605,1,0,1,21751.4,8029.17,
0,1,0,1386,398.424,1,0,1,14198.8,4305.4,
0,1,0,1386,300.136,1,0,1,17271.4,34327.2,
1,2,1,1388,124.168,3,1,2,27746.1,7354.72,
0,1,0,1389,126.332,1,0,1,27567.7,7265.04,
0,1,0,1395,195.536,1,0,1,14928.9,4126.07,
0,1,0,1405,375.078,1,0,1,8801.71,38022.3,
0,1,0,1410,292.171,1,0,1,30104.9,6510.65,
0,1,0,1412,54.9411,1,0,1,26346.7,4775.44,
0,1,0,1413,137.418,1,0,1,25974.2,18581.8,
0,1,0,1422,44.461,1,0,1,20948.5,20706.2,
1,2,1,1429,602.122,1323,1321,2,27927.6,7357.45,
0,1,0,1430,376.615,1,0,1,3743.03,4471.91,
0,1,0,1431,50.4287,1,0,1,10653.2,7231.99,
0,1,0,1432,122.423,1,0,1,13944.7,39787.3,
0,1,0,1434,189.717,1,0,1,24445.4,23907.4,
1,2,1,1438,375.557,2382,2380,2,5274.74,5661.42,
0,1,0,1442,265.83,1,0,1,39217.2,25221.7,
0,1,0,1444,52.4815,1,0,1,5983.52,35106.2,
0,1,0,1444,146.322,1,0,1,21115.6,5746.02,
0,1,0,1453,220.806,1,0,1,2785.05,10706,
1,2,1,1455,362.603,1949,1947,2,32493.2,38830.6,
0,1,0,1464,294.746,1,0,1,26699.5,24244.3,
0,1,0,1464,25.3576,1,0,1,29811.1,4109.28,
0,1,0,1466,176.798,1,0,1,18149.9,25506.5,
0,1,0,1466,344.505,1,0,1,36224.4,13398.9,
0,1,0,1467,38.0076,1,0,1,6346.54,19473.6,
0,1,0,1468,326.928,1,0,1,30650.9,4039.9,
0,1,0,1480,88.9021,1,0,1,36229.5,24331.8,
0,1,0,1481,149.584,1,0,1,37915.4,11751.1,
0,1,0,1482,37.1983,1,0,1,3132.08,17430.7,
0,1,0,1483,249.184,1,0,1,30802.6,8146.84,
0,1,0,1485,391.725,1,0,1,12931.7,25803.3,
0,1,0,1493,323.274,1,0,1,3599.78,1741.89,
0,1,0,1493,40.4005,1,0,1,13931.4,25586.9,
0,1,0,1499,158.116,1,0,1,851.6,25036.5,
0,1,0,1504,266.056,1,0,1,27079.8,32965.4,
0,1,0,1507,359.396,1,0,1,26548,23898.2,
0,1,0,1511,251.919,1,0,1,1589.55,28769.4,
0,1,0,1511,63.8443,1,0,1,31345.6,18809.3,
0,1,0,1512,151.176,1,0,1,36454.4,5351.21,
0,1,0,1515,371.02,1,0,1,9529.47,40244.7,
0,1,0,1524,294.923,1,0,1,35164.5,4667.38,
0,1,0,1525,99.5939,1,0,1,15895.1,18662.4,
1,2,1,1526,678.488,4,1,3,11317.5,1367.9,
0,1,0,1535,39.427,1,0,1,9995.8,26211.4,
0,1,0,1541,310.593,1,0,1,10391.1,9730.5,
0,1,0,1546,26.7747,1,0,1,26260.3,8579.72,
0,1,0,1547,115.833,1,0,1,674.053,15469.4,
0,1,0,1550,36.7039,1,0,1,15774.8,8361.56,
0,1,0,1550,373.773,1,0,1,18775.5,3323.51,
0,1,0,1554,296.069,1,0,1,7199.57,28627.8,
0,1,0,1565,60.5242,1,0,1,19181.5,5552.27,
1,2,1,1565,317.459,530,528,2,36760.1,20599.4,
1,2,1,1568,689.616,337,335,2,16249.5,30962.5,
1,2,1,1569,203.685,587,585,2,32855,32384.3,
0,1,0,1571,224.249,1,0,1,19088.8,16427.7,
0,1,0,1576,323.305,1,0,1,40320.4,1956.65,
0,1,0,1577,32.7616,1,0,1,23205.1,2783.88,
0,1,0,1578,319.5,1,0,1,29215.1,6109.23,
0,1,0,1579,88.7108,1,0,1,34447.8,11022.5,
0,1,0,1590,153.747,1,0,1,36315.7,20933.8,
0,1,0,1596,34.2825,1,0,1,17116.9,40255.5,
0,1,0,1601,220.731,1,0,1,3804.83,39592.6,
11,12,11,1601,2351.94,2197,2184,13,14962.1,7995.8,
0,1,0,1604,386.106,1,0,1,25649.2,13098.1,
0,1,0,1604,292.207,1,0,1,27034.4,28077.3,
0,1,0,1607,98.7575,1,0,1,30451.6,2545.14,
0,1,0,1607,240.049,1,0,1,39265.8,10501.6,
0,1,0,1609,333.732,1,0,1,31540.6,36109.4,
0,1,0,1612,339.105,1,0,1,4176.2,4428.61,
0,1,0,1612,153.108,1,0,1,10123.6,33581.7,
0,1,0,1613,310.268,1,0,1,17557.5,36832.4,
1,2,1,1614,366.625,1784,1782,2,10617.8,15046.1,
0,1,0,1615,157.361,1,0,1,39301.7,13372.7,
0,1,0,1619,58.1718,1,0,1,5352.44,38822.8,
0,1,0,1620,174.202,1,0,1,870.647,26021.2,
0,1,0,1620,356.37,1,0,1,31610.1,21184.4,
1,2,1,1628,3297.99,200,183,17,24453.7,14494.8,
0,1,0,1629,327.341,1,0,1,23673.9,16702.5,
0,1,0,1632,57.2864,1,0,1,23250.2,23404.7,
0,1,0,1635,152.267,1,0,1,6396.46,32762.6,
0,1,0,1637,31.9533,1,0,1,3309.36,17388.8,
0,1,0,1642,201.762,1,0,1,20766,37233.5,
4,5,4,1644,874.197,2270,2265,5,432.504,36294.8,
1,2,1,1644,585.974,85,83,2,16962.6,33058.4,
0,1,0,1644,275.257,1,0,1,21938.8,13252.6,
0,1,0,1645,167.984,1,0,1,16899.4,24172.5,
0,1,0,1645,38.5962,1,0,1,27264.6,30158.6,
0,1,0,1646,356.278,1,0,1,9185.47,17669.1,
0,1,0,1648,278.922,1,0,1,14744.7,24787,
0,1,0,1653,76.5107,1,0,1,33664.6,16723.7,
0,1,0,1654,92.244,1,0,1,11025.7,6554.68,
0,1,0,1655,238.056,1,0,1,5257.6,40212.7,
0,1,0,1658,356.785,1,0,1,10860.4,2691.43,
0,1,0,1659,298.121,1,0,1,34979.4,4505.74,
0,1,0,1679,48.538,1,0,1,27654.5,3532.45,
0,1,0,1685,159.963,1,0,1,14785.8,7965.82,
1,2,1,1691,601.077,319,317,2,1786.96,7309.21,
0,1,0,1693,315.253,1,0,1,7543.46,6794.04,
0,1,0,1700,60.1083,1,0,1,5235.83,22503.6,
0,1,0,1702,118.437,1,0,1,15850.1,32408.6,
0,1,0,1710,317.178,1,0,1,9790.43,15588.2,
0,1,0,1713,296.459,1,0,1,10732.5,22964.6,
0,1,0,1713,68.7733,1,0,1,11642.6,13292.3,
0,1,0,1714,151.94,1,0,1,5755.35,10984.1,
0,1,0,1714,265.376,1,0,1,13457.6,966.67,
0,1,0,1717,304.382,1,0,1,35032,1853.8,
0,1,0,1731,346.085,1,0,1,32678.1,10033.4,
0,1,0,1735,48.9982,1,0,1,36343,10558.1,
0,1,0,1735,160.674,1,0,1,39338.6,38667.6,
0,1,0,1739,223.143,1,0,1,36403.4,13595.7,
0,1,0,1740,325.008,1,0,1,39581,12300.1,
0,1,0,1747,274.748,1,0,1,5273.79,29356.7,
0,1,0,1748,72.445,1,0,1,4595.84,25451.8,
0,1,0,1749,186.665,1,0,1,33404.7,24475.2,
0,1,0,1750,182.51,1,0,1,12920,23432.5,
0,1,0,1750,318.809,1,0,1,32930.4,14536.9,
0,1,0,1752,296.58,1,0,1,22001.7,34912,
0,1,0,1755,98.4846,1,0,1,36960.3,36375.8,
0,1,0,1757,126.691,1,0,1,19975.7,9483.59,
0,1,0,1757,190.365,1,0,1,26293,18099.7,
0,1,0,1763,336.016,1,0,1,24123.9,4246.61,
0,1,0,1764,344.117,1,0,1,9054.35,26964.7,
0,1,0,1767,45.915,1,0,1,2698.31,5982.07,
1,2,1,1772,214.953,1723,1721,2,35027.5,21756.2,
0,1,0,1773,227.031,1,0,1,34755.3,34810.2,
0,1,0,1780,373.707,1,0,1,28513.4,34451.1,
0,1,0,1784,416.031,2,0,2,27116.3,9545.51,
0,1,0,1786,124.944,1,0,1,31055.6,3613.62,
0,1,0,1793,194.172,1,0,1,11521.4,24251.3,
0,1,0,1794,291.458,1,0,1,33171.4,6334.97,
0,1,0,1795,272.641,1,0,1,22692.6,19039.9,
0,1,0,1796,174.744,1,0,1,3537.76,12587.2,
0,1,0,1796,199.072,1,0,1,6565.05,24783.4,
0,1,0,1799,334.598,1,0,1,28929.2,8732.1,
0,1,0,1800,303.206,1,0,1,38379.7,430.975,
1,2,1,1801,186.638,367,365,2,25760.3,15748.7,
0,1,0,1802,193.782,1,0,1,2501.4,20426.3,
0,1,0,1809,344.814,1,0,1,30873.1,39359.9,
0,1,0,1813,273.158,1,0,1,7855.28,550.407,
0,1,0,1817,58.5896,1,0,1,34606.7,9235.93,
0,1,0,1818,135.574,1,0,1,39557.5,28855.2,
0,1,0,1823,228.806,1,0,1,3743.65,4673.17,
0,1,0,1828,327.374,1,0,1,38717,7922.8,
0,1,0,1830,267.405,1,0,1,1067.18,29406.9,
0,1,0,1832,75.7466,1,0,1,920.667,11564.5,
0,1,0,1834,129.667,1,0,1,1835.08,31051.1,
0,1,0,1834,52.6474,1,0,1,29653.2,25332.8,
0,1,0,1834,344.828,1,0,1,34267.1,33972.1,
1,2,1,1839,324.754,482,480,2,36729.9,14213.3,
0,1,0,1842,31.1004,1,0,1,20773.4,869.074,
0,1,0,1848,88.9581,1,0,1,1054.02,12985.1,
0,1,0,1852,46.0471,1,0,1,14327.3,21068.6,
0,1,0,1858,229.33,1,0,1,30784,16381.5,
0,1,0,1861,328.698,1,0,1,30534.6,26813.4,
0,1,0,1861,298.253,1,0,1,35452.5,39678.7,
0,1,0,1864,61.0145,1,0,1,7916.5,12618.1,
0,1,0,1869,147.524,1,0,1,33311.4,17503.6,
0,1,0,1870,212.905,1,0,1,33575.8,9140.45,
0,1,0,1876,339.159,1,0,1,40247.6,16396.5,
0,1,0,1882,300.439,1,0,1,18051.2,13560,
1,2,1,1887,162.377,159,157,2,4358.43,418.475,
0,1,0,1889,213.253,1,0,1,31965.5,5572.87,
0,1,0,1890,280.632,1,0,1,4923.95,8975.38,
0,1,0,1893,57.4633,1,0,1,10695.9,15935.8,
0,1,0,1899,145.357,1,0,1,32341.2,30534.1,
0,1,0,1913,184.539,1,0,1,21298.8,18329.9,
0,1,0,1915,333.385,1,0,1,25872,36427.2,
0,1,0,1920,254.157,1,0,1,6896.2,8891.84,
0,1,0,1920,51.2453,1,0,1,34515.6,35474,
0,1,0,1923,113.879,1,0,1,22929,27745.2,
0,1,0,1923,43.8301,1,0,1,28296.2,17340.6,
0,1,0,1928,208.956,1,0,1,479.922,38117,
0,1,0,1931,331.474,1,0,1,33770.2,35162.7,
0,1,0,1932,306.04,1,0,1,38161,27849,
0,1,0,1934,75.7068,1,0,1,27240,35279.3,
0,1,0,1937,131.385,1,0,1,20933.4,26822.1,
1,2,1,1949,252.34,910,908,2,599.251,36579.2,
0,1,0,1952,336.071,1,0,1,16922.9,9521.21,
0,1,0,1956,396.981,3,0,3,4806.53,5211.24,
0,1,0,1959,158.996,1,0,1,9309.69,3448.64,
0,1,0,1967,208.322,1,0,1,10571.2,6679.3,
0,1,0,1967,328.855,1,0,1,38888.3,20140.5,
0,1,0,1969,77.7511,1,0,1,2733.37,28965.3,
0,1,0,1969,319.991,1,0,1,4353.47,29270.6,
0,1,0,1969,148.989,1,0,1,32416.2,24203.2,
0,1,0,1971,50.0972,1,0,1,2008.61,19425.7,
0,1,0,1972,214.116,1,0,1,36726.9,8932.71,
0,1,0,1973,400.56,1,0,1,19107.3,2604.07,
0,1,0,1979,294.736,1,0,1,19381,7133.87,
0,1,0,1981,49.494,1,0,1,18861.1,19883.5,
0,1,0,1990,152.782,1,0,1,10907,1077.02,
0,1,0,1990,322.545,1,0,1,24309.7,19099.1,
1,2,1,1991,304.91,1607,1605,2,29199.6,31108.1,
0,1,0,1993,388.019,1,0,1,22569.9,1856.03,
0,1,0,1997,295.801,1,0,1,4524.1,32460.5,
0,1,0,1999,63.1487,1,0,1,18361.6,16192.3,
0,1,0,1999,193.932,1,0,1,35991.4,31428.1,
0,1,0,2000,216.418,1,0,1,15025.8,4404.84,
0,1,0,2006,362.365,1,0,1,5765.88,31292,
0,1,0,2008,319.906,1,0,1,8527.2,38995.2,
0,1,0,2014,55.7726,1,0,1,23045.3,3951.17,
0,1,0,2016,110.613,1,0,1,40154.1,11873.5,
2,3,2,2018,1457.05,106,100,6,17886.4,4851.02,
0,1,0,2020,655.593,2,0,2,11930.4,20395,
0,1,0,2035,81.4657,1,0,1,26559.5,32695.9,
0,1,0,2042,43.1655,1,0,1,3392.3,3772.18,
0,1,0,2046,138.92,1,0,1,38054.5,33678.7,
0,1,0,2063,149.904,1,0,1,33469.4,29814.2,
0,1,0,2065,335.747,1,0,1,31148.6,8795.46,
0,1,0,2068,40.0322,1,0,1,15524.2,3967.48,
0,1,0,2070,309.18,1,0,1,21419.8,27161.6,
0,1,0,2071,46.8443,1,0,1,28383.3,6592.82,
0,1,0,2071,162.117,1,0,1,35067.6,29201.7,
6,7,6,2072,2412.05,34,20,14,12416.3,20810,
0,1,0,2078,349.019,1,0,1,23034.6,18838.9,
0,1,0,2082,297.601,1,0,1,4921.29,14336.9,
0,1,0,2082,154.438,1,0,1,8530.45,32363.4,
0,1,0,2087,39.3918,1,0,1,10202.4,31319.6,
0,1,0,2091,201.59,1,0,1,6645.34,16524.5,
0,1,0,2092,277.864,1,0,1,25120,4881.62,
0,1,0,2094,283.667,1,0,1,816.558,28273.7,
0,1,0,2103,82.3215,1,0,1,23885.3,5859.84,
0,1,0,2104,138.028,1,0,1,23810.4,25801.7,
0,1,0,2105,260.194,1,0,1,28674.2,15651.3,
0,1,0,2106,346.027,1,0,1,5418.8,368.749,
0,1,0,2109,41.7098,1,0,1,8356.32,2891.82,
0,1,0,2112,34.5046,1,0,1,32846,20666.6,
1,2,1,2113,379.202,1395,1393,2,4736,20318.8,
0,1,0,2116,150.976,1,0,1,2245.1,26842.1,
0,1,0,2116,207.958,1,0,1,29730.1,9284.77,
0,1,0,2117,384.571,2,0,2,22077.2,36786.6,
1,2,1,2119,413.919,1681,1679,2,11256.1,325.908,
0,1,0,2119,111.02,1,0,1,37082.8,29323.3,
0,1,0,2120,347.936,1,0,1,15487.1,34328.3,
0,1,0,2126,49.8181,1,0,1,4725.92,2411.76,
0,1,0,2128,288.401,1,0,1,28420.3,21534.8,
0,1,0,2129,56.8143,1,0,1,15490.7,12394.6,
0,1,0,2133,146.369,1,0,1,13669.6,38793.9,
0,1,0,2133,36.0177,1,0,1,37088,1375.81,
0,1,0,2134,160.595,1,0,1,13242.3,14081.3,
0,1,0,2137,300.666,1,0,1,5798.28,3562.83,
0,1,0,2142,310.56,1,0,1,13932.1,5189.22,
0,1,0,2145,73.4396,1,0,1,12004.7,13472.3,
0,1,0,2147,160.895,1,0,1,10467.6,12922.2,
0,1,0,2151,240.073,1,0,1,33129,9336.18,
0,1,0,2157,341.645,1,0,1,5587.91,458.613,
0,1,0,2165,320.744,1,0,1,11047.8,5890.39,
0,1,0,2168,57.289,1,0,1,11863,28361.1,
0,1,0,2169,125.917,1,0,1,2876.94,7008.81,
1,2,1,2170,515.993,3,1,2,18003.7,7671.95,
0,1,0,2170,282.408,1,0,1,32676.3,39151,
0,1,0,2178,126.232,1,0,1,35988.9,7901.8,
0,1,0,2182,219.484,1,0,1,24264.5,35561.2,
0,1,0,2183,314.378,1,0,1,12150.9,6293.66,
22,23,22,2187,6657.95,1242,1211,31,25761.1,25058,
0,1,0,2187,39.3998,1,0,1,28715.8,20891.1,
0,1,0,2190,169.975,1,0,1,25709.9,25249.1,
0,1,0,2191,47.75,1,0,1,21239.6,1977.26,
0,1,0,2192,100.889,1,0,1,16885.7,5794.69,
0,1,0,2195,237.402,1,0,1,38377.2,5987.05,
0,1,0,2196,301.157,1,0,1,31781.8,36869.3,
0,1,0,2200,332.204,1,0,1,18527,17578,
0,1,0,2204,38.6764,1,0,1,16934.7,1686.56,
1,2,1,2206,227.886,450,448,2,25689.6,24987.1,
0,1,0,2207,197.528,1,0,1,2062.15,10308.3,
0,1,0,2212,357.876,1,0,1,31749.7,4187.33,
0,1,0,2214,298.775,1,0,1,19436.6,25397.2,
0,1,0,2216,80.0694,1,0,1,35490.2,7927.62,
0,1,0,2218,113.712,1,0,1,15938.4,20378.6,
0,1,0,2222,199.162,1,0,1,27522.8,16694.5,
0,1,0,2223,356.01,1,0,1,28834.4,6735.38,
0,1,0,2226,339.422,1,0,1,2405.4,9466.67,
0,1,0,2226,70.4232,1,0,1,26891.7,37820,
0,1,0,2229,128.592,1,0,1,22745.1,27397.4,
0,1,0,2243,203.208,1,0,1,27582.5,31410.5,
0,1,0,2244,345.082,1,0,1,21391.3,25023.6,
0,1,0,2247,314.307,1,0,1,4650.15,944.176,
0,1,0,2248,62.1143,1,0,1,20587.4,18466.7,
0,1,0,2249,85.2666,1,0,1,6177.21,1705.04,
0,1,0,2253,166.911,1,0,1,2581.54,30685.5,
0,1,0,2254,378.839,1,0,1,12219.3,8834.1,
0,1,0,2260,312.653,1,0,1,2644.34,34470.9,
0,1,0,2260,157.835,1,0,1,5952.27,25194.8,
1,2,1,2260,891.271,1200,1197,3,23128.4,10591.3,
0,1,0,2262,61.3116,1,0,1,26225.2,21923.6,
0,1,0,2264,146.419,1,0,1,38112.7,5261.19,
0,1,0,2265,262.109,1,0,1,16945.7,15493.5,
0,1,0,2270,341.197,1,0,1,1895.34,21117.2,
0,1,0,2276,346.762,1,0,1,6060.93,27638.9,
0,1,0,2278,166.376,1,0,1,34109.3,37031.2,
0,1,0,2282,154.156,1,0,1,24384.4,38434.3,
0,1,0,2287,337.03,1,0,1,25563.9,27958.5,
0,1,0,2290,360.037,1,0,1,34910.8,32420.7,
0,1,0,2293,124.248,1,0,1,29797.9,3250.67,
0,1,0,2294,206.557,1,0,1,13246.1,35292.7,
0,1,0,2304,401.685,1,0,1,19469.9,4647.61,
0,1,0,2307,281.147,1,0,1,25679.6,19187.4,
0,1,0,2312,56.0822,1,0,1,603.061,1402.38,
0,1,0,2312,56.6393,1,0,1,33957.6,21337,
0,1,0,2314,144.327,1,0,1,21012.4,4527.32,
0,1,0,2317,195.888,1,0,1,5619.03,8381.26,
0,1,0,2319,306.941,1,0,1,1913.09,1690.29,
0,1,0,2321,351.317,1,0,1,7426.28,31968.1,
0,1,0,2321,76.2233,1,0,1,12310.7,18036.6,
0,1,0,2321,76.3064,1,0,1,30848.7,15153,
0,1,0,2322,227.41,1,0,1,23449.6,3796.65,
0,1,0,2327,27.8455,1,0,1,11719.3,13913.4,
0,1,0,2328,303.657,1,0,1,19962.7,12745,
0,1,0,2328,68.4302,1,0,1,26726.9,6871.44,
0,1,0,2328,90.3,1,0,1,32001.1,26173.6,
0,1,0,2330,383.396,1,0,1,37338,11269.8,
0,1,0,2332,358.669,1,0,1,11831.7,20067.2,
0,1,0,2333,64.7498,1,0,1,5626.93,26430.1,
0,1,0,2333,171.886,1,0,1,7990.37,904.889,
0,1,0,2345,255.516,1,0,1,38485.2,7942.52,
0,1,0,2347,377.815,1,0,1,29671.2,12206.5,
0,1,0,2351,267.407,1,0,1,35645.7,38884.1,
0,1,0,2352,53.4962,1,0,1,18302.7,2879.38,
0,1,0,2352,168.115,1,0,1,32540.6,17721.6,
0,1,0,2354,162.899,1,0,1,2047.35,29290.7,
0,1,0,2356,318.138,1,0,1,6560.74,3973.41,
1,2,1,2357,419.851,413,411,2,37953.5,39135.2,
0,1,0,2359,123.545,1,0,1,4591.48,16302.6,
0,1,0,2360,347.871,1,0,1,7676.28,394.33,
0,1,0,2360,262.865,1,0,1,33803.5,1072.61,
0,1,0,2364,76.0322,1,0,1,9513.4,10480.9,
0,1,0,2365,111.168,1,0,1,6883.05,12567.4,
0,1,0,2365,244.86,1,0,1,22581.4,3886.54,
0,1,0,2366,319.65,1,0,1,33632.5,11125.6,
0,1,0,2367,317.596,1,0,1,5523.85,37278.7,
1,2,1,2368,150.431,66,64,2,32495.3,25157.3,
0,1,0,2371,208.067,1,0,1,4021.1,23937.4,
0,1,0,2372,394.293,1,0,1,4458.98,2388.37,
0,1,0,2373,284.996,1,0,1,32631.7,25053.3,
0,1,0,2378,52.2812,1,0,1,20851.9,36011.8,
0,1,0,2382,74.8904,1,0,1,4474.37,18987.6,
0,1,0,2397,154.479,1,0,1,7498.6,21484.2,
1,2,1,2397,754.821,5,2,3,32350.2,35430.2,
0,1,0,2399,111.106,1,0,1,32186.8,35356.9,
0,1,0,2402,200.193,1,0,1,17650.9,3111.31,
0,1,0,2404,292.653,1,0,1,9127.32,38271,
0,1,0,2405,35.0339,1,0,1,22695.8,9973.13,
0,1,0,2405,335.172,1,0,1,25085.1,13537.8,
1,2,1,2409,213.757,1056,1054,2,7101.6,22209.5,
0,1,0,2410,68.0386,1,0,1,8543.14,13629.9,
1,2,1,2412,828.247,7,4,3,18674.3,7332.8,
0,1,0,2420,71.1972,1,0,1,31669.4,9207.35,
0,1,0,2420,123.856,1,0,1,33820.1,28236.8,
0,1,0,2422,219.131,1,0,1,1101.34,22807.8,
0,1,0,2424,376.27,1,0,1,37936.1,16310.9,
0,1,0,2426,311.854,1,0,1,32900.9,7963.53,
0,1,0,2427,46.8153,1,0,1,36074.2,13278.1,
0,1,0,2429,212.934,1,0,1,14245.4,38424.5,
0,1,0,2432,335.861,1,0,1,1590.85,3161.52,
0,1,0,2433,46.4059,1,0,1,10386.2,8730.75,
0,1,0,2433,313.349,1,0,1,21741.4,12337.1,
0,1,0,2434,77.2583,1,0,1,4621.81,19424.2,
0,1,0,2436,136.146,1,0,1,15524.2,29049.2,
0,1,0,2439,199.327,1,0,1,4555.59,4006.02,
0,1,0,2439,335.22,1,0,1,21269.9,36637.4,
0,1,0,2440,295.117,1,0,1,19679.5,15559.7,
0,1,0,2441,62.8637,1,0,1,18386.4,20844.1,
0,1,0,2442,139.516,1,0,1,29997.9,10170.1,
2,3,2,2450,774.075,1321,1317,4,25031,20774.4,
0,1,0,2450,229.856,1,0,1,26311.6,2477.18,
0,1,0,2458,311.81,1,0,1,6051.51,10342.3,
0,1,0,2459,310.37,1,0,1,25227.5,19403.8,
0,1,0,2464,123.498,1,0,1,11712.6,12863.8,
0,1,0,2468,239.342,1,0,1,24116.2,15753.7,
0,1,0,2474,341.378,1,0,1,6572.94,30747.9,
0,1,0,2475,311.683,1,0,1,23596.4,18797.5,
0,1,0,2475,97.8774,1,0,1,32576.3,31023.8,
0,1,0,2477,135.034,1,0,1,7294.57,4271.2,
0,1,0,2479,349.822,1,0,1,11056.4,14256.3,
0,1,0,2479,296.129,1,0,1,14342.3,15374.5,
0,1,0,2481,168.373,1,0,1,32673.5,13991.9,
0,1,0,2482,245.016,1,0,1,7987.34,26020.9,
0,1,0,2484,333.597,1,0,1,8681.3,17208.1,
0,1,0,2487,333.439,1,0,1,30968.3,10184.2,
0,1,0,2492,49.2964,1,0,1,27216.5,32065.1,
0,1,0,2501,160.635,1,0,1,5274.98,20329,
0,1,0,2502,225.408,1,0,1,18430.5,23329.2,
0,1,0,2503,312,1,0,1,32090.7,9397.86,
0,1,0,2504,272.24,1,0,1,7469.17,1946.41,
0,1,0,2506,37.9897,1,0,1,18748.3,7765.83,
0,1,0,2507,144.372,1,0,1,10063.4,10159.8,
0,1,0,2508,216.24,1,0,1,39356.1,32402.1,
0,1,0,2511,329.18,1,0,1,14771.7,11137.8,
0,1,0,2512,332.313,1,0,1,32777.2,36834.3,
0,1,0,2517,127.006,1,0,1,9123.95,23368.9,
0,1,0,2520,171.021,1,0,1,1088.73,16682.3,
0,1,0,2520,355.299,1,0,1,18891.1,16382,
0,1,0,2521,336.79,1,0,1,25440.1,13298,
0,1,0,2522,89.7935,1,0,1,36832.5,16108,
0,1,0,2527,134.955,1,0,1,36478.5,370.96,
0,1,0,2528,247.181,1,0,1,9872.64,1658.72,
0,1,0,2531,312.298,1,0,1,19796.7,14330.1,
0,1,0,2531,305.774,1,0,1,37940.9,19165,
0,1,0,2533,64.6699,1,0,1,15130.7,18173.9,
0,1,0,2536,132.878,1,0,1,22719.8,20846.3,
0,1,0,2538,235.759,1,0,1,31819.3,32946.9,
0,1,0,2539,330.716,1,0,1,38366.1,23985.1,
0,1,0,2542,38.9223,1,0,1,31362.7,5953.25,
0,1,0,2544,294.971,1,0,1,24034.9,17849.8,
0,1,0,2545,120.888,1,0,1,23144,1200.74,
0,1,0,2550,197.439,1,0,1,37749.3,5948.12,
1,2,1,2551,652.842,514,512,2,8009.66,20138.2,
0,1,0,2553,78.924,1,0,1,31504.8,15445.1,
0,1,0,2558,113.694,1,0,1,32141.8,29502.1,
0,1,0,2559,174.827,1,0,1,13381.2,29011.6,
0,1,0,2560,362.812,1,0,1,5156.08,23297.2,
0,1,0,2561,44.2098,1,0,1,4990.11,5167.34,
0,1,0,2562,270.932,1,0,1,24301.8,9144.17,
0,1,0,2562,94.3413,1,0,1,36750.5,39462.1,
0,1,0,2568,86.9052,1,0,1,2405.68,39752.3,
0,1,0,2568,185.197,1,0,1,35178,2579.41,
0,1,0,2568,316.686,1,0,1,37090.4,16340.2,
0,1,0,2569,300.174,1,0,1,33638.8,33646.5,
0,1,0,2571,57.8628,1,0,1,33170.8,31270.9,
0,1,0,2572,65.632,1,0,1,16452,1703.57,
0,1,0,2586,125.868,1,0,1,33609.2,4920.5,
0,1,0,2591,35.7185,1,0,1,24108.9,27997.3,
0,1,0,2594,205.923,1,0,1,9287.21,11062.5,
8,9,8,2595,2806.1,57,45,12,7401.09,17499.5,
0,1,0,2596,38.4489,1,0,1,6504.81,15942.3,
0,1,0,2599,132.298,1,0,1,3219.25,25817.2,
0,1,0,2603,211.496,1,0,1,10251.2,9580.58,
0,1,0,2604,625.166,2,0,2,2869.84,26396.1,
0,1,0,2604,54.4158,1,0,1,36654.1,2429.71,
0,1,0,2607,110.099,1,0,1,31740.9,2225.52,
0,1,0,2608,213.741,1,0,1,29862.3,26942.5,
0,1,0,2614,384.762,1,0,1,16959.6,31182,
0,1,0,2615,357.836,1,0,1,20040.6,15105.8,
0,1,0,2618,97.7675,1,0,1,8738.42,17986.4,
0,1,0,2619,168.07,1,0,1,24693.5,18123,
0,1,0,2620,621.746,3,0,3,11271.7,16209.7,
0,1,0,2620,320.209,1,0,1,23499.4,12033.1,
0,1,0,2625,66.1145,1,0,1,27214.9,18589.2,
0,1,0,2632,169.37,1,0,1,28687,24858.5,
0,1,0,2637,198.084,1,0,1,3943.61,11892.9,
0,1,0,2640,386.95,1,0,1,11746.7,20262.1,
0,1,0,2641,43.3171,1,0,1,20637.4,2240.52,
0,1,0,2647,88.5179,2,0,2,19534.5,28352.8,
1,2,1,2649,330.134,4,2,2,7523.66,17629,
0,1,0,2654,151.557,1,0,1,7634.1,31098.9,
0,1,0,2655,361.216,1,0,1,33509.3,22066.1,
0,1,0,2657,312.928,1,0,1,34803.9,878.83,
0,1,0,2658,83.1126,1,0,1,9561.59,6665.37,
0,1,0,2660,128.74,1,0,1,28625.2,32492,
0,1,0,2663,258.01,1,0,1,21541.7,30177.9,
0,1,0,2671,372.964,1,0,1,8268.1,19033.4,
1,2,1,2671,305.044,284,282,2,39045.1,8068.12,
0,1,0,2675,222.939,1,0,1,25832.9,31372.5,
0,1,0,2677,333.877,1,0,1,14235,723.006,
13,14,13,2677,5938.85,311,279,32,24839.3,7489.32,
0,1,0,2680,335.367,1,0,1,10096.9,32360.6,
1,2,1,2684,461.97,202,200,2,26931.3,9822.04,
0,1,0,2691,45.402,1,0,1,7934.82,26902.7,
0,1,0,2694,192.127,1,0,1,12143.1,35412.1,
0,1,0,2695,313.191,1,0,1,37532.3,10647.7,
0,1,0,2697,76.7674,1,0,1,29123.9,25214.6,
0,1,0,2706,119.673,1,0,1,10701.1,24192.3,
0,1,0,2709,204.771,1,0,1,2214.8,22957.8,
0,1,0,2714,378.445,1,0,1,24993.1,13986.9,
0,1,0,2714,37.9741,1,0,1,34112.1,8287.36,
0,1,0,2715,332.86,1,0,1,4279.34,18202.5,
0,1,0,2717,180.393,2,0,2,4384.74,25118.2,
0,1,0,2721,223.226,1,0,1,6649.88,12416.7,
0,1,0,2724,326.582,1,0,1,21234.6,18107.7,
0,1,0,2725,311.856,1,0,1,23472.3,6186.44,
0,1,0,2728,189.791,1,0,1,17838.1,373.176,
0,1,0,2729,317.816,1,0,1,2558.28,38949.8,
0,1,0,2731,54.9487,1,0,1,24693.3,32454.4,
0,1,0,2736,285.38,1,0,1,40272.1,40065.2,
0,1,0,2737,56.025,1,0,1,1298.88,19795.9,
0,1,0,2737,116.501,1,0,1,9143.39,9667.58,
0,1,0,2738,358.032,1,0,1,35814.9,9228.13,
0,1,0,2739,263.805,1,0,1,26721.2,12037.3,
0,1,0,2739,136.09,1,0,1,37344.5,8930.97,
0,1,0,2742,188.063,1,0,1,1190.51,2247.75,
0,1,0,2742,289.587,1,0,1,18696.6,12810.4,
0,1,0,2743,282.897,1,0,1,15957.1,17394,
0,1,0,2743,67.0928,1,0,1,20602.8,16074.9,
0,1,0,2749,148.78,1,0,1,27924.2,29104.2,
0,1,0,2758,323.314,1,0,1,3486.54,36897.1,
0,1,0,2760,335.142,1,0,1,21560.4,32320.6,
0,1,0,2769,74.3313,1,0,1,11635.9,27516.1,
0,1,0,2779,113.401,1,0,1,3199.81,21798.7,
0,1,0,2780,211.154,1,0,1,7744.01,6039.63,
0,1,0,2782,335.426,1,0,1,7818.51,5839.58,
0,1,0,2784,326.749,1,0,1,9878.72,20333.2,
0,1,0,2792,54.8753,1,0,1,15301.7,18796.1,
0,1,0,2796,158.374,1,0,1,25099.9,14459.8,
0,1,0,2806,191.619,1,0,1,23832.3,9170.59,
0,1,0,2808,667.872,2,0,2,19106.3,19879,
0,1,0,2809,66.7976,1,0,1,5057.08,7623.98,
0,1,0,2820,137.271,1,0,1,24801.4,9764.46,
0,1,0,2822,306.361,1,0,1,22220.8,25365.6,
0,1,0,2825,354.419,1,0,1,16778.6,26975.9,
0,1,0,2826,69.6042,1,0,1,25114.9,12686,
0,1,0,2828,137.574,1,0,1,14147.3,18953.8,
0,1,0,2833,215.606,1,0,1,13520.4,13949.3,
0,1,0,2836,323.637,1,0,1,31871.4,40066.7,
0,1,0,2838,35.1522,1,0,1,30541.1,18302.5,
0,1,0,2839,294.082,1,0,1,22155.1,3877.22,
0,1,0,2843,87.8722,1,0,1,26508.4,8714.68,
0,1,0,2848,154.735,1,0,1,21090,11711.6,
0,1,0,2848,170.89,1,0,1,39532.4,333.531,
0,1,0,2850,296.069,1,0,1,28306.8,3915.4,
0,1,0,2853,293.988,1,0,1,27015.8,2537.5,
0,1,0,2860,91.9842,1,0,1,26839.4,2383.17,
0,1,0,2861,167.507,1,0,1,24419.7,26412.4,
0,1,0,2864,232.942,1,0,1,35349.3,1753.09,
0,1,0,2866,359.287,1,0,1,9905.99,38849.5,
0,1,0,2868,327.904,1,0,1,15979.9,329.279,
0,1,0,2871,109.158,1,0,1,15171.5,20862.4,
0,1,0,2872,221.036,1,0,1,16225.5,23717.3,
0,1,0,2873,326.728,1,0,1,6623.56,20211.1,
0,1,0,2876,66.9487,1,0,1,2437.14,34636.3,
0,1,0,2877,308.947,1,0,1,4032.67,39407.1,
0,1,0,2881,78.0672,1,0,1,11820.1,4535.61,
0,1,0,2885,150.301,1,0,1,1764.92,333.233,
0,1,0,2886,189.387,1,0,1,26959.1,29944.6,
0,1,0,2888,354.3,1,0,1,29903.3,12711.7,
0,1,0,2893,328.152,1,0,1,1404.07,22456.5,
0,1,0,2895,86.4839,1,0,1,28319.2,649.427,
0,1,0,2897,117.754,1,0,1,2826.47,14896.6,
0,1,0,2897,33.8103,1,0,1,26400.8,1836.28,
0,1,0,2898,40.4085,1,0,1,38906.6,6942.88,
0,1,0,2899,218.683,1,0,1,36772.4,4573.76,
0,1,0,2901,339.537,1,0,1,14359,40196.3,
0,1,0,2904,282.389,1,0,1,18583.9,15711.1,
0,1,0,2909,71.6921,1,0,1,1689.36,3653.93,
0,1,0,2911,126.54,1,0,1,8263.94,33920,
0,1,0,2911,221.491,1,0,1,13754.7,13574.1,
0,1,0,2912,381.716,1,0,1,27484.4,11443.9,
0,1,0,2913,325.232,1,0,1,16735.9,11268.3,
0,1,0,2913,85.7795,1,0,1,23000.2,1415.35,
0,1,0,2921,152.971,1,0,1,3408.75,26625.3,
1,2,1,2927,598.294,4,2,2,7017.1,19184.9,
0,1,0,2927,280.909,1,0,1,34555.4,355.701,
0,1,0,2930,74.0475,1,0,1,21819.8,29413.5,
0,1,0,2932,171.571,1,0,1,14533.3,3037.31,
0,1,0,2933,202.917,1,0,1,7016.57,21515.2,
0,1,0,2940,351.241,1,0,1,33250.7,21199.5,
0,1,0,2941,304.582,1,0,1,10048,34619.2,
0,1,0,2943,52.4618,1,0,1,3443.98,8230.43,
0,1,0,2948,121.332,1,0,1,21164.8,8791.81,
0,1,0,2949,64.1008,1,0,1,22717.4,17750.8,
0,1,0,2951,255.603,1,0,1,32485.1,1331.52,
0,1,0,2951,393.437,1,0,1,36245.7,25691.4,
0,1,0,2956,349.908,1,0,1,12970.5,18589.4,
0,1,0,2957,87.2393,1,0,1,941.722,6114.52,
0,1,0,2959,109.653,1,0,1,36352,21392.7,
0,1,0,2960,35.3337,1,0,1,22049.7,29419.6,
0,1,0,2967,219.218,1,0,1,11178.6,39984.2,
0,1,0,2967,362.031,1,0,1,24170.7,9385.5,
0,1,0,2972,311.825,1,0,1,11869.1,4868.51,
0,1,0,2980,58.2947,1,0,1,6524.66,12982.8,
0,1,0,2981,119.26,1,0,1,4389.51,15572,
0,1,0,2985,207.85,1,0,1,9356.16,32512.9,
0,1,0,2986,342.871,1,0,1,2696.55,25130.8,
0,1,0,2987,31.3566,1,0,1,27728,17059.5,
0,1,0,2994,284.038,1,0,1,20609.2,26908.8,
0,1,0,2996,54.1891,1,0,1,11193.1,23386.1,
0,1,0,3004,152.995,1,0,1,11703.1,27037.7,
0,1,0,3004,190.726,1,0,1,33261.3,8038.56,
0,1,0,3005,359.136,1,0,1,9852.32,9454.96,
0,1,0,3008,381.36,1,0,1,20665,1648.48,
0,1,0,3017,24.5194,1,0,1,10514.7,21480.9,
0,1,0,3019,80.425,1,0,1,26839,26093.1,
0,1,0,3021,108.947,1,0,1,6611.44,11880.2,
0,1,0,3023,22.3505,1,0,1,34746.4,384.078,
0,1,0,3025,181.042,1,0,1,15046.6,38272.6,
0,1,0,3025,353.689,1,0,1,28697.7,29834.4,
0,1,0,3026,272.233,1,0,1,26881.6,1151.46,
0,1,0,3030,86.4577,1,0,1,13280.6,19789.3,
0,1,0,3031,125.921,1,0,1,4270.94,14167.7,
0,1,0,3034,195.864,1,0,1,15952.2,36013.5,
0,1,0,3039,349.365,1,0,1,6985.97,11137.5,
0,1,0,3047,282.336,1,0,1,12118.3,5597.92,
0,1,0,3047,31.136,1,0,1,24794.1,12165.1,
0,1,0,3049,141.195,1,0,1,3195.9,16253.5,
0,1,0,3056,228.768,1,0,1,5237.67,16424.8,
0,1,0,3060,355.91,1,0,1,25215.4,7460.93,
0,1,0,3064,41.1372,1,0,1,13787.2,4116.33,
0,1,0,3064,266.695,1,0,1,39161.9,8987.11,
0,1,0,3066,55.5615,1,0,1,2848.78,38457,
0,1,0,3070,170.595,1,0,1,22439.6,27790,
0,1,0,3070,35.4419,1,0,1,23856.8,18147.6,
0,1,0,3081,230.356,1,0,1,5604.74,27288.3,
0,1,0,3084,370.008,1,0,1,10333.7,19469.9,
0,1,0,3086,272.049,1,0,1,31014.4,29477.3,
0,1,0,3105,165.581,1,0,1,24203,13509.9,
0,1,0,3105,208.298,1,0,1,30476.2,6443.39,
0,1,0,3108,377.962,1,0,1,9358.25,7176.63,
0,1,0,3115,47.6706,1,0,1,9269.4,2264.96,
0,1,0,3118,319.431,1,0,1,12080.5,39277,
0,1,0,3119,46.2094,1,0,1,14171.7,26014,
0,1,0,3121,123.481,1,0,1,35759.9,6782.21,
0,1,0,3131,243.477,1,0,1,836.342,32192.3,
0,1,0,3138,300.496,1,0,1,24258.8,30631.7,
0,1,0,3142,354.78,1,0,1,5591.17,33136.9,
0,1,0,3144,77.8646,1,0,1,30468.6,15067.2,
0,1,0,3147,180.788,1,0,1,530.669,27725.1,
0,1,0,3152,164.128,1,0,1,4923.39,3119.57,
0,1,0,3153,335.572,1,0,1,9512.95,25279.5,
0,1,0,3155,31.3806,1,0,1,6678.13,30288.4,
0,1,0,3157,241.978,1,0,1,36109.7,6732.85,
0,1,0,3167,41.466,1,0,1,763.502,37607.7,
0,1,0,3167,211.251,1,0,1,25862.7,1645.44,
0,1,0,3170,229.621,1,0,1,12401.5,19216.5,
0,1,0,3170,372.159,1,0,1,13801,19903.9,
0,1,0,3176,311.057,1,0,1,27007.5,21186.6,
0,1,0,3178,120.613,1,0,1,18237.8,7695.65,
0,1,0,3181,161.559,1,0,1,14860.6,10062.8,
0,1,0,3185,335.529,1,0,1,13890,4541.79,
0,1,0,3188,52.6746,1,0,1,31477.9,8703.42,
0,1,0,3189,327.239,1,0,1,19885.3,4103.82,
0,1,0,3189,47.2066,1,0,1,25425.5,7572.65,
0,1,0,3196,139.533,1,0,1,20961.4,27525.1,
0,1,0,3199,184.965,1,0,1,12724,35296.8,
0,1,0,3199,366.651,1,0,1,13567.5,1358.36,
0,1,0,3199,33.4442,1,0,1,38985.5,7918.31,
0,1,0,3201,340.35,1,0,1,14217.5,5459.84,
0,1,0,3208,97.8241,1,0,1,21762.2,376.305,
0,1,0,3216,135.633,1,0,1,26061.7,18734.8,
0,1,0,3218,202.275,1,0,1,8104.52,12477.8,
0,1,0,3222,263.477,1,0,1,9641.68,13152.6,
0,1,0,3226,266.167,1,0,1,2512.99,14248.8,
0,1,0,3227,44.8143,1,0,1,26420.7,13679.5,
0,1,0,3230,96.4421,1,0,1,704.214,11686.7,
0,1,0,3233,240.372,1,0,1,25796.5,348.51,
0,1,0,3237,375.438,1,0,1,21913.2,22296.6,
0,1,0,3240,293.821,1,0,1,35774.2,10777.6,
0,1,0,3240,174.675,1,0,1,36374,9294.06,
0,1,0,3246,215.388,1,0,1,9104.63,883.707,
0,1,0,3251,358.204,1,0,1,11117.1,11597.6,
0,1,0,3252,261.817,1,0,1,13996.2,1008.12,
0,1,0,3253,142.932,1,0,1,32395.1,1170.14,
0,1,0,3255,200.696,1,0,1,9154.75,5441.09,
0,1,0,3256,324.715,1,0,1,34264.9,14580.4,
0,1,0,3265,285.235,1,0,1,1367.98,29957.6,
0,1,0,3267,47.9997,1,0,1,4266.46,3204.31,
0,1,0,3269,143.194,1,0,1,31792.1,34156.6,
0,1,0,3273,64.3739,1,0,1,13495.9,7150.63,
0,1,0,3277,167.01,1,0,1,2988.04,8016.01,
0,1,0,3278,293.932,1,0,1,21868.8,23743.2,
0,1,0,3280,341.821,1,0,1,19890.8,30733.2,
0,1,0,3282,78.4453,1,0,1,34592.6,38218.5,
0,1,0,3285,53.8274,1,0,1,2180.6,9689.46,
0,1,0,3286,178.206,1,0,1,17411.9,9300.55,
0,1,0,3293,210.705,1,0,1,11777.1,17247,
0,1,0,3293,424.436,1,0,1,30527.3,4533.07,
0,1,0,3295,335.155,1,0,1,23337.4,360.129,
0,1,0,3297,61.4676,1,0,1,20524.2,1457.72,
0,1,0,3300,130.304,1,0,1,33288.4,1311.35,
0,1,0,3310,195.623,1,0,1,31840.8,39634.2,
0,1,0,3311,345.401,1,0,1,23591.2,3264.53,
0,1,0,3311,32.0212,1,0,1,26484,34291.2,
1,2,1,3314,407.7,63,61,2,6841.05,349.637,
0,1,0,3322,134.402,1,0,1,33367,17039.6,
0,1,0,3323,192.51,1,0,1,12441.3,29947.6,
0,1,0,3327,386.763,1,0,1,9694.74,26988.9,
0,1,0,3328,296.758,1,0,1,28605.3,2588.84,
0,1,0,3332,49.7387,1,0,1,16057.2,5525.32,
0,1,0,3333,145.455,1,0,1,28926.4,6129.08,
0,1,0,3333,190.366,1,0,1,35759.8,13416.7,
0,1,0,3334,338.629,1,0,1,26276.9,5041.36,
0,1,0,3335,385.894,1,0,1,10373.3,14588.8,
0,1,0,3339,247.767,3,0,3,32347.9,19239.1,
0,1,0,3341,186.169,1,0,1,15638.4,26916.3,
0,1,0,3344,350.493,1,0,1,12289.1,25095.4,
0,1,0,3347,333.282,1,0,1,21130.6,14945.5,
0,1,0,3352,50.4663,1,0,1,4756.24,30267.4,
0,1,0,3352,195.394,1,0,1,28052.7,375.603,
0,1,0,3357,299.84,1,0,1,8636.08,26099.3,
0,1,0,3360,29.5241,1,0,1,28052.8,1037.97,
0,1,0,3364,347.048,1,0,1,19035.3,12999.3,
0,1,0,3364,155.003,1,0,1,34301.6,32398.1,
0,1,0,3366,182.789,1,0,1,22876.9,5383.44,
0,1,0,3367,294.745,1,0,1,5854.85,20234.2,
0,1,0,3369,320.765,1,0,1,30575.9,8065.86,
0,1,0,3373,69.2664,1,0,1,38830.8,29578.4,
0,1,0,3376,101.293,1,0,1,29703.7,10898.3,
0,1,0,3387,170.295,1,0,1,35313,16933.1,
0,1,0,3388,350.259,1,0,1,10758.2,9622.72,
0,1,0,3388,348.103,1,0,1,35988.2,28140,
0,1,0,3394,79.3797,1,0,1,6430.29,14743.4,
0,1,0,3396,145.342,1,0,1,6565.37,21172.2,
0,1,0,3400,192.607,1,0,1,9877.13,9066.04,
0,1,0,3402,290.786,1,0,1,3491.37,18895.4,
0,1,0,3402,296.731,1,0,1,23909.6,10644.2,
0,1,0,3404,20.615,1,0,1,21904.8,12413.4,
0,1,0,3405,144.157,1,0,1,21279.6,12283.5,
0,1,0,3412,223.12,1,0,1,8291.03,8572.72,
0,1,0,3421,24.5847,1,0,1,7143.72,367.13,
0,1,0,3424,323.926,1,0,1,8478.57,21321.2,
0,1,0,3424,347.837,1,0,1,36628.2,6410.4,
0,1,0,3432,110.473,1,0,1,32907.5,16327.7,
0,1,0,3432,136.068,1,0,1,35570.4,36290.8,
3,4,3,3441,1935.89,11,3,8,17665.8,7534.72,
0,1,0,3443,73.1362,1,0,1,14003.3,25158.6,
0,1,0,3445,166.398,1,0,1,15471.1,16017.7,
0,1,0,3445,226.347,1,0,1,32640.8,311.792,
0,1,0,3446,383.591,1,0,1,2676.69,1055.71,
0,1,0,3448,301.138,1,0,1,8635.07,22075,
0,1,0,3448,69.7449,1,0,1,18519,15531.8,
3,4,3,3454,1052.6,470,465,5,26588,5459.71,
0,1,0,3456,122.576,1,0,1,995.537,3434.16,
0,1,0,3464,232.866,1,0,1,17652,25685.7,
1,2,1,3473,655.01,204,202,2,400.028,36657.8,
0,1,0,3474,86.8766,1,0,1,32382.2,20030.2,
0,1,0,3479,145.971,1,0,1,16693.1,6766.56,
0,1,0,3491,602.965,2,0,2,35550.2,28116.8,
0,1,0,3495,310.866,1,0,1,28008.8,1324.43,
0,1,0,3503,49.9122,1,0,1,38179.1,21616.1,
0,1,0,3505,124.206,1,0,1,10501.3,30718.3,
0,1,0,3508,204.56,1,0,1,40082.2,17364.5,
0,1,0,3509,328.707,1,0,1,11664.7,14301.6,
0,1,0,3510,38.2485,1,0,1,10626.6,1790.96,
0,1,0,3512,38.3787,1,0,1,32981.5,3052.16,
0,1,0,3513,328.457,1,0,1,21858.8,36533.2,
0,1,0,3517,46.8815,1,0,1,37703.7,3236.07,
0,1,0,3519,120,1,0,1,16823.2,37528.2,
0,1,0,3524,32.1168,1,0,1,10359.2,10611.5,
1,2,1,3524,519.023,5,3,2,30002.4,30596.8,
5,6,5,3532,4156.08,173,151,22,13617.6,15311.6,
0,1,0,3537,42.362,1,0,1,3825.83,18556.2,
1,2,1,3538,366.423,12,9,3,23856.1,892.463,
0,1,0,3542,111.624,1,0,1,5211.68,8530.21,
0,1,0,3543,197.764,1,0,1,6584.6,29987.6,
0,1,0,3543,348.087,1,0,1,7829.3,25911.6,
0,1,0,3549,297.047,1,0,1,1855.75,16822.3,
0,1,0,3549,38.6288,1,0,1,26154.2,29480.5,
0,1,0,3554,133.326,1,0,1,1577,24188.5,
0,1,0,3555,207.071,1,0,1,8188.53,1964.27,
0,1,0,3568,325.866,1,0,1,26821.8,3773.15,
0,1,0,3572,283.648,1,0,1,33359.7,347.207,
0,1,0,3573,130.867,1,0,1,16616.4,314.953,
0,1,0,3573,208.05,1,0,1,32216.2,16965.6,
0,1,0,3573,383.319,1,0,1,37772.9,3705.9,
0,1,0,3576,303.01,1,0,1,26866.4,17804.6,
0,1,0,3578,105.619,1,0,1,15933,13228.6,
0,1,0,3582,195.105,1,0,1,21673,19894,
0,1,0,3582,323.615,1,0,1,37258.9,4571.78,
0,1,0,3590,36.4802,1,0,1,3814.38,24571.3,
0,1,0,3590,350.579,1,0,1,32820.4,28634.2,
0,1,0,3591,79.7464,1,0,1,32885.9,21479.2,
0,1,0,3594,114.229,1,0,1,10127.8,25983.9,
0,1,0,3596,220.961,1,0,1,6212.6,7839.82,
0,1,0,3596,283.909,1,0,1,33640.7,3358.52,
0,1,0,3599,329.077,1,0,1,21712.4,8228.03,
0,1,0,3600,57.2083,1,0,1,14853.5,16252.2,
0,1,0,3601,135.073,1,0,1,24728.2,3006.64,
0,1,0,3609,46.1821,1,0,1,25104.2,9430.09,
0,1,0,3613,228.941,1,0,1,8460.1,11830.1,
0,1,0,3613,361.813,1,0,1,27335.3,802.011,
0,1,0,3615,299.755,1,0,1,15305.9,37447.9,
0,1,0,3616,78.1324,1,0,1,1474.16,13070.4,
0,1,0,3621,127.256,1,0,1,14804.4,16003.4,
0,1,0,3627,379.327,1,0,1,21752.5,10618.5,
0,1,0,3630,284.99,1,0,1,13073.9,31864.1,
0,1,0,3632,61.54,1,0,1,8586.49,29754.9,
0,1,0,3638,128.903,1,0,1,3951.64,2937.93,
0,1,0,3638,245.627,1,0,1,22347.9,7327.83,
0,1,0,3638,367.393,1,0,1,33395.7,577.132,
0,1,0,3641,291.849,1,0,1,462.801,36490.6,
0,1,0,3642,50.3618,1,0,1,20290.1,1851.69,
0,1,0,3643,151.786,1,0,1,4110.97,9197.09,
0,1,0,3645,190.502,1,0,1,3973.01,32174.7,
0,1,0,3647,341.003,1,0,1,32906.1,307.879,
0,1,0,3653,305.201,1,0,1,1827.75,32013.7,
0,1,0,3657,66.5998,1,0,1,2675.12,678.465,
5,6,5,3662,5948.89,186,157,29,4199.72,35275,
0,1,0,3664,76.483,1,0,1,27160.7,15969.5,
0,1,0,3665,124.732,1,0,1,39843.4,5423.7,
1,2,1,3668,527.113,154,152,2,26563.5,5612.3,
0,1,0,3669,327.662,1,0,1,18533.8,18665.4,
0,1,0,3670,61.087,1,0,1,22554.7,7573.69,
0,1,0,3670,156.73,1,0,1,26637.6,8164.48,
0,1,0,3673,165.805,1,0,1,9914.15,12870.8,
0,1,0,3675,388.03,1,0,1,37973.1,22376.1,
0,1,0,3678,31.3286,1,0,1,32354.9,7380.05,
0,1,0,3683,39.8314,1,0,1,12652.2,39837.2,
0,1,0,3683,337.892,1,0,1,14445.9,6865.36,
0,1,0,3687,56.6062,1,0,1,2499.33,1946.49,
0,1,0,3691,113.45,1,0,1,17865.2,13627.2,
0,1,0,3696,43.3136,1,0,1,1649.06,37825.7,
0,1,0,3697,203.701,1,0,1,29006.1,32418.1,
0,1,0,3702,286.968,1,0,1,30172.1,21878.1,
0,1,0,3703,266.361,1,0,1,8743.42,27413.3,
0,1,0,3705,95.1936,1,0,1,37488.5,8729.6,
0,1,0,3707,160.384,1,0,1,25468,38559.3,
0,1,0,3711,181.113,1,0,1,5397.86,29148.6,
4,5,4,3712,1708.67,17,10,7,34484.1,12594,
0,1,0,3718,102.286,1,0,1,22291.2,4121.38,
1,2,1,3719,599.208,34,32,2,20564,791.87,
0,1,0,3720,318.553,1,0,1,8849.7,5376.46,
0,1,0,3722,88.6314,1,0,1,10538.9,18484.8,
0,1,0,3724,162.142,1,0,1,29396.5,21982.5,
1,2,1,3728,604.79,6,4,2,2148.41,1291.17,
0,1,0,3729,260.29,1,0,1,4322.88,22054.6,
0,1,0,3731,61.9555,1,0,1,4748.27,7183.37,
0,1,0,3732,142.517,1,0,1,2199.06,1405.28,
0,1,0,3732,210.016,1,0,1,18444.6,31297.3,
0,1,0,3734,375.318,1,0,1,2971.35,14245.6,
0,1,0,3737,316.454,1,0,1,9292.67,26852.6,
0,1,0,3743,55.412,1,0,1,20669.2,1926.15,
0,1,0,3747,213.274,1,0,1,26849.6,5935.72,
0,1,0,3749,393.609,1,0,1,21251.3,2140.07,
0,1,0,3752,291.166,1,0,1,14295.2,10301.4,
0,1,0,3753,47.9484,1,0,1,33079.7,19815.6,
0,1,0,3761,115.964,1,0,1,39363,13936.8,
0,1,0,3763,210.491,1,0,1,6952.74,33387.7,
0,1,0,3764,332.924,1,0,1,15114.1,22931.3,
0,1,0,3773,285.275,1,0,1,35684.6,16137.3,
0,1,0,3774,82.5158,1,0,1,16662.3,1656.26,
0,1,0,3777,152.978,1,0,1,36766.6,35384.4,
0,1,0,3779,225.259,1,0,1,5195.42,1673.56,
0,1,0,3780,349.694,1,0,1,14074.6,30646.4,
0,1,0,3781,244.969,1,0,1,16241.9,977.261,
0,1,0,3781,38.7061,1,0,1,34243.8,15066,
0,1,0,3782,123.366,1,0,1,13046.5,15621.2,
0,1,0,3786,208.362,1,0,1,27123.7,8141.61,
0,1,0,3787,358.432,1,0,1,2820.94,3639.5,
0,1,0,3789,64.7488,1,0,1,11530.6,26260,
0,1,0,3790,322.887,1,0,1,18664.8,11597,
0,1,0,3791,33.71,1,0,1,18718.7,27544.2,
0,1,0,3791,173.468,1,0,1,37150.8,35963.2,
0,1,0,3795,187.927,1,0,1,21216.8,6427.49,
0,1,0,3801,355.214,1,0,1,4903.51,10392.9,
0,1,0,3814,368.269,2,0,2,1114.03,19396.6,
0,1,0,3814,96.208,1,0,1,11031.5,12804.9,
0,1,0,3814,156.127,1,0,1,35168.2,10567.2,
0,1,0,3819,337.58,1,0,1,39853.2,1777.99,
0,1,0,3820,317.241,1,0,1,19758.2,37839.7,
0,1,0,3827,98.7632,1,0,1,36479.4,23342.5,
0,1,0,3828,129.314,1,0,1,20754.3,20457.8,
0,1,0,3829,359.264,1,0,1,10215.3,33182.6,
0,1,0,3830,318.081,1,0,1,417.093,2907.34,
0,1,0,3830,181.643,1,0,1,4247.94,16717.7,
0,1,0,3833,191.912,1,0,1,20184.1,18247.6,
0,1,0,3833,359.401,1,0,1,21529,7893.35,
0,1,0,3834,262.21,1,0,1,28549.6,37801.5,
0,1,0,3835,54.8485,1,0,1,26488.6,2568.93,
0,1,0,3843,100.887,1,0,1,21711.6,1472.23,
0,1,0,3843,198.07,1,0,1,33876.2,22244.7,
0,1,0,3854,373.005,1,0,1,30328.4,40210,
0,1,0,3856,267.672,1,0,1,12824.6,12170.3,
0,1,0,3862,25.3526,1,0,1,33663.2,13758.8,
0,1,0,3862,136.826,1,0,1,39434.9,30210.4,
0,1,0,3864,185.167,1,0,1,14709.8,20257.1,
0,1,0,3865,53.3907,1,0,1,1797.09,9795.35,
1,2,1,3867,730.431,45,43,2,27531.5,8581.51,
0,1,0,3878,66.4418,1,0,1,12106.8,18910.1,
0,1,0,3880,124.485,1,0,1,26524.9,8301.06,
0,1,0,3881,189.286,1,0,1,34853.4,28220.7,
0,1,0,3883,357.642,1,0,1,12659.1,29161.5,
0,1,0,3888,313.254,1,0,1,16249,28066.7,
0,1,0,3888,78.612,1,0,1,21941.6,3261.3,
0,1,0,3888,129.512,1,0,1,23481.7,33862.1,
0,1,0,3890,196.149,1,0,1,29174.7,12105.2,
0,1,0,3891,387.792,1,0,1,20797.7,10596.9,
0,1,0,3894,263.891,1,0,1,10957.7,24891.3,
0,1,0,3896,78.3073,1,0,1,17511.9,11794.8,
0,1,0,3896,221.993,1,0,1,19038.1,28098.3,
0,1,0,3899,400.749,1,0,1,12679.9,8073.37,
0,1,0,3908,340.413,1,0,1,25759.5,32190.3,
0,1,0,3913,121.549,1,0,1,1805.42,7558.33,
0,1,0,3917,227.032,1,0,1,3516.9,20954.3,
0,1,0,3917,362.525,1,0,1,39412.9,17317.1,
0,1,0,3919,328.619,1,0,1,12508.6,17774.7,
0,1,0,3920,179.927,1,0,1,34329.9,2544.88,
0,1,0,3921,167.118,1,0,1,996.319,3110.94,
0,1,0,3925,388.993,1,0,1,10143.9,294.86,
0,1,0,3927,353.942,1,0,1,17840.3,11976.4,
0,1,0,3929,61.7318,1,0,1,28217.2,15251.7,
0,1,0,3930,32.1453,1,0,1,26635.5,32022.7,
0,1,0,3935,31.1691,1,0,1,4278.15,933.601,
0,1,0,3935,144.293,1,0,1,37252.1,10304,
0,1,0,3937,160.216,1,0,1,23809,38122.1,
0,1,0,3941,347.695,1,0,1,17055.7,27545,
0,1,0,3944,328.815,1,0,1,37133.4,8737.46,
0,1,0,3945,118.571,1,0,1,8589.53,9384.39,
0,1,0,3952,290.062,1,0,1,23582.7,32136.1,
0,1,0,3952,326.313,1,0,1,24990.7,20334.1,
0,1,0,3955,96.4456,1,0,1,19254.6,10328.2,
0,1,0,3956,208.548,1,0,1,18836,4919.57,
0,1,0,3957,303.418,1,0,1,18573.2,7894.58,
0,1,0,3957,303.495,1,0,1,25547.7,307.785,
0,1,0,3957,99.7461,1,0,1,36330.8,13264,
0,1,0,3961,126.36,1,0,1,15499.8,11638.6,
0,1,0,3963,27.5086,1,0,1,1360.9,28459.3,
0,1,0,3972,210.597,1,0,1,339.813,23777.4,
0,1,0,3972,375.838,1,0,1,4891.7,17443,
0,1,0,3974,349.685,1,0,1,11282.6,10597.2,
0,1,0,3974,150.522,1,0,1,22964.1,35841.3,
0,1,0,3984,207.499,1,0,1,14315.6,21827.9,
0,1,0,3990,388.961,1,0,1,9554.07,7865.82,
0,1,0,3995,313.41,1,0,1,35663.8,9545.11,
0,1,0,3995,79.2133,1,0,1,37357.6,7079.07,
0,1,0,3999,145.499,1,0,1,7992.16,6739.42,
