# seq OFF,# seq ON,blinks,frame,intensity,lifetime,total OFF,total ON,x,y,
0,1,0,1,436782,21,0,21,23415.2,22636.9,
6,7,6,1,1.29326e+06,373,319,54,11162.8,27734.5,
3,4,3,1,729142,241,213,28,30529.6,19089,
19,20,19,1,759013,543,510,33,36154.2,12593.5,
0,1,0,1,9.45933e+07,4000,0,4000,10255.1,12053.8,
4,5,4,1,9.98785e+07,4000,6,3994,10454.4,39298.1,
0,1,0,3,8891.91,1,0,1,22740.6,14680.1,
1,2,1,5,96293.2,70,67,3,7058.56,30906.7,
12,13,12,5,1.26578e+06,763,707,56,31838.7,2018.86,
0,1,0,6,194663,10,0,10,34458.5,17553.9,
0,1,0,6,74240.6,2,0,2,39691.7,29142.5,
0,1,0,6,12775.1,1,0,1,15080,18565.6,
20,21,20,7,1.57691e+06,1412,1346,66,35333,35514.4,
0,1,0,9,75620.2,2,0,2,30887.2,17145.4,
0,1,0,11,60819.8,1,0,1,36845.5,35345.8,
0,1,0,15,11194.5,1,0,1,29133,33476,
0,1,0,15,13954.6,1,0,1,31828.6,27489,
0,1,0,16,59718.4,1,0,1,18329.9,26583.1,
0,1,0,16,13167.2,1,0,1,20000.8,37533.6,
0,1,0,16,13345.7,1,0,1,14412.3,28083,
0,1,0,18,12843.5,1,0,1,23996.6,27213.7,
0,1,0,19,10460.6,1,0,1,23680,25408.1,
0,1,0,20,8609.18,1,0,1,26725.4,25287,
0,1,0,21,60150.5,1,0,1,24899.8,24760.8,
0,1,0,23,57903.8,1,0,1,33379,34013.2,
11,12,11,23,808532,494,455,39,31821.2,2472.75,
0,1,0,25,11745.6,1,0,1,23525.8,30357.8,
0,1,0,26,11600.4,1,0,1,23544.8,30628.8,
0,1,0,26,62220,1,0,1,23647.8,30148.9,
0,1,0,26,12323.2,1,0,1,28733,5834.74,
0,1,0,27,12330.1,1,0,1,26039.1,33556.1,
0,1,0,28,59364.9,1,0,1,26110.9,33314.1,
0,1,0,29,12914.9,1,0,1,33676.6,29513.3,
0,1,0,29,17321.9,1,0,1,33559.7,30854.8,
0,1,0,29,59101.5,1,0,1,35064.2,29342.8,
0,1,0,29,12439.7,1,0,1,38515.3,28161.6,
0,1,0,30,12027.8,1,0,1,38607.7,27976.3,
0,1,0,31,59231.2,1,0,1,37547.6,28649.8,
0,1,0,31,10801.6,1,0,1,39210.5,28557.1,
1,2,1,31,306662,76,66,10,4250.51,39894.1,
7,8,7,36,1.06757e+06,335,297,38,1650.95,19915.2,
4,5,4,37,260822,162,151,11,32390.5,39250.5,
0,1,0,38,8963.54,1,0,1,16649,16338.8,
0,1,0,39,6696.09,1,0,1,37462.1,36156.4,
0,1,0,40,13016.2,1,0,1,1821.06,15535.1,
9,10,9,42,310236,598,586,12,4645.67,11052,
0,1,0,42,65806.7,2,0,2,25709.1,14501.4,
0,1,0,44,23287,2,0,2,29182.2,38675.1,
0,1,0,45,21560.8,1,0,1,19688.7,2088.34,
0,1,0,47,27851.6,2,0,2,35924.4,36217.7,
0,1,0,47,4407.77,1,0,1,32435.5,32925.2,
1,2,1,47,415984,33,11,22,7117.81,23016.4,
0,1,0,51,9255.52,1,0,1,24401.1,35711.9,
0,1,0,52,5733.23,1,0,1,8311.96,4549.29,
0,1,0,53,61615.9,1,0,1,32891.7,38364.8,
0,1,0,53,9662.43,1,0,1,15520.9,38115.3,
3,4,3,56,378203,328,308,20,33453.8,5834.67,
0,1,0,59,60808.1,1,0,1,7510.66,13812.1,
7,8,7,62,473303,875,852,23,38585.9,33282.9,
1,2,1,63,34028.8,87,84,3,27690.3,11011.8,
0,1,0,63,61696.6,1,0,1,19598.1,36038.1,
0,1,0,63,4859.77,1,0,1,35238.7,33602.3,
0,1,0,66,9461.4,1,0,1,10865.5,14234.6,
1,2,1,67,69381.2,37,35,2,32126.2,35262.1,
16,17,16,69,2.34022e+06,813,718,95,6005.56,2289.54,
2,3,2,72,131351,148,145,3,31304,26126.2,
1,2,1,75,142502,9,1,8,10035.8,31196.8,
0,1,0,80,60385.9,1,0,1,29233.6,23393,
0,1,0,81,5460.62,1,0,1,29365.9,38635.9,
0,1,0,82,57791.2,1,0,1,24344.7,32050.8,
11,12,11,85,591973,682,652,30,5460.62,38573.6,
6,7,6,90,489889,234,215,19,27963.4,13682,
0,1,0,92,58870.1,1,0,1,38181.8,12297.4,
12,13,12,96,639994,103,78,25,17123,16008.5,
0,1,0,99,60478.2,1,0,1,40276.8,34806.2,
0,1,0,99,14341.3,1,0,1,39704.2,2872.29,
0,1,0,100,16142.6,1,0,1,13789.4,31425.2,
0,1,0,100,5856.4,1,0,1,31854.1,31086.9,
0,1,0,100,42881.6,2,0,2,27779.7,13960,
0,1,0,102,60436.7,1,0,1,30775.8,15303.9,
0,1,0,102,24544.7,2,0,2,36554.1,33560.9,
0,1,0,103,81763.2,3,0,3,4616.34,34447.3,
0,1,0,107,38092.9,2,0,2,5225.89,34314.6,
0,1,0,107,11228.5,1,0,1,18042.6,9659.36,
0,1,0,108,145515,3,0,3,21925.3,31804.9,
0,1,0,109,37235.6,1,0,1,9015,28772.4,
0,1,0,109,57368.9,1,0,1,23738.6,28975,
0,1,0,109,10118.6,1,0,1,6633.12,33977.4,
3,4,3,111,80425,8,4,4,8720.48,26933.3,
3,4,3,111,297791,19,8,11,8987.3,34185.1,
0,1,0,116,25959.5,1,0,1,25544.2,40029.4,
0,1,0,118,6714.97,1,0,1,27221.1,1770.77,
1,2,1,119,148685,18,12,6,23321.7,32550.1,
0,1,0,120,62978.5,1,0,1,33822.9,5284.39,
1,2,1,120,186592,9,2,7,13400.7,31318.4,
0,1,0,121,17086.2,1,0,1,11865.7,12228.9,
0,1,0,126,62474.4,1,0,1,26306,21653.1,
0,1,0,126,9051.71,1,0,1,38207.8,14078.6,
4,5,4,127,785842,192,161,31,30322.4,21873.9,
0,1,0,130,10011.3,1,0,1,24130.2,15119.7,
0,1,0,132,27737.8,1,0,1,22895.4,16187,
0,1,0,136,8923.29,1,0,1,29199,37750.8,
4,5,4,137,489179,251,234,17,10453.8,22764.8,
0,1,0,138,13783.8,1,0,1,29086.6,38044.4,
0,1,0,139,104206,5,0,5,31892.3,38249.2,
6,7,6,140,466237,35,14,21,13441.8,4036.56,
0,1,0,141,7288.26,1,0,1,17099.5,1064.75,
10,11,10,141,1.28172e+06,641,592,49,37054.6,17375.3,
0,1,0,144,58498.2,1,0,1,29548.2,35913.6,
0,1,0,144,12025.9,1,0,1,31338.5,36800.9,
0,1,0,145,14290.2,1,0,1,30052.2,35666,
0,1,0,146,198787,10,0,10,31533.7,33666.2,
0,1,0,146,58529.5,1,0,1,27247.8,702.94,
0,1,0,148,19386.2,1,0,1,21411.1,12312.2,
0,1,0,149,12909.5,1,0,1,3124.67,818.588,
1,2,1,151,78311.3,259,257,2,19421.9,4040.31,
0,1,0,154,16931.5,1,0,1,10866.6,12631.7,
0,1,0,156,11212.6,1,0,1,34509.6,37564.3,
0,1,0,156,13196.1,1,0,1,32698.3,34211.2,
0,1,0,156,76677.1,2,0,2,35647,32520.7,
0,1,0,157,73165.1,2,0,2,8448.17,7977.76,
0,1,0,157,22495.5,1,0,1,17583,27778.2,
0,1,0,159,10058.2,1,0,1,26652.1,24407.6,
0,1,0,159,52676.4,2,0,2,32189.7,34361.7,
0,1,0,159,14748.2,1,0,1,31757.2,35234.2,
0,1,0,161,108912,3,0,3,4696.01,34274.1,
0,1,0,161,15896.7,1,0,1,36677.5,30915.6,
0,1,0,162,10795.9,1,0,1,25581,19070.7,
3,4,3,164,128899,59,54,5,26370.6,35875.8,
2,3,2,165,218860,20,11,9,15524.4,35407.3,
0,1,0,167,12573.9,2,0,2,8348.87,4206.61,
0,1,0,169,8799.71,1,0,1,39069.8,30371.1,
0,1,0,169,57161.5,1,0,1,35120.8,17665.7,
0,1,0,170,7677.88,1,0,1,38257,30144.6,
0,1,0,170,15986.9,1,0,1,37936.7,12384.4,
0,1,0,170,34813.7,1,0,1,11833.8,31587.2,
0,1,0,171,65337.6,2,0,2,16545.7,23983.3,
0,1,0,171,11507.9,1,0,1,32479.4,30412.4,
0,1,0,171,11248.3,1,0,1,37900.4,36213.6,
0,1,0,172,58512.8,1,0,1,39203.1,35941.1,
0,1,0,172,12140.3,1,0,1,38137.4,36544.2,
0,1,0,173,54766.5,1,0,1,13159.8,6174.32,
0,1,0,173,11618.4,1,0,1,28496,36075.8,
0,1,0,174,11363.6,1,0,1,28380.8,35901.6,
0,1,0,177,8974.97,1,0,1,33685.8,12633.7,
0,1,0,177,58717,1,0,1,33610,13175.4,
0,1,0,178,11610.6,1,0,1,11778.2,9290.77,
0,1,0,178,7112.91,1,0,1,33896,12410.8,
0,1,0,179,16351.3,2,0,2,33921.1,12202.3,
0,1,0,179,65056.2,2,0,2,12095,10109,
0,1,0,180,10992.9,1,0,1,26670.9,33425,
0,1,0,184,61204.7,1,0,1,18019.8,37108.9,
0,1,0,184,11372.1,1,0,1,8319.03,15965,
0,1,0,185,12054.2,1,0,1,23848.9,32275.6,
0,1,0,185,56569.2,1,0,1,20852,38496.4,
0,1,0,186,8696.43,1,0,1,14201.5,18483.4,
0,1,0,187,34716.1,2,0,2,27312,34482.7,
0,1,0,191,9554.2,1,0,1,31261.6,23502.5,
0,1,0,192,371039,14,0,14,9021.83,21502.9,
0,1,0,194,10108.3,1,0,1,28036,8850.87,
0,1,0,195,9113.53,1,0,1,25752.6,7462.22,
4,5,4,195,207644,192,183,9,36717.2,33414.2,
0,1,0,196,12103.2,1,0,1,10051.2,8407.56,
17,18,17,197,1.55009e+06,700,635,65,24990.1,20851.7,
0,1,0,200,13365.6,1,0,1,7702.66,17465.2,
0,1,0,201,13696.7,1,0,1,40242.5,4760.8,
0,1,0,202,13339,1,0,1,17269.6,26220.5,
0,1,0,203,50098.7,1,0,1,33254.8,15189.8,
0,1,0,205,14317.8,2,0,2,16969.9,31682.8,
0,1,0,205,59269.1,1,0,1,23656.9,22692,
0,1,0,206,19629.9,1,0,1,12557.4,34450.2,
0,1,0,207,178085,6,0,6,31826.1,2233.55,
0,1,0,208,61625.3,1,0,1,29803.2,10222.4,
0,1,0,209,9255.13,1,0,1,30397,9590.01,
0,1,0,209,7221.37,1,0,1,20772.2,20259.7,
0,1,0,209,21888.9,1,0,1,16499.6,23212.8,
4,5,4,210,1.18554e+06,78,34,44,23159.2,6247.21,
0,1,0,211,13242.9,1,0,1,29480.4,7805.28,
0,1,0,212,60771,1,0,1,28694.8,11153.7,
0,1,0,215,13810.7,1,0,1,19805.5,21078.6,
14,15,14,215,1.78587e+06,239,178,61,34347.3,22809.2,
0,1,0,219,11639.5,1,0,1,23749.4,36758,
0,1,0,220,14154.1,1,0,1,18531,31442,
0,1,0,225,61799.5,1,0,1,38552.9,24610.4,
0,1,0,227,14733.3,1,0,1,33753.6,21142.6,
0,1,0,227,65263.4,1,0,1,32125.9,38307.8,
0,1,0,227,14368.2,1,0,1,32308.1,21800.5,
0,1,0,227,14586.1,1,0,1,32997.2,38499.1,
0,1,0,228,61424.8,1,0,1,32145.2,38832,
0,1,0,228,14889.6,1,0,1,32879.4,31302.4,
0,1,0,229,15058.2,1,0,1,26597.5,37134.5,
0,1,0,230,59255.1,1,0,1,32207.7,13243.2,
0,1,0,231,60522.7,1,0,1,34418.6,11609.1,
0,1,0,232,12136.9,1,0,1,26382,33083,
6,7,6,234,1.33635e+06,346,298,48,34053.8,11002.1,
0,1,0,235,59428,1,0,1,24065.7,31039.5,
0,1,0,235,11715.1,1,0,1,39169.6,28144.2,
0,1,0,235,10091.4,1,0,1,38600,26831.7,
0,1,0,235,12061.1,1,0,1,31416.3,14272.4,
0,1,0,241,58600.5,1,0,1,36945.7,22397.7,
0,1,0,242,160677,5,0,5,32964.8,19660.7,
0,1,0,243,29762,1,0,1,31345.6,20167.9,
0,1,0,251,11111.1,1,0,1,32554.1,30021.1,
0,1,0,252,21359,1,0,1,40319.1,17058.7,
0,1,0,254,114475,2,0,2,25734.1,12594.6,
4,5,4,257,132668,19,14,5,2286.59,13553.8,
0,1,0,259,6978.32,1,0,1,37794.1,34162,
0,1,0,260,11773.1,1,0,1,37357.5,29415,
0,1,0,261,29732.5,1,0,1,30745.8,25135.4,
0,1,0,263,10586.3,1,0,1,34970,25664.7,
0,1,0,264,63238.7,1,0,1,27496.6,39084,
0,1,0,264,6295.95,1,0,1,29176.4,29091.7,
0,1,0,265,13210.3,1,0,1,30135.2,29662.6,
0,1,0,267,4979.99,1,0,1,34033.7,40250.9,
0,1,0,268,61569.9,1,0,1,26133.9,26681.2,
0,1,0,268,15637,1,0,1,26703.6,27910.1,
0,1,0,268,12938.9,1,0,1,37592.8,39773.8,
0,1,0,269,56228.3,1,0,1,19087.6,38237.7,
0,1,0,273,59565.6,1,0,1,4636.45,35719.8,
0,1,0,277,12462.1,1,0,1,29456.5,7159.36,
0,1,0,278,11887.1,1,0,1,11021,28566.9,
0,1,0,280,10755.9,1,0,1,6065.87,2416.08,
0,1,0,281,13027.1,1,0,1,14601.1,21373.5,
0,1,0,282,57643.6,1,0,1,28727.2,18651.6,
14,15,14,282,1.46972e+06,735,671,64,23391.8,1627.26,
0,1,0,283,11985.6,1,0,1,31690.8,30059.5,
0,1,0,283,8254.29,1,0,1,33346.5,31031.7,
0,1,0,287,10899.4,1,0,1,29056.1,36628.4,
3,4,3,288,236563,90,80,10,589.91,19375.3,
0,1,0,288,16919.9,1,0,1,28347.2,35594.1,
0,1,0,290,140669,4,0,4,8384.99,5062.46,
0,1,0,291,7841,1,0,1,40181.9,30078.6,
0,1,0,292,86278.4,3,0,3,16776.1,18912.9,
0,1,0,292,11805.6,1,0,1,4495.02,10293.8,
7,8,7,293,207014,464,455,9,17984.8,38690.7,
0,1,0,299,14320.3,1,0,1,34828.6,29613.3,
0,1,0,300,58447.1,1,0,1,38632.4,19189.1,
0,1,0,300,16934.8,1,0,1,35823.8,29660.7,
0,1,0,301,9822.32,1,0,1,34148,26498.1,
0,1,0,302,120501,6,0,6,33826.1,26856.4,
0,1,0,307,11496.8,1,0,1,5123.62,36764.8,
1,2,1,308,78796.1,285,283,2,32555.4,27978.7,
0,1,0,310,8328.78,1,0,1,33240.3,30238.8,
0,1,0,311,8088.62,1,0,1,36265.5,28635.4,
0,1,0,313,16186.6,2,0,2,35473.9,13018.3,
1,2,1,318,163014,7,1,6,17172.7,20471.8,
0,1,0,319,13867.8,1,0,1,29844.6,32562.8,
0,1,0,321,99851.9,4,0,4,27214,39845,
2,3,2,326,93618.9,90,86,4,32099.1,30541,
0,1,0,330,12580.1,1,0,1,37742.4,22244.8,
0,1,0,331,57024.7,1,0,1,26851.6,39595.7,
0,1,0,332,59823,1,0,1,28243.5,10522.2,
0,1,0,334,23498.8,2,0,2,35707.6,17077.3,
0,1,0,338,10684.9,1,0,1,17480.2,34780.5,
2,3,2,340,83671.8,57,53,4,35124.8,30385.3,
15,16,15,340,518179,441,415,26,31785.1,3364.89,
0,1,0,341,195740,8,0,8,34312.5,32540.8,
1,2,1,345,175702,69,63,6,28312.6,36780.7,
0,1,0,346,7106.8,1,0,1,8692.6,18563.6,
0,1,0,350,15861.4,1,0,1,38392.1,31576.3,
4,5,4,351,370389,492,476,16,15048,18584.5,
1,2,1,352,72079.6,7,5,2,35459,30180.1,
0,1,0,352,30543.7,1,0,1,21725.6,29782.5,
1,2,1,353,25114.4,5,3,2,35540.9,30270.1,
0,1,0,358,8710.59,1,0,1,38037.5,22334.8,
0,1,0,358,56376.6,1,0,1,35469.1,27473.8,
2,3,2,360,302239,118,108,10,26889.7,12035,
0,1,0,361,10007.8,1,0,1,29284.2,7631.62,
4,5,4,361,526394,178,159,19,37207.4,34396.1,
0,1,0,363,58693.1,1,0,1,18188.2,28399.4,
0,1,0,363,8120.32,1,0,1,39786,24687.3,
0,1,0,365,61876.2,1,0,1,34228.9,33114.7,
0,1,0,365,7863.62,1,0,1,36444.4,34508.8,
0,1,0,366,13291.4,1,0,1,35982.6,37075.1,
0,1,0,366,169633,8,0,8,20601.6,22719.3,
0,1,0,366,11467,1,0,1,34947.7,36768.4,
11,12,11,366,1.30282e+06,613,559,54,38202.7,19680.5,
0,1,0,367,13881.2,1,0,1,29241.4,18567.6,
1,2,1,367,57846.4,5,1,4,11375.2,20004.6,
0,1,0,367,62309.3,1,0,1,37355.3,31037.5,
0,1,0,368,10616.3,1,0,1,36024.4,24281.3,
0,1,0,370,18472.1,1,0,1,34379.5,25696,
0,1,0,370,14586.8,1,0,1,26192.1,32734.1,
0,1,0,372,10677.6,1,0,1,18128.2,25662.9,
0,1,0,374,56977.2,1,0,1,37747,21166.4,
0,1,0,374,10453.6,1,0,1,27091.4,27668.8,
0,1,0,375,14853.2,1,0,1,26552,33300.1,
0,1,0,375,62571,2,0,2,22728.2,27994.9,
0,1,0,376,30948,1,0,1,21503.3,36480.8,
0,1,0,377,15275.4,1,0,1,20080.4,27780.8,
0,1,0,379,106577,2,0,2,20898.6,36577.6,
0,1,0,380,74141.3,2,0,2,25968.9,26953,
7,8,7,382,317424,761,748,13,23253.3,20204.9,
1,2,1,383,157457,7,2,5,29773.7,32280.6,
0,1,0,388,13715.7,1,0,1,29010.4,36905.7,
0,1,0,389,56762.2,1,0,1,28877,36715,
13,14,13,389,845939,198,165,33,35345.9,23940.8,
0,1,0,389,5523.04,1,0,1,38397.6,32099.2,
0,1,0,391,65467.3,1,0,1,22383.3,36638.2,
0,1,0,392,7724.34,1,0,1,18043.9,31229.7,
9,10,9,395,754527,443,412,31,34359,11330.2,
1,2,1,398,124036,196,194,2,39856.8,1879.27,
0,1,0,404,12851.4,1,0,1,20791,3911.84,
0,1,0,404,15914.4,1,0,1,23049.7,33479.9,
0,1,0,405,11480.9,1,0,1,36280.5,10541.7,
0,1,0,406,54592.4,1,0,1,33079.3,33202.5,
0,1,0,409,15663.4,1,0,1,15526,845.898,
0,1,0,412,71701,6,0,6,33596.5,31822.6,
0,1,0,418,61829.6,1,0,1,26096,6842.72,
1,2,1,422,357109,44,31,13,20013.5,25760.8,
1,2,1,425,112759,6,1,5,26873.5,29420.7,
0,1,0,425,55614,1,0,1,27793.8,35698.1,
0,1,0,429,24375.1,1,0,1,27254,29801.4,
0,1,0,434,12778.7,1,0,1,25633.6,32963.7,
0,1,0,434,12308.3,1,0,1,32587.1,1420.55,
0,1,0,435,11447.1,1,0,1,24860.8,37325,
0,1,0,438,6681.64,1,0,1,34669.9,36366.8,
0,1,0,441,10603.5,1,0,1,3481.97,7001.53,
0,1,0,442,15443.4,1,0,1,32769.3,7519.53,
0,1,0,443,255270,10,0,10,31199.4,31458.7,
0,1,0,452,9118.79,1,0,1,25806.6,31021.8,
1,2,1,453,103456,32,27,5,33342.7,34732,
0,1,0,456,14553.3,1,0,1,14600.3,32256.6,
0,1,0,460,8448.9,1,0,1,30606.1,39029.8,
0,1,0,464,11615.5,1,0,1,30819.8,24291.2,
0,1,0,465,11943.9,1,0,1,15881.9,2769.55,
0,1,0,465,14203,1,0,1,38756.6,9848.86,
0,1,0,466,15406,1,0,1,37162.1,9233.57,
1,2,1,470,167352,6,1,5,12465.7,7544.4,
0,1,0,473,11571.1,1,0,1,27565.7,31826.1,
0,1,0,474,14136,1,0,1,34273,21382.8,
0,1,0,475,14257.6,1,0,1,29564.1,17484.5,
0,1,0,476,7270.55,1,0,1,26333.4,19197.6,
0,1,0,477,13657.1,1,0,1,28534.7,35869.8,
0,1,0,488,9693.23,1,0,1,34906.2,27339.2,
0,1,0,491,61836.2,1,0,1,36787.3,15928.1,
0,1,0,495,12311.5,1,0,1,39541.5,31798.9,
0,1,0,496,28537.3,2,0,2,39150.3,32204,
0,1,0,496,11745.2,1,0,1,39431.2,31946.3,
0,1,0,497,64811.8,1,0,1,38671.4,32307.3,
0,1,0,499,6612.43,1,0,1,29324,12734.4,
0,1,0,499,15661.9,1,0,1,27301.6,34516.5,
2,3,2,500,97383.4,29,25,4,28804.8,29228.5,
0,1,0,500,8522.93,1,0,1,37879,28517.9,
0,1,0,501,10674.2,1,0,1,33200.7,25241.2,
4,5,4,503,349200,532,514,18,27684.5,11029.3,
0,1,0,503,61183.2,1,0,1,36287.6,24926.5,
0,1,0,504,6438.73,1,0,1,14305.2,33973.5,
0,1,0,506,11168.7,1,0,1,21123,5391.86,
0,1,0,511,46170.8,1,0,1,40094.6,4945.84,
0,1,0,511,11630.1,1,0,1,11553.1,15880.2,
0,1,0,511,57530,1,0,1,23716.2,1796.29,
0,1,0,512,10968.1,1,0,1,40127.7,5330.74,
0,1,0,515,8208.19,1,0,1,12960.3,29130,
0,1,0,515,45278.6,1,0,1,14231.8,18545.4,
0,1,0,520,16991.4,1,0,1,11986.3,34378.8,
0,1,0,521,12250.5,1,0,1,10152.1,37385,
0,1,0,522,38647.4,1,0,1,10157.3,37581.7,
1,2,1,523,186881,18,11,7,2323.63,19924.5,
0,1,0,528,12579.5,1,0,1,18407.4,21047.4,
0,1,0,529,4785.28,1,0,1,23394.3,31061.2,
0,1,0,530,31040.9,2,0,2,23916.8,11656.5,
0,1,0,530,9159.84,1,0,1,35577.3,30861.7,
0,1,0,533,10168.8,1,0,1,33552,19691.8,
0,1,0,534,18588.1,1,0,1,34021.9,17847.4,
0,1,0,536,62349.7,1,0,1,30261,20568,
0,1,0,540,37059.5,3,0,3,1331.34,21780.3,
0,1,0,541,12306.9,1,0,1,39309.9,16235,
0,1,0,541,291402,10,0,10,26838.7,3905.3,
0,1,0,542,16226.8,1,0,1,17190.7,3949.99,
0,1,0,543,16911.4,1,0,1,28212.7,35457.8,
0,1,0,544,15591.6,1,0,1,39550.7,31092.2,
0,1,0,545,10023.8,1,0,1,39744,31963.6,
0,1,0,545,9388.72,1,0,1,39795.6,31330.2,
0,1,0,546,8419.59,1,0,1,23134.1,24887.9,
1,2,1,546,480719,120,100,20,20573.5,25040,
6,7,6,547,276799,182,169,13,26228.7,31008,
0,1,0,548,22110.4,1,0,1,8441.97,39083.9,
0,1,0,549,83841.4,3,0,3,35067.9,14644.1,
0,1,0,550,60214.7,1,0,1,38541.4,10655.4,
0,1,0,550,16020.3,1,0,1,33581.7,8799.43,
0,1,0,551,12265.8,1,0,1,38157.5,11198.1,
0,1,0,553,127056,4,0,4,39439.7,12725.1,
0,1,0,558,18321.5,1,0,1,24763.3,34516.6,
0,1,0,559,17580.7,1,0,1,35260.7,20593.1,
1,2,1,561,32204.8,5,3,2,20303,34636.1,
0,1,0,580,64809.6,1,0,1,26783.4,26753.3,
0,1,0,584,6374.35,1,0,1,20187.5,37558.8,
0,1,0,587,9329.17,1,0,1,18270.3,35214.3,
9,10,9,587,1.63138e+06,643,574,69,9984.85,8353.84,
0,1,0,588,59748.4,1,0,1,26437.9,25096.8,
0,1,0,590,85804,2,0,2,27853.2,33145.1,
0,1,0,592,9691.04,1,0,1,36027.6,17151.8,
0,1,0,593,9121.67,1,0,1,12676.8,8428.23,
0,1,0,599,43151.4,1,0,1,28131.3,602.359,
0,1,0,600,6496.09,1,0,1,32153.2,17700.9,
0,1,0,601,15384.1,1,0,1,35542,19441.1,
0,1,0,602,12202.4,1,0,1,35213.7,7466.36,
0,1,0,604,104154,2,0,2,38835.3,10585.4,
2,3,2,605,143828,111,106,5,19554.5,36686.6,
0,1,0,605,46266.1,2,0,2,31218,13615.9,
0,1,0,605,7431.62,1,0,1,15408.2,31698,
0,1,0,606,60130.1,1,0,1,38784.5,28475,
1,2,1,607,40578.1,195,193,2,17044.9,28496,
0,1,0,607,39310.1,1,0,1,33809.3,15649.1,
0,1,0,608,11385.5,1,0,1,28721.1,27021.7,
0,1,0,609,56531.7,1,0,1,28498.4,26848.8,
0,1,0,609,25773.8,2,0,2,30843,27860.7,
0,1,0,615,61781.2,1,0,1,18370.7,4468.68,
0,1,0,616,9863.6,1,0,1,19810.9,5864.58,
0,1,0,616,12532.4,1,0,1,39560.9,17684.8,
0,1,0,617,57489.1,1,0,1,20583.6,4057.99,
0,1,0,620,13703.7,1,0,1,22355.5,33375.9,
0,1,0,622,10131,1,0,1,1008.41,26990.2,
0,1,0,623,11291.5,1,0,1,31728.9,27764.4,
0,1,0,625,60153.7,1,0,1,30756.5,31773.5,
0,1,0,625,12194.4,1,0,1,31812.4,32434.4,
6,7,6,626,377049,172,158,14,8301.21,33571.9,
0,1,0,630,18766.9,1,0,1,40156.6,2088.31,
0,1,0,632,26570.3,2,0,2,36117,25185.4,
1,2,1,633,143304,57,53,4,8715.02,26941.3,
0,1,0,636,47423.5,3,0,3,26225.2,2716.96,
0,1,0,638,60621.9,1,0,1,34670.4,40159.3,
0,1,0,638,24054.6,1,0,1,31373,35713.4,
0,1,0,639,17578.7,1,0,1,27801.3,5899.54,
0,1,0,640,59928.3,1,0,1,30710.8,32582.1,
0,1,0,640,16105.3,1,0,1,31152.9,33873.5,
0,1,0,640,42228.1,3,0,3,23820,20869.1,
0,1,0,640,25151.9,2,0,2,29158.4,5920.4,
0,1,0,640,54494.2,1,0,1,26680.4,32922.5,
0,1,0,641,13892.1,1,0,1,26867.3,32816.8,
0,1,0,642,6890.77,1,0,1,27937,27181.3,
0,1,0,643,4978.52,1,0,1,38355,8270.59,
1,2,1,643,79876.1,276,274,2,38679.9,5632.68,
0,1,0,643,18784.2,1,0,1,28187.7,23574.6,
0,1,0,645,11906.1,1,0,1,27443.3,26495,
1,2,1,651,26299.7,41,39,2,28463.7,17887.7,
0,1,0,651,12580.2,1,0,1,37659.5,36313,
0,1,0,651,12983.9,1,0,1,26297.5,22060.1,
1,2,1,652,116731,89,85,4,26156.4,22595.1,
0,1,0,656,39219.7,3,0,3,4417.3,1720.84,
0,1,0,658,14180.6,1,0,1,25509.1,12085.6,
0,1,0,662,64252.2,1,0,1,13752.7,37882.9,
0,1,0,662,16004.4,1,0,1,14180.1,31553.2,
0,1,0,664,23914.8,1,0,1,24113.6,13605,
0,1,0,665,12437.9,1,0,1,18765.6,33655.1,
1,2,1,665,285954,9,1,8,16973.7,30367.9,
0,1,0,666,19023.6,1,0,1,12465.7,22604.4,
0,1,0,669,185671,1,0,1,36672.9,32535.2,
0,1,0,671,15634.8,1,0,1,15871.3,20972.4,
0,1,0,671,13114.6,1,0,1,26030,12003,
0,1,0,671,59785.1,1,0,1,19902.3,4546.66,
2,3,2,674,616168,29,4,25,35524,22820,
0,1,0,674,11306.8,1,0,1,24992.6,30310.7,
0,1,0,676,13350.3,1,0,1,31481,33002.2,
20,21,20,677,2.13037e+06,1129,1047,82,30033.6,12054.4,
0,1,0,677,17021.5,1,0,1,1731.53,15446.5,
0,1,0,680,61138.8,1,0,1,17459.2,16423.5,
0,1,0,680,5612.89,1,0,1,16629.1,21261.8,
5,6,5,682,195962,29,19,10,39661.4,36252.4,
0,1,0,682,59759.4,1,0,1,35575.4,33104,
0,1,0,685,75625.2,2,0,2,25758,26204.1,
0,1,0,687,25448.1,1,0,1,35371.7,17609.5,
0,1,0,688,21686.2,2,0,2,26309.5,14224.6,
0,1,0,688,66722.7,1,0,1,25926.6,25018.4,
0,1,0,691,23660.9,1,0,1,3254.44,14430.8,
9,10,9,691,513208,352,328,24,32444.2,29967.4,
0,1,0,693,11967.8,1,0,1,3969.67,12947.8,
0,1,0,696,56770.8,1,0,1,36129.7,26881.2,
0,1,0,697,73673.7,2,0,2,30696.4,20002.9,
0,1,0,697,12070.1,1,0,1,12208.7,16673.7,
0,1,0,700,12619.3,1,0,1,37498.2,28434.6,
0,1,0,703,71709.5,3,0,3,27543.5,8298.04,
0,1,0,705,8238.08,1,0,1,25481.9,2874.02,
0,1,0,706,68505.7,1,0,1,13775.5,18067.8,
0,1,0,707,7854.59,1,0,1,7639.38,9046.75,
1,2,1,707,22554.9,4,2,2,14956.1,18212.7,
0,1,0,708,69566.4,2,0,2,28906.2,34977.5,
0,1,0,709,6567.14,1,0,1,20108.2,31016.1,
0,1,0,709,7821.77,1,0,1,27541.6,6340.73,
6,7,6,709,584968,158,131,27,12160.8,38369.5,
0,1,0,711,61457.9,1,0,1,30507.9,38710.1,
1,2,1,711,31562.5,4,2,2,39470.5,27229.4,
0,1,0,713,17672.9,1,0,1,23128.7,11314.5,
0,1,0,713,25383.1,1,0,1,18035.9,25905.6,
0,1,0,714,60279.1,1,0,1,24416.5,15923.4,
0,1,0,715,12652.6,1,0,1,35532.6,34051.6,
0,1,0,717,29378.4,2,0,2,7895.32,4304.71,
0,1,0,717,6740.43,1,0,1,39155.1,34461.5,
0,1,0,719,60345.4,1,0,1,22980.3,34178,
0,1,0,721,12386.8,1,0,1,27552.9,6035.15,
0,1,0,731,12004.9,1,0,1,35338.6,36803.7,
2,3,2,731,92175.2,120,116,4,31241.4,32001.1,
0,1,0,734,11119.3,1,0,1,38535.4,24535.3,
0,1,0,735,10999.9,1,0,1,11519,1359.14,
0,1,0,736,10303,1,0,1,11434.6,1194.37,
0,1,0,736,62208.1,1,0,1,37157.7,37117.2,
0,1,0,736,15315.9,1,0,1,24265.8,27324.1,
6,7,6,738,853003,502,475,27,36602,12362.5,
0,1,0,739,55035.9,1,0,1,33256.9,33770.9,
0,1,0,740,5495.09,1,0,1,27644.3,35612.9,
0,1,0,742,8263.15,1,0,1,34630.3,38051.4,
0,1,0,756,138534,6,0,6,9704.05,36038.3,
0,1,0,760,69157.3,2,0,2,15645.4,2496.34,
5,6,5,762,273779,236,224,12,25416.7,37152.2,
0,1,0,764,32147.7,2,0,2,32220.8,3951.88,
6,7,6,764,276570,30,19,11,23315.8,32559.6,
3,4,3,767,285268,482,470,12,39653.4,29139.9,
0,1,0,769,26778.8,1,0,1,32967.5,37353.6,
2,3,2,770,286610,60,46,14,11169.4,27747.7,
0,1,0,775,18111.6,1,0,1,36157.9,26188.1,
0,1,0,780,13749.9,1,0,1,17772.2,628.555,
0,1,0,780,79354.5,2,0,2,23780.5,8369,
0,1,0,781,11721.7,1,0,1,28027.8,18391.5,
0,1,0,782,9956.96,1,0,1,38572.5,36201.5,
0,1,0,782,13205.8,1,0,1,36609.8,37363.6,
0,1,0,783,86231.2,3,0,3,33400.6,25009,
0,1,0,786,12332.2,1,0,1,33183.4,24779.8,
2,3,2,786,154073,15,11,4,23424,22799.3,
10,11,10,787,253690,971,960,11,33400.5,25992.6,
0,1,0,787,64251.2,1,0,1,34847.6,23988.6,
0,1,0,788,62247.2,1,0,1,22093.5,30975.6,
0,1,0,791,14010.1,1,0,1,30486.3,19897.7,
0,1,0,794,11586.9,1,0,1,8436.16,19040,
0,1,0,798,10872.5,1,0,1,4129.19,34692.3,
0,1,0,798,29054.9,1,0,1,39476,9214.31,
0,1,0,799,290069,7,0,7,21109.4,1481.22,
0,1,0,800,8566.24,1,0,1,16850.5,29032.1,
0,1,0,800,81408.2,3,0,3,37852.2,17868.3,
0,1,0,802,13560.5,1,0,1,21311.6,33932,
0,1,0,803,20812.6,1,0,1,20775.5,31252.7,
2,3,2,805,177300,9,3,6,36723.5,35574.3,
0,1,0,806,4751.29,1,0,1,36450.1,37029.4,
0,1,0,806,25360.8,1,0,1,21277.1,1334.57,
0,1,0,807,10762,1,0,1,21377.3,1518.85,
0,1,0,808,10136.2,1,0,1,27658.1,29845.7,
0,1,0,809,14861.7,1,0,1,26147.7,29166.8,
0,1,0,810,61416.6,1,0,1,17384.8,28018.6,
0,1,0,811,13204.1,1,0,1,16226.3,28139.1,
0,1,0,811,65654.2,1,0,1,38630,21297.5,
0,1,0,811,11087.5,1,0,1,34985,33066.8,
0,1,0,812,10868.8,1,0,1,16040.1,26650.9,
0,1,0,812,8621.82,1,0,1,26771.5,7503.96,
0,1,0,812,61296.4,1,0,1,34087.9,35196,
0,1,0,812,85827.6,3,0,3,32801.6,36977.6,
0,1,0,813,12011.7,1,0,1,31054.7,19718,
1,2,1,815,82758,3,1,2,20211.3,2519.97,
0,1,0,815,16860.5,1,0,1,10459.3,3570.6,
0,1,0,816,6709.7,1,0,1,31516.6,19971.9,
0,1,0,817,15329.4,1,0,1,19828.3,5329.26,
0,1,0,817,68690.7,1,0,1,32984,18282.7,
0,1,0,817,61161.1,1,0,1,28124,29887,
1,2,1,819,638575,166,143,23,39418.1,1554.01,
1,2,1,822,101443,4,1,3,20450.5,2037.66,
1,2,1,826,18292.9,3,1,2,37665.1,29122.6,
0,1,0,826,78403.4,2,0,2,20623.3,2191.1,
0,1,0,829,11447.4,1,0,1,13788.2,1114.08,
0,1,0,832,14466,1,0,1,29082.7,32152.5,
0,1,0,833,39725.1,1,0,1,23824.6,20617.5,
0,1,0,836,28515.9,1,0,1,27137.9,10172.1,
0,1,0,836,147108,5,0,5,39591.6,14596.4,
0,1,0,836,27193.6,2,0,2,34962.8,28472,
1,2,1,836,215594,71,64,7,11331.1,26352.2,
0,1,0,837,66078.8,1,0,1,36159.5,33248.2,
0,1,0,838,10605.5,1,0,1,34863.7,27047.8,
0,1,0,838,6967.01,1,0,1,33396.2,33600.5,
0,1,0,838,6464.82,1,0,1,32430.3,35046.8,
0,1,0,839,15281.2,1,0,1,33479.9,27547.3,
0,1,0,839,6502.98,1,0,1,36404.7,22721.8,
0,1,0,839,9205.33,1,0,1,33775.7,26856.4,
0,1,0,841,13149.6,1,0,1,7672.79,12092.6,
0,1,0,841,11467,1,0,1,37472.9,30440.6,
0,1,0,842,21569.1,1,0,1,34528,14780.9,
0,1,0,844,9566.95,1,0,1,19939.7,28766.2,
2,3,2,845,433213,92,74,18,20850.2,39781.9,
0,1,0,846,10921.5,1,0,1,39605.5,23248.3,
1,2,1,847,101334,6,1,5,16681.9,36362.4,
0,1,0,847,8519.6,1,0,1,39589.1,35534.2,
0,1,0,848,7686.25,1,0,1,38118.4,31786,
0,1,0,851,59731.1,1,0,1,38029.6,29503.7,
18,19,18,852,837962,1086,1043,43,33559.9,33009.8,
0,1,0,852,60942,1,0,1,24321.4,22639.6,
0,1,0,854,67416.9,1,0,1,12551.9,30562.2,
0,1,0,856,10770.5,1,0,1,38835.8,18597.1,
0,1,0,856,72965.9,4,0,4,18536.3,19399,
0,1,0,858,24671.6,2,0,2,4044.26,40074.5,
0,1,0,859,60164.9,1,0,1,36226.5,32827.5,
0,1,0,860,16902.4,1,0,1,36055.7,2937.38,
17,18,17,871,969617,413,371,42,17330.7,34239.8,
1,2,1,873,13737.9,120,118,2,34030.9,33043.8,
0,1,0,875,9851.16,1,0,1,23290.7,22417,
0,1,0,876,62300.2,1,0,1,20447.2,37453.3,
0,1,0,878,8169.58,1,0,1,36511.9,28466.3,
0,1,0,883,12850.9,1,0,1,21111.7,10090.4,
0,1,0,884,12245.9,1,0,1,21100.4,9845.88,
0,1,0,894,16371.1,1,0,1,12975.3,8427.93,
0,1,0,896,15746.5,1,0,1,39082.5,39817.3,
12,13,12,896,847452,125,94,31,31196.1,31433.6,
6,7,6,896,1.49159e+06,229,181,48,39517.4,7607.94,
0,1,0,896,5392.7,1,0,1,35685,37199.5,
0,1,0,897,9467.59,1,0,1,7033.19,19239.8,
17,18,17,903,2.23821e+06,916,837,79,35925.1,21657.3,
0,1,0,904,62158.9,1,0,1,12789.1,2649.82,
7,8,7,904,460509,487,470,17,23059.2,31983,
0,1,0,909,13637.2,1,0,1,16696.3,23787.2,
0,1,0,913,24693.1,1,0,1,26185.7,39676.3,
0,1,0,914,62976,1,0,1,38397.8,32386.1,
0,1,0,915,23499.8,1,0,1,35454.3,11868.7,
0,1,0,916,16921.1,1,0,1,38861.9,27001.6,
0,1,0,917,9328.77,1,0,1,33327.6,9035.76,
0,1,0,917,11185.7,1,0,1,37220.1,29228.7,
0,1,0,917,15550.7,1,0,1,37118.2,28125.4,
0,1,0,918,8874.73,1,0,1,37360.5,27081.4,
0,1,0,919,38766.9,2,0,2,37294.5,28538.5,
0,1,0,920,64845.2,1,0,1,13546.3,26126.6,
0,1,0,925,14092.7,1,0,1,36757.3,12456.6,
0,1,0,925,15537.9,1,0,1,29518,24555.5,
1,2,1,926,20136.8,54,52,2,31019,28301.8,
0,1,0,926,60961.8,1,0,1,36485.5,24006.8,
0,1,0,926,11999.8,1,0,1,36312.6,23384.6,
0,1,0,927,13002.2,1,0,1,34523.2,25797,
0,1,0,937,11610,1,0,1,35883.8,38262.3,
6,7,6,937,654225,126,100,26,35077.7,11566.7,
0,1,0,940,4512.15,1,0,1,29247,29237.9,
0,1,0,942,61317.7,1,0,1,15499.7,23929.6,
0,1,0,943,42256.8,2,0,2,24786.2,30890.7,
0,1,0,943,64383.4,1,0,1,15799.4,23277.4,
0,1,0,946,32761.3,2,0,2,32975.4,33409,
0,1,0,947,72593,2,0,2,30587.9,15312.6,
0,1,0,950,67093.6,2,0,2,19751.6,34097.5,
0,1,0,951,14648.1,1,0,1,6599.3,13473.1,
0,1,0,952,11034.9,1,0,1,35425.8,32114.2,
0,1,0,952,59658.9,1,0,1,35142.3,31114.9,
0,1,0,952,8371.63,1,0,1,40167.9,38416.1,
0,1,0,952,77055.8,2,0,2,36198.4,33598.1,
0,1,0,952,18970.4,1,0,1,40043.8,16216.3,
1,2,1,959,231997,15,2,13,12570.9,12436.9,
2,3,2,961,209275,38,31,7,28252.7,31917,
0,1,0,961,43394.7,2,0,2,26611.5,35967.1,
0,1,0,962,35014.4,1,0,1,25757.1,36341.6,
0,1,0,964,10231.2,1,0,1,23493.2,34177,
0,1,0,970,6337.91,1,0,1,24583.5,14721.9,
0,1,0,970,21713.4,1,0,1,34976,36674.5,
0,1,0,970,81530.1,3,0,3,25738.5,38546.6,
0,1,0,971,63873,1,0,1,27248.7,16140.6,
0,1,0,972,11853.7,1,0,1,12945.5,12316.3,
0,1,0,972,17277.6,1,0,1,37639.4,36525.7,
0,1,0,973,11989.3,1,0,1,36537.6,40181.3,
0,1,0,974,16141.1,1,0,1,12904.7,11863.3,
0,1,0,974,14846.5,1,0,1,32422.2,13759.3,
0,1,0,974,60516.2,1,0,1,20221.1,34749.9,
4,5,4,974,208235,151,143,8,33219.3,38672,
0,1,0,975,13525.9,1,0,1,38112.6,31488.9,
0,1,0,976,62182.9,1,0,1,39777.3,34109.4,
0,1,0,976,12834.4,1,0,1,36922,37347.3,
5,6,5,977,344847,179,166,13,39837.4,28325.5,
0,1,0,977,14600.7,1,0,1,33098.3,9721.38,
0,1,0,977,6286.68,1,0,1,39693,34480.2,
0,1,0,977,60375.1,1,0,1,10357.9,30957.5,
0,1,0,978,9284.28,1,0,1,40123.7,36319.3,
0,1,0,979,56495.2,1,0,1,4627.34,11067.9,
0,1,0,981,21275.6,2,0,2,29252.3,34363,
0,1,0,982,76231.8,2,0,2,24538.5,3148.96,
0,1,0,985,159265,5,0,5,1663.63,15377,
4,5,4,987,322176,438,428,10,7030,30879.7,
0,1,0,989,158985,5,0,5,23795.9,8844.24,
17,18,17,993,554542,443,421,22,31925.7,3177.79,
0,1,0,997,64250,1,0,1,39542.4,28213.9,
1,2,1,998,176434,8,2,6,26507.8,16448.2,
0,1,0,999,138513,3,0,3,38434.5,31537.3,
0,1,0,1006,14949.4,1,0,1,26656,16543.9,
0,1,0,1010,57258.1,1,0,1,23362.3,27983.6,
0,1,0,1010,11638.6,2,0,2,34683.2,28950.3,
0,1,0,1014,10410.6,1,0,1,5004.33,5507.91,
0,1,0,1014,65596.6,1,0,1,26262,26900.2,
14,15,14,1021,1.79775e+06,1170,1108,62,28783.8,15219.8,
0,1,0,1025,8297.75,1,0,1,15783.3,26839.8,
0,1,0,1028,64199.8,1,0,1,18240.6,11835.8,
0,1,0,1035,9774.67,1,0,1,40278.1,2244.3,
0,1,0,1038,9009.81,1,0,1,13239.1,23316.4,
1,2,1,1040,122240,7,1,6,32258.7,26962.4,
0,1,0,1041,24299.2,2,0,2,24253.7,33017.2,
0,1,0,1042,65067.8,1,0,1,9264.97,18590.3,
0,1,0,1043,25082.5,1,0,1,9435.51,26596.3,
0,1,0,1046,20592.9,1,0,1,24579.9,33981,
0,1,0,1046,7708.47,1,0,1,18793,5978.56,
0,1,0,1052,40429,4,0,4,23602.5,30894,
0,1,0,1058,17330.9,1,0,1,24675.6,3566.38,
0,1,0,1059,62908.4,1,0,1,39681.9,19861.8,
0,1,0,1062,9072.69,1,0,1,15912,8465.34,
0,1,0,1063,14889.7,1,0,1,17803.7,2194.11,
0,1,0,1064,13981.2,1,0,1,34369.2,20370.1,
17,18,17,1068,1.59155e+06,666,607,59,37095.5,34462.7,
0,1,0,1069,19111.2,1,0,1,31456.6,19283.1,
0,1,0,1070,11319.3,1,0,1,34328.1,23761.5,
0,1,0,1071,7874.88,1,0,1,34039.7,25224.8,
6,7,6,1071,453262,214,195,19,18952.6,28677.8,
0,1,0,1072,23046.3,1,0,1,9540.62,26991.8,
0,1,0,1072,125851,2,0,2,35146.2,24961.7,
0,1,0,1072,8402.69,1,0,1,26064.3,33396.1,
0,1,0,1074,12321.8,1,0,1,16574.3,4298.48,
1,2,1,1074,93314.5,9,5,4,24225.3,20442.6,
0,1,0,1078,14176.9,1,0,1,35725.7,33430.2,
0,1,0,1078,12038.8,1,0,1,31346,24311.7,
0,1,0,1079,73508,2,0,2,36619.1,36784.8,
3,4,3,1079,510638,153,133,20,34737.3,35925.6,
0,1,0,1081,108086,2,0,2,39093.6,32859.9,
0,1,0,1082,60511.9,1,0,1,38806.5,40167.7,
0,1,0,1083,9100.66,1,0,1,37049.4,40184.7,
0,1,0,1085,20402.6,1,0,1,37111.6,9796.79,
0,1,0,1086,62130,1,0,1,28233,21052.9,
0,1,0,1088,11360.9,1,0,1,36717.7,19773.5,
0,1,0,1089,8573.37,1,0,1,33790.4,18808.4,
0,1,0,1090,74870,2,0,2,31816.1,30989.1,
0,1,0,1090,65037.4,1,0,1,34245.2,8560.1,
0,1,0,1091,20407.2,1,0,1,31135.6,23103.7,
0,1,0,1092,14323.3,1,0,1,30908.7,23081.8,
8,9,8,1092,537420,257,237,20,29723.8,22930.5,
0,1,0,1092,11210.2,1,0,1,26891.7,21483.5,
0,1,0,1094,60484.6,1,0,1,22832,15505.4,
0,1,0,1095,9568.33,1,0,1,17109.1,19509.3,
0,1,0,1096,13984,1,0,1,36794.5,19968.4,
0,1,0,1100,24341.6,1,0,1,11892.5,28032.9,
3,4,3,1101,157108,21,17,4,25133.4,24783.3,
0,1,0,1103,8026.43,1,0,1,33509,30213.4,
5,6,5,1106,741827,578,545,33,18499.4,6772.04,
1,2,1,1108,184822,11,4,7,37148.5,39924,
0,1,0,1109,4933.54,1,0,1,27777,39354,
0,1,0,1112,10836.7,1,0,1,7758.56,24577.7,
0,1,0,1115,13873.2,1,0,1,28978.7,35578,
0,1,0,1117,12891.2,1,0,1,27979.8,30230.6,
0,1,0,1121,64979,1,0,1,25558,22468.6,
0,1,0,1123,4408.71,1,0,1,29469,15173.5,
0,1,0,1124,6281.71,1,0,1,27476.7,21653.4,
0,1,0,1124,8033.33,1,0,1,23401.5,34864.7,
0,1,0,1125,7391.25,1,0,1,37571.5,30184.1,
0,1,0,1125,58032.2,1,0,1,11303.6,25979.3,
0,1,0,1126,16215.4,1,0,1,29814.7,25142.6,
0,1,0,1126,23467.5,2,0,2,35048,21135.3,
0,1,0,1127,15412.1,1,0,1,33351.9,27833.2,
6,7,6,1127,263314,695,686,9,28329,26479.2,
0,1,0,1128,13471.3,1,0,1,24698.7,27132.7,
0,1,0,1128,9223.8,1,0,1,25457.1,26978.8,
0,1,0,1128,7407.79,1,0,1,26525,26222.2,
0,1,0,1128,61757,1,0,1,33587.8,37749.1,
0,1,0,1128,12017.8,1,0,1,7859.8,33309.3,
0,1,0,1128,20954.6,1,0,1,34707.3,40304.9,
0,1,0,1129,28404.7,1,0,1,31528.7,31121.9,
0,1,0,1129,10620.9,1,0,1,26296.6,27118,
0,1,0,1130,59511.9,1,0,1,10420.1,519.123,
0,1,0,1131,29695.8,2,0,2,14686.7,25945.4,
0,1,0,1133,11359.7,1,0,1,26873.2,21078.6,
0,1,0,1137,10127.3,1,0,1,36134.8,29546.6,
0,1,0,1138,58449.2,1,0,1,27267.8,32369.5,
0,1,0,1138,49885.1,3,0,3,7062.04,18597.4,
0,1,0,1141,60335.8,1,0,1,8558.47,37315.3,
11,12,11,1145,660811,548,526,22,35646.3,30406.7,
0,1,0,1146,62043.3,1,0,1,14951.5,35100.8,
0,1,0,1146,9338.67,1,0,1,11769.4,19050.1,
0,1,0,1151,18534.7,1,0,1,15609.7,18843.6,
0,1,0,1153,30736.6,2,0,2,9877.11,31292.1,
0,1,0,1154,64044.9,1,0,1,4476.01,31247.4,
0,1,0,1158,28843.2,2,0,2,26240.4,8015.98,
0,1,0,1158,10824.9,1,0,1,13945.1,20729.5,
0,1,0,1159,18464.4,1,0,1,30469.5,22584.3,
0,1,0,1160,61160.5,1,0,1,33366.9,23942.4,
0,1,0,1163,20606.9,1,0,1,25734,23937.2,
0,1,0,1165,10465.6,1,0,1,25134.9,26673.2,
0,1,0,1166,12284.6,1,0,1,21825,23282.1,
0,1,0,1170,11197.4,1,0,1,19118.1,33753.2,
6,7,6,1173,915202,518,479,39,31538.6,18249.5,
1,2,1,1175,645572,34,6,28,1443.92,23878.4,
0,1,0,1177,56842.5,1,0,1,39392.9,34013.2,
0,1,0,1177,13009.6,1,0,1,40291.9,33770.7,
0,1,0,1181,28573.2,2,0,2,9348.13,2903.88,
2,3,2,1181,363413,79,67,12,37077.4,17352.1,
0,1,0,1181,11231,1,0,1,26003.2,26806.2,
0,1,0,1183,13333.9,1,0,1,37718.4,8707.71,
3,4,3,1185,501513,181,159,22,6018.54,2274.93,
0,1,0,1187,45804.3,3,0,3,5474.8,38514.1,
0,1,0,1189,61121.1,1,0,1,35208.3,14292.9,
0,1,0,1193,20322.8,1,0,1,10512.7,40131.6,
0,1,0,1194,35282.6,1,0,1,6741.6,39945.6,
1,2,1,1195,270374,14,1,13,38571.8,7852.97,
0,1,0,1203,66757,2,0,2,39380.1,37105.8,
0,1,0,1206,11267.9,1,0,1,9725.71,10114.5,
9,10,9,1208,1.50125e+06,367,296,71,38902.5,15505.8,
0,1,0,1209,14913.4,1,0,1,31820.5,2467.5,
0,1,0,1210,6171.98,1,0,1,36308.5,36206.4,
0,1,0,1210,16049.6,1,0,1,35186.5,36799.3,
0,1,0,1211,61900.9,1,0,1,17920.2,8519.48,
0,1,0,1212,7609,1,0,1,20070.5,3842.09,
0,1,0,1213,11739.8,1,0,1,39184.6,28336.2,
0,1,0,1214,21315.7,1,0,1,40086.6,27184.1,
0,1,0,1217,7599.67,1,0,1,39477.7,26465.3,
0,1,0,1218,5888.92,1,0,1,38125.8,31034.7,
0,1,0,1218,20749.7,1,0,1,24750.4,10714.4,
0,1,0,1227,14471,1,0,1,22041,13807.4,
0,1,0,1230,12291.8,1,0,1,12794.2,3327.85,
0,1,0,1232,58401.4,1,0,1,15035.5,1418.23,
0,1,0,1238,8963.42,1,0,1,34364.9,14057.2,
0,1,0,1243,5619.18,1,0,1,28992.5,21082,
0,1,0,1247,14272.3,1,0,1,33384.3,27606.5,
0,1,0,1248,63005.2,1,0,1,38627.9,23954.2,
0,1,0,1249,13484.9,1,0,1,21379.2,7856.73,
0,1,0,1250,12349.7,1,0,1,33504.6,37436.1,
0,1,0,1253,34824.8,2,0,2,10923.4,3001.77,
0,1,0,1255,57988.6,1,0,1,10592.3,659.461,
0,1,0,1258,8070.06,1,0,1,33115,17860.6,
0,1,0,1261,7099.15,1,0,1,8583.17,36736.3,
0,1,0,1263,14281.8,1,0,1,33642.9,36118,
0,1,0,1271,11282.2,1,0,1,39358.4,31794.2,
0,1,0,1273,17951.7,1,0,1,30227.9,33210.8,
0,1,0,1276,59315.1,1,0,1,37661.3,31466.9,
0,1,0,1277,60007.6,1,0,1,36560.4,33194.4,
0,1,0,1278,16548.5,1,0,1,16647.4,25601.5,
0,1,0,1279,12892.3,1,0,1,10533.4,3302.15,
0,1,0,1281,7826.1,1,0,1,12198.1,618.152,
0,1,0,1281,12778.3,1,0,1,4640.88,16081.9,
0,1,0,1282,7110.14,1,0,1,5715.67,6259.09,
0,1,0,1283,39054,2,0,2,17939.4,17035.2,
0,1,0,1288,58602.8,1,0,1,20142.2,1878.84,
0,1,0,1289,18850.3,1,0,1,20037.4,2261.56,
0,1,0,1289,16886.4,1,0,1,36564.3,26423.8,
0,1,0,1289,10390.7,1,0,1,35583.6,24134.2,
0,1,0,1290,15090.6,1,0,1,35707.2,26747,
0,1,0,1292,96973,3,0,3,18244.8,6238.05,
0,1,0,1296,12615.4,1,0,1,33050.7,38723.8,
0,1,0,1297,7832.01,1,0,1,1692.24,11154.8,
0,1,0,1298,17855.8,1,0,1,7550.89,31674.4,
2,3,2,1301,309406,179,165,14,13277.8,32455.5,
12,13,12,1301,1.36568e+06,627,565,62,38587.2,17190.7,
0,1,0,1305,66603.1,1,0,1,40140.5,39547.2,
0,1,0,1305,48742.3,3,0,3,35014.8,20498.2,
0,1,0,1306,14931.9,1,0,1,35185.8,26076.1,
0,1,0,1306,5922.88,1,0,1,30892.1,9760.47,
0,1,0,1306,63953.2,1,0,1,4952.2,38128.4,
4,5,4,1307,1.22414e+06,147,97,50,19496.1,8342.59,
0,1,0,1307,17865.7,1,0,1,33096.7,34541.5,
0,1,0,1307,62355.7,1,0,1,32573.8,36920.1,
0,1,0,1308,9350.58,1,0,1,33445.5,38008.5,
0,1,0,1308,10887.1,1,0,1,33123.9,38102.9,
0,1,0,1308,5685.77,1,0,1,37035.9,21526.9,
0,1,0,1309,63281.5,1,0,1,32607.5,31882.7,
0,1,0,1309,3433.09,1,0,1,38348.6,23789.1,
0,1,0,1309,66015.7,1,0,1,33329.2,36885.3,
0,1,0,1310,15689.1,1,0,1,31825.8,32286.3,
0,1,0,1310,56217.8,1,0,1,40223.6,27476.9,
13,14,13,1310,1.2353e+06,211,168,43,36624.6,25915.4,
0,1,0,1310,65894.1,1,0,1,30694.3,32247.3,
0,1,0,1311,11302,1,0,1,31368.1,32696.4,
0,1,0,1311,11216.8,1,0,1,36304.4,26401.9,
0,1,0,1313,77508.5,2,0,2,22051.4,11908.5,
0,1,0,1314,22796.1,2,0,2,33117.3,34791.8,
0,1,0,1314,61917.5,1,0,1,23354.9,13446.4,
0,1,0,1315,11943.8,1,0,1,31684.5,20826.7,
0,1,0,1316,11199.6,1,0,1,31289.8,19219.8,
0,1,0,1321,7489.4,1,0,1,39559.3,24646.9,
0,1,0,1321,65055.4,1,0,1,31161.4,16201.2,
0,1,0,1322,16567.9,1,0,1,38935.6,24674.8,
0,1,0,1322,10921.1,1,0,1,37991.8,24806.1,
0,1,0,1323,24829.5,1,0,1,38250.9,24800.8,
0,1,0,1324,59163.6,1,0,1,11153.9,27706.5,
0,1,0,1324,19549.1,1,0,1,33536.2,26816.5,
0,1,0,1327,10005.8,1,0,1,38933.9,21413.9,
0,1,0,1330,32442.3,2,0,2,13642.8,27967.9,
0,1,0,1330,54405.2,1,0,1,12481.7,27789.3,
0,1,0,1333,13599,1,0,1,3029.81,22240.4,
0,1,0,1333,16391.1,1,0,1,4300.3,21076.4,
0,1,0,1335,27774,2,0,2,34474.5,24205.7,
0,1,0,1340,169642,6,0,6,24915.5,17797,
0,1,0,1343,12430.7,1,0,1,25297,36032.2,
0,1,0,1348,8287.49,1,0,1,29014.9,24474.4,
0,1,0,1350,30028.2,2,0,2,39843.4,12176.2,
0,1,0,1352,82282.9,3,0,3,39201.5,11627.3,
0,1,0,1352,15518.4,1,0,1,33306.9,22193.5,
0,1,0,1353,56946.9,1,0,1,33674.2,20268.6,
0,1,0,1353,23895.5,2,0,2,19853.8,37367.3,
14,15,14,1353,740376,1633,1606,27,38598.2,33255.1,
0,1,0,1354,13800.4,1,0,1,31822.4,17256.2,
8,9,8,1357,678093,505,477,28,28141.4,14196,
0,1,0,1358,10188.6,1,0,1,14403.4,20107.4,
0,1,0,1361,14065.3,1,0,1,40019.7,26439.9,
0,1,0,1361,56389.6,1,0,1,25433.7,13983.8,
0,1,0,1366,14818.8,1,0,1,18728.2,18776.1,
2,3,2,1368,267746,12,2,10,21214,36596,
18,19,18,1371,830801,607,566,41,35241.2,18902.8,
0,1,0,1374,68584.1,2,0,2,32798.4,4451.18,
0,1,0,1375,15268.6,1,0,1,13390,23289.8,
0,1,0,1375,13055.3,1,0,1,15526.6,35123.9,
0,1,0,1376,12522.4,1,0,1,21321.5,36735.9,
0,1,0,1377,94470.8,3,0,3,27133.6,39505.4,
0,1,0,1378,11750.3,1,0,1,38746.7,29739.8,
0,1,0,1378,21156.4,1,0,1,34596.7,2220.93,
0,1,0,1381,16552.1,1,0,1,33332.2,15364.1,
0,1,0,1387,65241.6,1,0,1,23627.5,7012.66,
0,1,0,1390,8588.38,1,0,1,29513.9,29568,
0,1,0,1393,15971.4,1,0,1,8992,12166.9,
0,1,0,1393,64215.4,1,0,1,14286.1,19143.4,
1,2,1,1395,136430,5,1,4,4642.8,11043.3,
0,1,0,1395,13982.6,1,0,1,34002.1,17866.9,
0,1,0,1398,69296,1,0,1,39204.1,36836.7,
0,1,0,1400,8904.94,1,0,1,38223.3,40135.8,
1,2,1,1406,76070,3,1,2,11055.2,19462,
0,1,0,1410,10529.7,1,0,1,28326.4,36172,
0,1,0,1411,13359.4,1,0,1,3395.3,30482.2,
0,1,0,1415,195697,8,0,8,33785.6,35615.5,
1,2,1,1416,238034,13,5,8,39277.5,39714,
0,1,0,1418,94671.8,4,0,4,7696.95,8420.47,
1,2,1,1422,94431.7,16,13,3,38791.3,35294.8,
0,1,0,1423,12640.3,1,0,1,25088.4,2980.69,
0,1,0,1428,54100,1,0,1,31818.2,33950.9,
0,1,0,1429,23050.1,2,0,2,13353.2,614.113,
0,1,0,1430,62633.1,1,0,1,35571.1,10630.2,
0,1,0,1432,7568.47,1,0,1,32009.8,22023.9,
0,1,0,1433,14368.4,1,0,1,18628.8,25751.8,
0,1,0,1437,13607.4,1,0,1,36153.9,10029.2,
0,1,0,1442,62397.1,1,0,1,38359.4,21681.3,
0,1,0,1444,4156.18,1,0,1,15154.4,17197.7,
0,1,0,1447,10586.6,1,0,1,25784.1,29783.3,
0,1,0,1447,11570.8,1,0,1,35511.3,21284.9,
0,1,0,1449,62683.7,1,0,1,31502.9,19042.7,
0,1,0,1450,13133.1,1,0,1,30370.3,28672.9,
0,1,0,1451,15673.5,1,0,1,29702.5,28223.5,
0,1,0,1451,64221.9,1,0,1,34940.2,26816.2,
0,1,0,1452,11241.8,1,0,1,36082.9,20723.9,
0,1,0,1458,58046,1,0,1,24697.2,32277,
0,1,0,1460,13952.6,1,0,1,23400.2,29998.4,
0,1,0,1460,5558.4,1,0,1,19930.4,28255.7,
0,1,0,1461,12102.9,1,0,1,15955,35595.7,
0,1,0,1461,60049.7,1,0,1,37438,14208.6,
2,3,2,1463,75262.2,7,4,3,2317.03,3191.63,
0,1,0,1463,88495.4,4,0,4,35861.2,16549.4,
0,1,0,1465,61016.7,1,0,1,31139.3,8371.57,
0,1,0,1465,8430.49,1,0,1,30943.4,8680.82,
0,1,0,1466,57200.9,1,0,1,38259.5,2982.15,
0,1,0,1468,11746.2,1,0,1,34362.3,4122.46,
0,1,0,1469,9983.32,1,0,1,23352.5,27390.2,
0,1,0,1469,10858.8,1,0,1,28400.3,32184.1,
0,1,0,1470,61817.2,1,0,1,26689.3,34919.4,
0,1,0,1470,5949.9,1,0,1,34102.8,14649.9,
0,1,0,1471,7338.12,1,0,1,37834.6,35984,
0,1,0,1471,17486.2,1,0,1,37625.2,32607.4,
0,1,0,1471,5678.1,1,0,1,37602.3,33078,
0,1,0,1472,63501.8,1,0,1,8964.83,16179.8,
0,1,0,1472,9488.61,1,0,1,23244.7,20667.2,
0,1,0,1476,40562.5,3,0,3,27276.5,29795.6,
0,1,0,1480,76885.2,2,0,2,32737.1,32875.8,
0,1,0,1481,10728.9,1,0,1,37067.3,27879.5,
4,5,4,1482,376687,239,224,15,17648.1,25709.2,
0,1,0,1484,14223.1,1,0,1,27421.5,18990,
5,6,5,1493,1.23422e+06,731,684,47,24762.5,8970.73,
1,2,1,1494,30002.9,4,2,2,4468.79,16220.4,
0,1,0,1496,54466.1,1,0,1,35444.7,32889.5,
0,1,0,1498,43709.9,1,0,1,22550.7,33740.8,
0,1,0,1504,10165.4,1,0,1,14596,820.596,
5,6,5,1508,273353,473,463,10,24485.9,24052.6,
0,1,0,1511,80097.8,3,0,3,34244.2,22587.9,
1,2,1,1513,21826.3,4,2,2,20020.5,36751.2,
0,1,0,1515,63730.6,1,0,1,27524.3,32942,
0,1,0,1516,6798.01,1,0,1,23990.6,34032.6,
16,17,16,1518,1.07551e+06,840,802,38,35537.8,38051,
0,1,0,1519,7864.52,1,0,1,20219.3,36818.8,
0,1,0,1520,61511.2,1,0,1,38038.5,25355.2,
0,1,0,1526,15779.3,1,0,1,39579.9,6449.2,
0,1,0,1530,29084.9,1,0,1,28382.8,16490.1,
6,7,6,1531,456576,25,8,17,23201.5,19832.8,
7,8,7,1533,1.27758e+06,661,614,47,34739,35920.1,
0,1,0,1537,8169.03,1,0,1,33825,27221.5,
0,1,0,1539,11730.3,1,0,1,27844.1,33028.2,
1,2,1,1545,132205,60,58,2,26630.2,29803.5,
1,2,1,1546,33317.9,6,3,3,17956.8,38669,
0,1,0,1547,62486.3,1,0,1,23120.9,18096,
0,1,0,1550,154658,8,0,8,11972.1,20328.1,
0,1,0,1551,25493.2,1,0,1,34145.7,24440.6,
0,1,0,1553,80966.5,2,0,2,26983,26568.4,
0,1,0,1554,13004.4,1,0,1,21308.3,5363.87,
0,1,0,1557,21401.9,2,0,2,22670,34019.7,
1,2,1,1558,392288,43,32,11,27451.5,14221.2,
28,29,28,1561,4.32652e+06,1443,1279,164,13290.1,2498.45,
0,1,0,1561,7872.7,1,0,1,23477.9,30341.7,
2,3,2,1566,230948,118,108,10,14794.7,2273.8,
0,1,0,1577,16842.3,1,0,1,17008.2,27894.5,
0,1,0,1579,18417.9,1,0,1,32758.6,22060.3,
0,1,0,1580,8963.48,1,0,1,18867.1,25795.1,
0,1,0,1584,9647.84,1,0,1,26453.2,36813.4,
0,1,0,1585,120139,5,0,5,34328.7,20372.3,
0,1,0,1586,10884.1,1,0,1,36073.7,19530.7,
0,1,0,1597,19434.8,2,0,2,38681.5,21712.7,
0,1,0,1597,61015,1,0,1,38526.8,23044.5,
0,1,0,1598,10530.4,1,0,1,33268.9,28592.3,
1,2,1,1599,42952.5,5,1,4,1897.39,29747.1,
0,1,0,1600,61484.4,1,0,1,30728.7,34453.5,
0,1,0,1604,65466.6,1,0,1,27073.5,30345.3,
5,6,5,1605,182678,372,364,8,23267.5,20180.9,
0,1,0,1610,41130.3,3,0,3,10255.2,9465.49,
0,1,0,1613,61460.6,1,0,1,22791.9,36888.3,
2,3,2,1615,112588,269,265,4,19558.1,36686.1,
0,1,0,1622,11173.8,1,0,1,28450,11134.5,
0,1,0,1624,11825.9,1,0,1,28296.7,39442.6,
1,2,1,1624,77168.9,3,1,2,17005.1,16517,
0,1,0,1625,10086.5,1,0,1,27149,36799.8,
2,3,2,1631,152753,67,58,9,36468.2,30554.4,
1,2,1,1632,78805,218,216,2,26291.9,4486.41,
0,1,0,1632,20965.8,2,0,2,7192.72,33166.3,
0,1,0,1636,12591.1,1,0,1,27329.3,26711.9,
0,1,0,1638,14781.3,1,0,1,28240.6,33016.4,
5,6,5,1639,382450,131,117,14,39836.3,31096.8,
2,3,2,1639,431987,34,19,15,31900.9,14055.1,
0,1,0,1644,7874.4,1,0,1,35361.9,31170.2,
0,1,0,1648,143820,4,0,4,12631.6,2660.21,
0,1,0,1650,12095.8,1,0,1,7778.15,1169.04,
0,1,0,1652,56162,1,0,1,36561.4,23088.2,
0,1,0,1656,11109.6,1,0,1,36259.7,25558.7,
32,33,32,1657,1.8674e+06,1319,1245,74,37154.8,37490.6,
0,1,0,1658,14068.9,1,0,1,27139.1,28463.3,
0,1,0,1659,7945.69,1,0,1,20236.1,4321.02,
0,1,0,1662,30835.8,2,0,2,40290,27023.3,
2,3,2,1665,41732.9,29,26,3,30627.1,21299.9,
0,1,0,1667,66821.9,1,0,1,31854.9,21835.5,
0,1,0,1667,7556.51,1,0,1,37726.4,22443.3,
0,1,0,1668,12650.3,1,0,1,1596.36,39179.9,
0,1,0,1672,11898.9,1,0,1,19728.6,38206.1,
5,6,5,1673,163513,363,357,6,11361.7,26360.5,
0,1,0,1675,8981.6,1,0,1,34654.7,37468,
0,1,0,1676,80305.5,2,0,2,28712.6,35225.9,
9,10,9,1686,687846,466,439,27,34453.1,28013.6,
0,1,0,1687,68490.5,2,0,2,31604.1,19958.6,
0,1,0,1688,13967,1,0,1,3216.31,37499.3,
13,14,13,1699,800176,245,213,32,6624.81,19962.4,
0,1,0,1701,964638,43,0,43,1386.19,2514.91,
0,1,0,1701,73081.3,2,0,2,26505.4,32052.3,
0,1,0,1703,14295.4,1,0,1,24578.2,25398.3,
0,1,0,1704,10307,1,0,1,30374.5,29966.5,
0,1,0,1706,64092.9,1,0,1,28642.4,36112.6,
5,6,5,1708,217374,21,12,9,4952.53,33079.4,
0,1,0,1709,62692.3,1,0,1,5042.09,33069.8,
0,1,0,1710,9397.71,1,0,1,20114.7,16542.1,
0,1,0,1710,59477.1,1,0,1,39246.1,28144.7,
0,1,0,1711,60448.8,1,0,1,37151.4,27429.8,
0,1,0,1712,11559.4,1,0,1,39688.9,26490.4,
0,1,0,1713,24665.7,2,0,2,32821,33513.9,
0,1,0,1713,70034.1,2,0,2,37391.9,26099.1,
13,14,13,1714,774190,101,65,36,39557.3,7573.72,
0,1,0,1715,14132,1,0,1,18108.7,10589.4,
0,1,0,1716,19709.6,1,0,1,36575.2,22400.7,
0,1,0,1717,60338.7,1,0,1,30695.8,22519.9,
0,1,0,1718,55785.1,1,0,1,25019,25371.3,
0,1,0,1720,98384.7,4,0,4,12774.1,1393.72,
1,2,1,1720,32972.8,4,1,3,31836.8,2451.5,
0,1,0,1722,65806,1,0,1,38418,36376,
0,1,0,1724,36600.6,1,0,1,15956.1,19472.3,
0,1,0,1727,65971,1,0,1,11728.4,27888.4,
0,1,0,1728,12029.2,1,0,1,30281.9,17741.5,
0,1,0,1730,20200,1,0,1,33372,22255.9,
1,2,1,1734,159839,27,21,6,39348.2,27706.3,
0,1,0,1734,62878.3,1,0,1,19387.9,4247.77,
0,1,0,1735,20996.4,1,0,1,931.741,17964.3,
0,1,0,1735,53762.8,1,0,1,19646.5,4035.32,
5,6,5,1741,152716,407,399,8,4661.01,11057.2,
7,8,7,1743,293949,613,603,10,35458.1,35510.8,
8,9,8,1744,681263,835,806,29,10894.3,30954.4,
0,1,0,1748,18441.8,2,0,2,28171.3,32510.5,
0,1,0,1750,12770.4,1,0,1,35982.9,33007.2,
0,1,0,1750,63205,1,0,1,28380.1,29800,
0,1,0,1751,11448.5,1,0,1,28902.9,29936.8,
22,23,22,1754,907867,182,145,37,12454.1,15596.1,
0,1,0,1754,6671.16,1,0,1,29698.5,23991.9,
0,1,0,1754,10777.1,1,0,1,22826.6,590.245,
0,1,0,1754,13345.7,1,0,1,29663.5,21292.9,
0,1,0,1755,25353.3,1,0,1,22020.1,973.531,
0,1,0,1756,12077.6,1,0,1,31303.1,28949.6,
0,1,0,1761,7941.43,1,0,1,17147.4,527.716,
0,1,0,1762,7757.87,1,0,1,14539,25958.4,
0,1,0,1763,5807.47,1,0,1,31965,16782.9,
0,1,0,1763,62812.1,1,0,1,15056.7,1224.26,
0,1,0,1763,8083.39,1,0,1,34850.1,25495.3,
0,1,0,1763,21374.6,1,0,1,27617.8,35754.3,
0,1,0,1764,28270.7,2,0,2,30636.7,31370.1,
0,1,0,1773,11358.2,1,0,1,26718.1,19553.9,
0,1,0,1775,27705.8,2,0,2,27140.2,18824.2,
0,1,0,1775,24013.9,1,0,1,25751.2,27391,
12,13,12,1775,2.86719e+06,1064,966,98,12173.5,20457.5,
0,1,0,1775,14153.1,1,0,1,26921,39253.5,
0,1,0,1777,58701.8,1,0,1,9460.07,18759.1,
0,1,0,1777,8693.72,1,0,1,25928,26807.3,
0,1,0,1779,17088.8,1,0,1,25769.1,26755.8,
0,1,0,1780,22279.8,2,0,2,22647.9,29346.2,
0,1,0,1780,57550.4,1,0,1,23685.9,29204.4,
0,1,0,1780,13744.6,1,0,1,26366.4,26745.4,
0,1,0,1781,13927.3,1,0,1,30188,32980.7,
16,17,16,1781,1.03585e+06,847,805,42,40297.3,32190.7,
0,1,0,1783,8200.23,1,0,1,34057.6,18837.9,
0,1,0,1783,13542,1,0,1,10767.3,37352.2,
0,1,0,1786,14134,1,0,1,39417.7,39320.8,
1,2,1,1786,159538,97,91,6,25762.3,17118.6,
0,1,0,1790,13961.3,1,0,1,2074.2,33754,
0,1,0,1793,11977.5,1,0,1,35559,37224.1,
0,1,0,1794,56149.4,1,0,1,30327.8,31338.1,
0,1,0,1794,12235.2,1,0,1,38929.3,35459.7,
0,1,0,1795,9704.44,1,0,1,36255.6,15681.3,
1,2,1,1797,19913.2,3,1,2,40088.1,23534.9,
0,1,0,1798,11955.1,1,0,1,21872.8,851.886,
0,1,0,1798,19638,1,0,1,17366.9,26361.1,
1,2,1,1802,68729.4,7,5,2,25623.2,21119.8,
0,1,0,1805,15180.7,1,0,1,28676,32748.9,
0,1,0,1807,5955.05,1,0,1,32900.4,19932.6,
0,1,0,1807,8492.94,1,0,1,10544.6,33547.4,
0,1,0,1808,59983.9,1,0,1,33038.2,19508.4,
0,1,0,1810,9130.78,1,0,1,34029.1,26159.2,
0,1,0,1811,28411.7,1,0,1,24347.1,15511.3,
0,1,0,1812,11346.5,1,0,1,24048.3,16005.6,
0,1,0,1813,54791.9,1,0,1,37444.3,21466.4,
0,1,0,1814,14837.1,1,0,1,13509.5,10889.2,
5,6,5,1814,576429,330,311,19,23227.3,13735,
0,1,0,1815,11881.2,1,0,1,30335,28867.4,
1,2,1,1816,117660,12,7,5,30152.8,34673.8,
0,1,0,1820,65651.8,1,0,1,3273.05,13303.8,
0,1,0,1826,10615.1,1,0,1,18296.7,31389.7,
0,1,0,1832,12575,1,0,1,13081.5,550.965,
0,1,0,1835,80314.5,2,0,2,37089.5,17355.8,
0,1,0,1837,25444.5,3,0,3,3243.64,2709.88,
0,1,0,1838,12350.9,1,0,1,23060.1,4256.01,
0,1,0,1839,12427.3,1,0,1,25569.6,4677.43,
0,1,0,1839,12968.3,1,0,1,39394.5,31418.2,
4,5,4,1841,515938,393,372,21,1221.3,20354.8,
0,1,0,1848,7975.55,1,0,1,33649.3,37744.1,
0,1,0,1848,107079,5,0,5,38311.8,33172.2,
7,8,7,1851,964059,326,292,34,29061.9,1632.45,
0,1,0,1852,8676.21,1,0,1,28818.3,31786.5,
0,1,0,1853,10864.4,1,0,1,9018.02,37713.5,
0,1,0,1857,164297,5,0,5,24046.3,40101.4,
0,1,0,1864,64855.1,1,0,1,22600.5,36696.9,
0,1,0,1869,12029.9,1,0,1,3814.39,34894.8,
0,1,0,1874,86389.8,3,0,3,27705.7,11014.9,
0,1,0,1879,62279.4,1,0,1,26637.5,34110.8,
2,3,2,1880,120558,8,3,5,25668.6,33385.2,
0,1,0,1880,7701.43,1,0,1,27036.6,33575.9,
0,1,0,1882,27402.6,2,0,2,12893.1,9276.84,
2,3,2,1885,225860,45,36,9,36233.9,22151.5,
0,1,0,1886,32680.3,1,0,1,26090.8,24456.5,
1,2,1,1886,146217,8,1,7,29204.5,32995,
0,1,0,1890,57868.7,1,0,1,32316.4,22937.2,
0,1,0,1890,9156.68,1,0,1,37787,31120.1,
0,1,0,1890,13088.9,1,0,1,32239.4,25546.1,
0,1,0,1891,9633.29,1,0,1,37801.7,5554.51,
0,1,0,1893,11183.6,1,0,1,11346.1,20060.5,
0,1,0,1897,9766.96,1,0,1,20491.5,34846.4,
0,1,0,1905,9289.93,1,0,1,39285.3,31089.5,
0,1,0,1906,59250.4,1,0,1,38737.6,35392.4,
0,1,0,1907,20074,2,0,2,38568.5,33074.8,
0,1,0,1907,13019.7,1,0,1,30134.9,23013.6,
1,2,1,1910,79994.9,6,3,3,24459.6,24624,
0,1,0,1910,15034.8,1,0,1,36523.5,40147.2,
0,1,0,1912,11633.1,1,0,1,25872.6,30898.4,
1,2,1,1914,67846.1,6,4,2,39725.2,10574.9,
0,1,0,1915,44658.2,1,0,1,18305.1,31091.1,
0,1,0,1917,12078.3,1,0,1,23166.2,24298.3,
0,1,0,1919,47298.6,4,0,4,32963.9,12681.3,
0,1,0,1921,60863.7,1,0,1,35407.1,15172,
0,1,0,1925,10253,1,0,1,33666.2,29082.6,
0,1,0,1926,10845.3,1,0,1,26101.9,29551.3,
0,1,0,1927,57596.6,1,0,1,26348.6,35987.7,
0,1,0,1928,11901.5,1,0,1,16622.3,542.644,
2,3,2,1928,178604,61,55,6,24761.9,27570.5,
0,1,0,1929,31166.1,1,0,1,32636.7,36177,
2,3,2,1930,499384,45,29,16,9624.45,36935.5,
0,1,0,1931,54899.2,2,0,2,24590.9,24338.8,
0,1,0,1932,50737.2,1,0,1,24038,20813.9,
0,1,0,1936,7520.52,1,0,1,36522.7,29900.1,
0,1,0,1937,16994.7,1,0,1,31519.1,32556.5,
0,1,0,1939,62586.9,1,0,1,35682,26703.7,
5,6,5,1941,470179,245,229,16,16738.6,34391.4,
0,1,0,1942,8745.27,1,0,1,18808.8,10437.3,
0,1,0,1944,19542,1,0,1,2527.81,36104.8,
9,10,9,1954,688961,392,365,27,36155.3,27923.2,
4,5,4,1958,116879,336,329,7,39824.7,40256.6,
0,1,0,1962,16593.2,1,0,1,27243.5,36185.8,
0,1,0,1964,61582.1,1,0,1,32821.7,31574.3,
0,1,0,1969,19129.4,1,0,1,32642.5,30487.9,
2,3,2,1973,40428.3,34,31,3,32011.3,21854.5,
0,1,0,1976,6301.46,1,0,1,17609.1,19109.8,
0,1,0,1977,60639.6,1,0,1,30818.6,26560.6,
0,1,0,1978,7553.76,1,0,1,28266.1,27999,
0,1,0,1979,7962.13,1,0,1,38596.1,32367.5,
5,6,5,1981,256384,96,89,7,39314.9,36151.6,
0,1,0,1981,11849.8,1,0,1,15531,34659.1,
0,1,0,1986,9464.5,1,0,1,14232.8,32027.4,
0,1,0,1986,62992.2,1,0,1,34977.6,1991.14,
0,1,0,1989,83148.1,3,0,3,13156.7,28830.1,
1,2,1,1990,117945,7,4,3,40162,21969.5,
0,1,0,1991,13947.1,1,0,1,22038.7,25242.1,
0,1,0,1991,8536.75,1,0,1,38678.1,28257.7,
0,1,0,1994,155674,6,0,6,14378.4,27771.6,
0,1,0,1996,17688.8,1,0,1,29990,34537.2,
4,5,4,1999,122969,19,14,5,13392.7,14929.2,
0,1,0,1999,8365.7,1,0,1,12452.8,27919.2,
0,1,0,2001,24035,2,0,2,16109,36217.9,
10,11,10,2002,817343,446,415,31,16587.2,29605.8,
0,1,0,2002,9696.13,1,0,1,39616.4,35083.2,
9,10,9,2002,532197,319,296,23,32432.2,19836.1,
2,3,2,2004,80921.1,332,329,3,38920.5,19312.3,
0,1,0,2004,6819.71,1,0,1,35417.3,23509.6,
0,1,0,2005,283104,11,0,11,7721.03,3554.19,
0,1,0,2005,67253.3,1,0,1,12371.3,21298.4,
0,1,0,2007,12099.8,1,0,1,24898.6,22163.9,
0,1,0,2008,57861.3,1,0,1,38903.5,18427.5,
0,1,0,2008,12865.4,1,0,1,25935,21883.5,
0,1,0,2010,56370.4,1,0,1,38251.9,24296.4,
0,1,0,2010,311616,9,0,9,30033.9,35161.9,
0,1,0,2012,10441.3,1,0,1,36391.1,32914.2,
0,1,0,2013,59272.4,1,0,1,12354.1,20317.2,
0,1,0,2016,15272.2,1,0,1,32764.5,25073,
0,1,0,2016,10323.8,1,0,1,38976.5,34153.4,
7,8,7,2017,403272,96,83,13,14333.6,19655.7,
0,1,0,2017,57923.4,1,0,1,7386.92,5535.66,
0,1,0,2019,8639.36,1,0,1,20334.5,30942.2,
0,1,0,2019,11765.1,1,0,1,32661.3,19988.4,
0,1,0,2020,71140.9,2,0,2,25948.2,23748.4,
1,2,1,2024,208105,74,66,8,3464.89,33008.5,
0,1,0,2026,76645.3,2,0,2,19182.1,37603.7,
0,1,0,2029,12820.1,1,0,1,33239.3,35155,
0,1,0,2032,57422.1,1,0,1,26562.3,26301.8,
0,1,0,2035,15472.1,1,0,1,18548.1,35138.3,
0,1,0,2038,109943,4,0,4,38409.7,40024.6,
0,1,0,2038,58031.1,1,0,1,27220.3,11727.9,
0,1,0,2039,132915,6,0,6,4330.27,29990.8,
0,1,0,2043,62985.8,1,0,1,39560.7,16321,
0,1,0,2047,13518,1,0,1,6220.21,40137.8,
0,1,0,2054,23083.5,1,0,1,27693.5,26046.9,
15,16,15,2054,646285,185,163,22,18962.7,28663,
0,1,0,2055,24988,1,0,1,29869.8,33615.9,
0,1,0,2064,7807.2,1,0,1,38115.8,35384,
0,1,0,2068,64989.8,1,0,1,30583.1,29011,
0,1,0,2068,9866.86,1,0,1,10618.6,40168.2,
0,1,0,2083,10105.6,1,0,1,40017.5,16141.3,
0,1,0,2089,21030,1,0,1,32856,15341.5,
7,8,7,2090,1.02341e+06,494,453,41,7075.37,33551.6,
0,1,0,2090,5626.85,1,0,1,33191.3,13139.2,
0,1,0,2090,110733,6,0,6,10742.6,28279.9,
0,1,0,2091,16685.7,1,0,1,38705.6,39997.1,
0,1,0,2092,60416.1,1,0,1,40330.7,16236.5,
0,1,0,2097,7574.28,1,0,1,33856.7,27735.3,
1,2,1,2099,15679,5,3,2,21780.2,14797,
0,1,0,2101,19760.5,1,0,1,31223.1,29017.7,
0,1,0,2102,8708.86,1,0,1,18826.3,20795.6,
15,16,15,2103,723657,771,740,31,11504.4,29416.9,
0,1,0,2105,19540.5,1,0,1,20202.1,28581.5,
0,1,0,2108,8674.41,1,0,1,15916.3,39777.7,
0,1,0,2109,12282.6,1,0,1,5391.92,36958,
0,1,0,2114,16633.7,1,0,1,29388.2,23425.8,
0,1,0,2114,59758.8,1,0,1,35493.6,14477.7,
0,1,0,2115,6770.49,1,0,1,34314.4,25152.5,
0,1,0,2115,10473.9,1,0,1,34747.9,27196.7,
0,1,0,2115,9782.81,1,0,1,36187.2,25819.6,
0,1,0,2116,10765.6,1,0,1,35087.8,27406.7,
0,1,0,2120,16460.7,1,0,1,34289.4,30072.3,
0,1,0,2120,8908.3,1,0,1,9406.82,39752.3,
0,1,0,2125,56587.4,1,0,1,39776,28275.9,
0,1,0,2126,61910.7,1,0,1,32690.6,12479.9,
0,1,0,2134,7229.24,1,0,1,21378,36375.7,
0,1,0,2138,18322.9,2,0,2,26148,33383.2,
0,1,0,2140,55561.6,1,0,1,22617.8,40109.6,
0,1,0,2142,4305.56,1,0,1,31404.7,38449.2,
2,3,2,2144,184032,18,10,8,36191.3,25456.4,
0,1,0,2146,62272.7,1,0,1,39753.8,30414.7,
0,1,0,2148,12903.5,1,0,1,36563.6,28751,
0,1,0,2149,14462.8,1,0,1,37606.3,27666.3,
0,1,0,2149,21302.6,1,0,1,37628.7,29757,
0,1,0,2150,54107.4,1,0,1,1024.24,36228.9,
0,1,0,2150,15589,1,0,1,36479.6,24825,
0,1,0,2151,24477.2,1,0,1,35441.4,26598.8,
0,1,0,2151,60191.1,1,0,1,34375.3,24314.8,
0,1,0,2152,7937.21,1,0,1,35878.1,27306.2,
0,1,0,2153,9256.04,1,0,1,35224.2,27505,
0,1,0,2154,58460.9,1,0,1,9641.96,30647.6,
0,1,0,2154,9470.07,1,0,1,32336.1,29383.2,
0,1,0,2154,102069,3,0,3,33144.1,28831.3,
0,1,0,2155,118535,4,0,4,9396.18,30821.7,
0,1,0,2158,5482.16,1,0,1,32412,16989.7,
0,1,0,2159,63959.6,1,0,1,15960.3,22551.3,
0,1,0,2159,33973.3,1,0,1,40117,33567.1,
0,1,0,2160,15531.3,2,0,2,39474,34280,
0,1,0,2162,130193,3,0,3,39184,35332,
2,3,2,2162,136988,38,34,4,4934.48,33018.4,
3,4,3,2163,940662,118,88,30,22596.7,23801,
0,1,0,2163,6641.51,1,0,1,24510.9,18103.3,
0,1,0,2164,13801.7,1,0,1,39860.8,33950.8,
0,1,0,2164,11042.4,1,0,1,982.521,32344.9,
0,1,0,2165,13358.6,1,0,1,25640.8,20121.7,
2,3,2,2171,352365,36,22,14,8864.7,25384.4,
1,2,1,2182,14789.1,3,1,2,1655.54,39889.1,
0,1,0,2188,13436,1,0,1,37405.1,14234.9,
28,29,28,2188,3.05233e+06,1520,1405,115,36587.2,17129.7,
0,1,0,2194,58569.3,1,0,1,16599.1,1516.8,
0,1,0,2194,12706.8,1,0,1,1266.4,36248.6,
0,1,0,2196,9822.18,1,0,1,33618.7,31629.5,
0,1,0,2196,12588.9,1,0,1,37118.3,34038.8,
0,1,0,2196,30478.5,1,0,1,33036.4,33809.2,
0,1,0,2197,8463.94,1,0,1,33273.5,33557.7,
7,8,7,2197,1.02025e+06,853,807,46,36323.8,15660.4,
0,1,0,2200,7047.75,1,0,1,21807.3,20689.5,
5,6,5,2202,896304,207,170,37,35942.6,21635,
0,1,0,2207,63477.3,1,0,1,30615.1,25166.7,
0,1,0,2210,153683,6,0,6,36736.9,17131.3,
0,1,0,2210,17391.1,1,0,1,31445.8,27501.9,
0,1,0,2212,22159.1,1,0,1,37088.2,28151.5,
0,1,0,2213,12439,1,0,1,31329.9,35787.6,
0,1,0,2215,8607.56,1,0,1,36456.7,21334.9,
0,1,0,2216,14702.8,1,0,1,36715.9,22380.1,
0,1,0,2216,62440.9,1,0,1,34567.7,22442.4,
0,1,0,2216,26279.7,2,0,2,35928.7,33310.5,
0,1,0,2217,60738.2,1,0,1,33718.4,24741.5,
1,2,1,2217,65370.5,11,9,2,31755.2,3382.71,
0,1,0,2217,65851.5,1,0,1,32450.9,21060.7,
0,1,0,2217,35746.9,2,0,2,33531.6,25155.4,
0,1,0,2219,20185.2,1,0,1,32041.9,38703.3,
0,1,0,2222,74370.4,2,0,2,26828.3,13852.1,
0,1,0,2222,26807.7,2,0,2,31937.2,39237.3,
0,1,0,2223,10227,1,0,1,12365.8,37351.3,
0,1,0,2225,60384.2,1,0,1,10000.4,22915,
3,4,3,2227,229758,47,38,9,33146.8,37112.9,
2,3,2,2236,73699.8,10,7,3,29913.4,26645.4,
0,1,0,2237,16732.2,1,0,1,14590,23535.6,
0,1,0,2240,85079,3,0,3,34736.2,27873.4,
0,1,0,2243,11067.6,1,0,1,29667.7,31520.3,
0,1,0,2245,60646.5,1,0,1,22528.8,36752.7,
0,1,0,2245,15237.7,1,0,1,35028.9,33277.7,
0,1,0,2245,5729.39,1,0,1,33412.8,33306.8,
0,1,0,2246,10759.5,1,0,1,32251.9,36286.9,
0,1,0,2247,88554.2,3,0,3,34837,37293.1,
0,1,0,2251,272057,12,0,12,39097.8,24315.9,
2,3,2,2253,106858,9,4,5,15302.7,8192.81,
0,1,0,2253,10227,1,0,1,34051.8,30581,
1,2,1,2257,16371.8,4,2,2,21645.8,1206.47,
0,1,0,2257,6681.49,1,0,1,33671.3,30736.2,
0,1,0,2262,11876.8,1,0,1,32490.9,27966.9,
0,1,0,2263,112517,5,0,5,30180.7,31962.3,
0,1,0,2264,19433.2,2,0,2,18961.7,568.219,
0,1,0,2266,8079.31,1,0,1,16166.5,6477.14,
0,1,0,2266,56169.6,1,0,1,26101.9,21901.8,
0,1,0,2267,16361.5,1,0,1,36564.9,17161.1,
1,2,1,2267,72370.7,187,185,2,27415.7,21549.6,
0,1,0,2275,13327,1,0,1,27809.8,26910.5,
0,1,0,2276,114170,5,0,5,23344.5,22477.8,
0,1,0,2277,6010.54,1,0,1,38666.3,39640.7,
0,1,0,2278,57061.7,1,0,1,32654.8,24071.2,
0,1,0,2279,25336.3,1,0,1,7388.17,13395,
0,1,0,2283,14184.2,1,0,1,6005.21,40132.9,
0,1,0,2284,75075.8,2,0,2,27006.1,36192,
0,1,0,2285,13770.9,1,0,1,29772.4,5243.21,
0,1,0,2288,7686.43,1,0,1,20526.9,25652,
0,1,0,2289,13745.3,1,0,1,11925.9,25269.3,
0,1,0,2289,9311.72,1,0,1,33671.6,19021.7,
0,1,0,2293,11191.9,1,0,1,29620.5,24235.6,
0,1,0,2293,55605.9,1,0,1,20255.5,33858.6,
0,1,0,2294,8491.72,1,0,1,21019,31516.5,
0,1,0,2294,9374.9,1,0,1,33658.3,21315.3,
0,1,0,2295,8186.24,1,0,1,31677.6,19278.5,
0,1,0,2297,55886.3,1,0,1,23275.2,26455.2,
1,2,1,2299,37333.9,4,1,3,5566.67,27883.5,
0,1,0,2300,30743.1,1,0,1,28172.3,24017.5,
1,2,1,2300,91238.8,145,141,4,28421.1,35830.8,
0,1,0,2300,21108.7,1,0,1,1283.64,25187.3,
0,1,0,2300,83517.6,2,0,2,2553.31,37179.2,
0,1,0,2305,9485.64,1,0,1,39383.1,30605.9,
0,1,0,2306,21022.5,2,0,2,39033,31797.5,
8,9,8,2306,1.11087e+06,64,28,36,38686.3,14651,
0,1,0,2306,17499.4,1,0,1,19832.1,37327.3,
0,1,0,2307,17918,1,0,1,27294.9,13790,
0,1,0,2309,11061.1,1,0,1,25234.1,22919.7,
0,1,0,2312,33083.7,1,0,1,5109.07,29885.6,
0,1,0,2313,7314.12,1,0,1,5142.42,30200.9,
0,1,0,2313,9540.46,1,0,1,27465.6,806.472,
0,1,0,2314,20804.8,1,0,1,39850.4,12631.9,
0,1,0,2318,64083.2,1,0,1,24326.3,1097.65,
0,1,0,2318,115403,4,0,4,22646.5,36138.5,
0,1,0,2318,8968.02,1,0,1,2831.73,31305.9,
0,1,0,2322,31454.6,1,0,1,27746.5,33520.6,
12,13,12,2325,892102,612,579,33,12661.3,8766.72,
1,2,1,2326,141049,247,243,4,30352.5,22433.2,
0,1,0,2327,45918.6,4,0,4,37330,25728,
0,1,0,2332,14649.5,1,0,1,17240.4,12204.1,
0,1,0,2334,10442.6,1,0,1,29932.8,29023,
0,1,0,2338,77837.2,2,0,2,22587.1,22764.9,
0,1,0,2346,10168,1,0,1,24525.5,30380,
0,1,0,2347,9273.95,1,0,1,7673.99,40321.4,
0,1,0,2347,18652.6,1,0,1,27566.6,32036.9,
0,1,0,2351,56526.3,1,0,1,26163.4,38187.9,
0,1,0,2352,8621.74,1,0,1,27576.1,30228.3,
7,8,7,2353,135823,882,874,8,25918.4,3434.73,
0,1,0,2354,13519.3,1,0,1,28346.6,2458.15,
0,1,0,2356,12692,1,0,1,33000.3,31046.4,
0,1,0,2357,14558,1,0,1,22707,1152.66,
1,2,1,2357,25168.8,34,32,2,6661.67,40269.6,
0,1,0,2358,58384.2,1,0,1,25983.9,26844.1,
0,1,0,2359,9944.77,1,0,1,26704,16786.3,
0,1,0,2363,55399.6,1,0,1,29485.8,34597.1,
0,1,0,2366,22261,2,0,2,40256.2,20796.5,
8,9,8,2366,501043,1074,1055,19,23289.9,20172.5,
1,2,1,2370,90697.1,4,1,3,37102.8,17326.1,
0,1,0,2373,73299.3,1,0,1,36658,38275.7,
0,1,0,2373,14160.3,1,0,1,20588.7,18671.6,
15,16,15,2374,812591,806,777,29,13416.7,14918.8,
0,1,0,2374,14623.8,1,0,1,33204.9,35900,
0,1,0,2375,20786.8,1,0,1,38492.7,11195,
3,4,3,2377,118150,251,245,6,27740.5,11005.3,
0,1,0,2378,23202.8,1,0,1,36979.6,33534.8,
4,5,4,2385,416356,78,64,14,35080.7,35022.2,
0,1,0,2392,10231.4,1,0,1,35856.7,15032.3,
0,1,0,2393,14456.9,1,0,1,35358.5,14889,
0,1,0,2393,61572.6,1,0,1,37092,11764.4,
0,1,0,2394,11743.7,1,0,1,19085,10236.5,
0,1,0,2395,6810.78,1,0,1,29608.1,22532.8,
0,1,0,2396,58765.5,1,0,1,29603.9,23571.1,
4,5,4,2398,411700,275,261,14,23821.8,7023.49,
0,1,0,2399,51926.3,4,0,4,26747.3,30439,
0,1,0,2403,58535,1,0,1,30559.9,28507.6,
0,1,0,2404,18590.7,1,0,1,30986.9,26771.4,
0,1,0,2404,8134.31,1,0,1,14203.3,16982.1,
3,4,3,2405,157481,511,507,4,33416,25996.1,
0,1,0,2406,59625.5,1,0,1,30200.7,17673.2,
0,1,0,2407,10724.7,1,0,1,9411.87,33479.3,
3,4,3,2414,149105,33,29,4,30295.2,38909.2,
0,1,0,2417,106803,3,0,3,18629.5,18499.7,
0,1,0,2419,70405,2,0,2,36198.6,28551.7,
0,1,0,2421,11610.2,1,0,1,32476.4,36752.2,
0,1,0,2421,28787.2,1,0,1,31436.6,19609.9,
0,1,0,2426,59682.3,1,0,1,19798.9,14458,
0,1,0,2427,12192,1,0,1,26598.2,30946.6,
3,4,3,2427,603467,195,178,17,15289.3,35400.2,
0,1,0,2428,8034.05,1,0,1,6029.06,34046.7,
0,1,0,2428,11505.4,1,0,1,33745.5,2683.32,
0,1,0,2434,71264.6,2,0,2,26378.4,32286.2,
0,1,0,2435,10224.8,1,0,1,29186.3,32948.6,
0,1,0,2445,7220.15,1,0,1,28212.7,31623.9,
0,1,0,2446,64196,1,0,1,26922.5,31590.6,
0,1,0,2446,9904.6,1,0,1,26992.8,30399.7,
0,1,0,2449,7728.81,1,0,1,22163.4,26306,
0,1,0,2454,94425.1,3,0,3,29033.1,18291.7,
1,2,1,2454,80279.1,196,194,2,34432.8,28010.1,
0,1,0,2458,10312.8,1,0,1,20816.1,5327.44,
0,1,0,2459,9167.64,1,0,1,23532,13819,
5,6,5,2461,454304,194,174,20,3075.32,36495.4,
0,1,0,2462,18349.1,1,0,1,29044.5,35539.6,
0,1,0,2466,62726.6,1,0,1,21247.9,6220.81,
0,1,0,2468,11106.8,1,0,1,22931,7255.57,
0,1,0,2468,9775.27,1,0,1,10407.4,16697.3,
0,1,0,2473,7839.73,1,0,1,39174,14785.2,
0,1,0,2475,11727.1,1,0,1,31765.5,13948.5,
0,1,0,2480,58699.8,1,0,1,21910.8,16147.8,
0,1,0,2480,16620.2,1,0,1,14284.7,12114.5,
0,1,0,2482,87959.7,3,0,3,14013,31420.4,
0,1,0,2488,7838.93,1,0,1,14735.7,37130,
0,1,0,2491,14896.9,1,0,1,10962.3,18276.1,
0,1,0,2491,75928,3,0,3,31949.8,15925.5,
0,1,0,2491,12473.5,1,0,1,31847.2,31453.1,
0,1,0,2497,10891.3,1,0,1,31444.7,22191.1,
2,3,2,2497,407714,140,126,14,36311.6,38279.3,
0,1,0,2497,62763.7,1,0,1,17913.1,33435.4,
0,1,0,2498,16626.3,1,0,1,29762,21290.2,
0,1,0,2499,30633.9,2,0,2,23841.4,13600.5,
0,1,0,2500,164127,6,0,6,32482.5,31353.7,
0,1,0,2501,97682.7,4,0,4,19303.1,8468.22,
1,2,1,2501,165868,127,121,6,34764.6,35905.8,
0,1,0,2502,14161.3,1,0,1,22502.4,25077.8,
0,1,0,2504,64128.7,1,0,1,25351.7,13908,
0,1,0,2507,10613.2,1,0,1,30089.2,31717.3,
0,1,0,2509,11797.5,1,0,1,15408.3,23912.7,
0,1,0,2510,13652.2,1,0,1,25066.8,33074.9,
0,1,0,2510,59152.3,1,0,1,25935.7,32638.3,
0,1,0,2513,13909.4,1,0,1,28089.9,32166.3,
0,1,0,2513,17873.7,1,0,1,25943.2,31742.2,
0,1,0,2514,8214.6,1,0,1,29459.1,28680,
0,1,0,2514,60839.8,1,0,1,28604.5,32232.2,
3,4,3,2515,187296,11,3,8,34590,29623.3,
0,1,0,2515,139456,4,0,4,40297.5,1905.82,
0,1,0,2515,17224.3,1,0,1,31388.9,31860.5,
0,1,0,2516,15468.4,1,0,1,30564.9,25256.5,
0,1,0,2517,59803.8,1,0,1,39745.2,33638.6,
0,1,0,2518,143984,1,0,1,38562.4,32812.5,
0,1,0,2518,16766.8,1,0,1,38910.5,35665,
1,2,1,2519,72858,8,6,2,6413.88,25396.1,
9,10,9,2521,888545,311,274,37,35650.3,35504.3,
0,1,0,2524,62182.8,1,0,1,22207.4,20362.7,
2,3,2,2526,401891,150,136,14,38125.1,19401.5,
0,1,0,2532,79748.2,3,0,3,8829.96,18617,
25,26,25,2532,1.25243e+06,202,157,45,37001.3,29741.8,
6,7,6,2535,183602,171,164,7,40169.6,21955.4,
0,1,0,2535,57127.1,1,0,1,8734.94,18259.2,
0,1,0,2536,6130.1,1,0,1,10351.5,40162.5,
0,1,0,2537,7859.88,1,0,1,17305.2,37929.1,
0,1,0,2539,14483.3,1,0,1,13856.5,963.68,
0,1,0,2540,63339.9,1,0,1,36730.5,22188.3,
0,1,0,2541,7001.2,1,0,1,24308,26916.3,
0,1,0,2542,15561.8,1,0,1,14971.9,17609.2,
0,1,0,2544,12990.4,1,0,1,39563.1,36658.2,
1,2,1,2545,78974.3,46,44,2,8583.85,34264.8,
0,1,0,2547,58281.3,1,0,1,25775.7,37279.5,
3,4,3,2547,312523,98,83,15,36828.4,29430.2,
0,1,0,2549,63622.5,2,0,2,32604.8,35202,
0,1,0,2550,10366.6,1,0,1,29553.3,29238.3,
0,1,0,2550,71562.8,2,0,2,37423.9,30828,
23,24,23,2551,655887,1087,1055,32,26579.9,21223.5,
0,1,0,2552,13149.5,1,0,1,29979.5,28166.2,
9,10,9,2552,1.20927e+06,387,347,40,20015.3,4325.33,
0,1,0,2553,12897.2,1,0,1,31563.4,30195.7,
0,1,0,2554,8205,1,0,1,34717.6,24787.3,
0,1,0,2555,21563.6,1,0,1,33949.1,23975,
10,11,10,2555,836256,563,531,32,36243.3,24023.7,
0,1,0,2556,89118.9,3,0,3,36295.8,24293.9,
0,1,0,2558,21016.2,2,0,2,15096,40079.1,
0,1,0,2559,7460.82,1,0,1,33149.7,28586.4,
0,1,0,2560,15768.1,1,0,1,33597.7,28519.1,
0,1,0,2560,59469.8,1,0,1,32746,28101.7,
0,1,0,2561,11040.2,1,0,1,33670.4,28041.2,
0,1,0,2562,13186.5,1,0,1,31137.4,11880,
2,3,2,2562,33984,40,37,3,31831.3,3344.88,
2,3,2,2570,101817,228,225,3,1243.61,20354.4,
6,7,6,2572,215418,335,328,7,23702.4,18898.5,
0,1,0,2573,29478.2,3,0,3,30804.2,16597.9,
0,1,0,2575,65720.8,1,0,1,11358.9,33161.7,
0,1,0,2576,19719.8,2,0,2,28348.9,26024.7,
0,1,0,2580,71778.2,2,0,2,1907.32,26857.8,
0,1,0,2581,10305.2,1,0,1,4468.14,36520,
0,1,0,2583,11648.3,1,0,1,14898.1,4667.06,
0,1,0,2583,64202.6,1,0,1,31417,22887,
0,1,0,2583,8548.59,1,0,1,30844.6,22298.9,
0,1,0,2584,7627.8,1,0,1,37517.9,16613.4,
0,1,0,2584,12284.7,1,0,1,25219.9,29316.7,
0,1,0,2585,66958.9,2,0,2,26093.6,28115.3,
0,1,0,2586,13893,1,0,1,31596.4,18740.3,
0,1,0,2586,74012.7,2,0,2,6621.44,39736.6,
0,1,0,2587,12117.1,1,0,1,32412.6,19435.9,
0,1,0,2589,6222.85,1,0,1,3091.45,34076.3,
0,1,0,2589,7074.56,1,0,1,37033.6,18901.8,
0,1,0,2589,64560.3,1,0,1,4756.41,38907.9,
0,1,0,2590,6908.79,1,0,1,34465,29721.3,
0,1,0,2593,12322.6,1,0,1,34789.8,20271.1,
0,1,0,2594,58253.2,1,0,1,36377.4,19732.4,
0,1,0,2597,10163.7,1,0,1,13276.4,28385.9,
0,1,0,2597,7770.61,1,0,1,34927.5,17889.7,
0,1,0,2597,9337.47,1,0,1,29896.8,24791.1,
0,1,0,2598,12996.4,1,0,1,38586,31961,
0,1,0,2599,6016.44,1,0,1,7736.98,40100.6,
0,1,0,2600,63587.6,1,0,1,29184.5,23864.5,
5,6,5,2600,849525,415,380,35,22607.3,23805.7,
0,1,0,2601,26852.1,1,0,1,25744,7168.72,
0,1,0,2601,18828.5,1,0,1,25484.4,32605,
0,1,0,2602,83514.7,2,0,2,38956.2,26249.4,
0,1,0,2603,12113.9,1,0,1,29539.8,31423.4,
0,1,0,2607,31772.2,2,0,2,6959.45,33762.4,
0,1,0,2610,10164.4,1,0,1,37078.1,29929.1,
0,1,0,2610,58225,1,0,1,38447.5,31531.2,
0,1,0,2610,63512,4,0,4,26860.6,24653,
0,1,0,2611,57328.2,1,0,1,23014.2,20227.4,
0,1,0,2615,24308.3,3,0,3,27721.4,29550.7,
0,1,0,2618,61520,1,0,1,27858.8,29067.1,
0,1,0,2621,12354.7,1,0,1,22364.9,30765.1,
0,1,0,2624,11969.7,1,0,1,26304.1,36285.9,
0,1,0,2630,10993.2,1,0,1,10577.7,37843.6,
0,1,0,2632,34870.6,2,0,2,39951.9,35021.8,
0,1,0,2632,61174.5,1,0,1,36946.5,22633.3,
0,1,0,2633,8972.91,1,0,1,36931.8,22863.1,
0,1,0,2633,20125.8,2,0,2,16854.5,34140.9,
0,1,0,2634,6167.19,1,0,1,36164,21792,
0,1,0,2636,70792,2,0,2,27134.1,39846,
0,1,0,2637,16990.9,1,0,1,29986.1,22720.3,
0,1,0,2638,10668,1,0,1,10820.9,14114.2,
0,1,0,2640,61622.9,1,0,1,23073.8,15921.4,
0,1,0,2646,11230.6,1,0,1,35199.6,29055.7,
0,1,0,2647,6665.39,1,0,1,36347.8,7426.89,
0,1,0,2652,29424.8,1,0,1,32112,29674.2,
4,5,4,2653,229106,161,153,8,32786.7,38883.7,
0,1,0,2653,13403.1,1,0,1,31054.8,11501.3,
0,1,0,2657,11887.3,1,0,1,39502,32120.6,
4,5,4,2658,194805,90,80,10,33210,34574.6,
0,1,0,2660,11211.7,1,0,1,17076.2,31714.5,
0,1,0,2662,5660.93,1,0,1,39852.3,39899.7,
0,1,0,2664,75270.4,2,0,2,25201.1,32861.6,
0,1,0,2668,8628.21,1,0,1,35071.1,29582.7,
12,13,12,2670,1.31381e+06,559,514,45,23874.5,36644.8,
0,1,0,2672,43682.3,3,0,3,2471.75,5307.89,
0,1,0,2674,107470,4,0,4,7273.29,27273.4,
2,3,2,2680,271302,14,3,11,35796.5,18355.7,
0,1,0,2680,14691.6,1,0,1,33233.5,35024.1,
0,1,0,2681,60996,1,0,1,34681.6,37636.1,
0,1,0,2681,17143.2,1,0,1,39334.7,26277.7,
2,3,2,2690,30845.6,269,266,3,40310.9,20728.2,
0,1,0,2692,63128.9,1,0,1,36315.5,37705.2,
0,1,0,2693,13637,1,0,1,36126.9,38224.3,
0,1,0,2693,9037.84,1,0,1,35838.2,36984.1,
0,1,0,2694,23104.9,1,0,1,35620.2,36582.8,
0,1,0,2695,61971.1,1,0,1,25257.7,17899.6,
0,1,0,2696,14991.2,1,0,1,33179.6,29850.6,
0,1,0,2696,18485.8,1,0,1,30606.7,32667.1,
0,1,0,2697,9983.43,1,0,1,27088.8,16351.6,
0,1,0,2698,20733.3,1,0,1,33684.3,25476,
0,1,0,2698,76420.2,2,0,2,13626,18746.8,
0,1,0,2699,32793.2,1,0,1,34178.9,11136.5,
0,1,0,2701,23836.7,1,0,1,16599,632.188,
0,1,0,2701,14601.5,1,0,1,34508.9,10565.9,
0,1,0,2703,69576.2,2,0,2,28543.9,30130.4,
0,1,0,2705,11986.8,1,0,1,36644.1,15506.2,
0,1,0,2706,17402.6,1,0,1,37614.8,16420.5,
1,2,1,2708,202757,73,66,7,7802.43,38332.6,
0,1,0,2708,12632.9,1,0,1,30542.3,22302,
0,1,0,2712,16600.1,2,0,2,3050.6,7786.18,
4,5,4,2714,670823,166,137,29,35952.5,21633.4,
0,1,0,2715,7586.9,1,0,1,33934.3,27243.7,
0,1,0,2718,40276.8,1,0,1,34320.5,34883.9,
0,1,0,2723,10850.5,1,0,1,20595.1,9450.1,
0,1,0,2724,22424.6,1,0,1,39607.1,33082.8,
0,1,0,2729,60621.5,1,0,1,24005.2,27047.9,
0,1,0,2730,13158.9,1,0,1,28460,26486.7,
0,1,0,2732,60789.2,1,0,1,31142.4,37698.2,
0,1,0,2734,42911.3,1,0,1,28928.6,13630.3,
0,1,0,2736,13124.8,1,0,1,28957.5,10471,
5,6,5,2738,1.22916e+06,302,259,43,35536.5,10345.2,
0,1,0,2739,11483.1,1,0,1,37744.1,36576.1,
2,3,2,2743,282482,10,2,8,3670.19,37672.7,
0,1,0,2750,10102.4,1,0,1,28798.6,39423.6,
0,1,0,2750,25878.4,1,0,1,25661.7,21135.9,
0,1,0,2750,11978.5,1,0,1,27739.5,1444.04,
0,1,0,2754,56391.1,1,0,1,24233.2,24443.1,
0,1,0,2758,12359,1,0,1,38286.8,11458.1,
0,1,0,2758,64707.8,1,0,1,37389,11213.9,
0,1,0,2759,11736.9,1,0,1,11082.3,22981.8,
2,3,2,2759,180212,171,166,5,35363.9,35498.4,
0,1,0,2762,8202.7,1,0,1,31764.2,28213.8,
0,1,0,2765,207030,7,0,7,38990.5,3392.23,
0,1,0,2772,13431.4,1,0,1,39706.7,16401.3,
0,1,0,2779,221389,6,0,6,14810.2,16509.7,
0,1,0,2779,9050.31,1,0,1,38396.4,28122.8,
0,1,0,2780,60123.1,1,0,1,24625.8,25177.3,
0,1,0,2782,6771.81,1,0,1,32536,5383.39,
0,1,0,2792,80055.6,3,0,3,32661.3,16315.9,
0,1,0,2793,9318.49,1,0,1,38339.2,31809.5,
0,1,0,2794,11820.5,1,0,1,36600.2,37538.9,
0,1,0,2796,145385,4,0,4,23212.4,24950.1,
0,1,0,2802,59508.3,1,0,1,17252.2,26230.7,
0,1,0,2805,9191.73,1,0,1,30730.6,9619.37,
13,14,13,2805,729776,320,293,27,38932.5,19312.3,
2,3,2,2806,141764,225,221,4,11386.7,26341.8,
0,1,0,2807,63250.9,1,0,1,15048.2,32116.4,
0,1,0,2808,16115.2,1,0,1,15047.2,31744.5,
16,17,16,2809,2.36691e+06,1172,1074,98,17348.8,3011.4,
0,1,0,2813,10579,1,0,1,37880.5,22298.1,
8,9,8,2815,391773,584,566,18,35770.4,13299.3,
5,6,5,2816,535384,405,383,22,39698.6,12781.5,
0,1,0,2817,10797.5,1,0,1,29065.8,35707.9,
2,3,2,2819,83928.5,187,184,3,22599.2,22772.8,
0,1,0,2821,16067.8,1,0,1,33334.7,28649.7,
0,1,0,2821,17534.9,1,0,1,32716,28407.6,
0,1,0,2822,9978.45,1,0,1,39691,34493.2,
0,1,0,2822,60790.2,1,0,1,32721.1,30196.4,
0,1,0,2825,26944.3,2,0,2,28978.1,29118.6,
0,1,0,2828,77765,2,0,2,14636,2581.95,
12,13,12,2830,1.70621e+06,1123,1061,62,27259.3,22124.4,
0,1,0,2836,13896.5,1,0,1,32866.7,30668.4,
0,1,0,2837,60335.8,1,0,1,12714.4,2358.38,
0,1,0,2838,23624,1,0,1,31992.5,31147.3,
0,1,0,2839,20948.9,1,0,1,31666.6,31170.8,
0,1,0,2840,59698,1,0,1,31062.5,30984,
0,1,0,2842,21877.9,1,0,1,37970.7,24287.5,
0,1,0,2852,5290.62,1,0,1,22697.3,28071.6,
0,1,0,2861,8359.1,1,0,1,15598.5,34519.3,
1,2,1,2866,91135.8,6,2,4,11571.9,39314.9,
0,1,0,2867,150305,8,0,8,14455.1,22744.5,
0,1,0,2872,62839.6,1,0,1,38753.7,38363,
11,12,11,2872,1.68597e+06,1042,978,64,16595.1,29605.5,
8,9,8,2878,444599,333,313,20,31519,39101.8,
0,1,0,2878,12043.8,1,0,1,31765.7,22735.4,
1,2,1,2882,199572,15,8,7,2523.45,36113.2,
0,1,0,2899,10133.5,1,0,1,31055,22609.7,
0,1,0,2901,15175.6,1,0,1,29571.5,29379.1,
0,1,0,2902,13464.8,1,0,1,39531.4,12773.8,
2,3,2,2904,228159,23,12,11,38962.9,26777.5,
0,1,0,2906,12946.6,1,0,1,35434.8,25521.4,
0,1,0,2906,9569.41,1,0,1,5079.68,36400.6,
0,1,0,2907,143129,4,0,4,7687.69,36706.9,
0,1,0,2909,59868.5,1,0,1,4172.28,36796.9,
0,1,0,2911,12563.1,1,0,1,14954.8,18752,
0,1,0,2912,15771.2,1,0,1,34102.2,38139.4,
0,1,0,2916,36444.2,3,0,3,37254.5,36220.9,
0,1,0,2916,13638.5,1,0,1,35240.8,29430,
0,1,0,2917,13691.5,1,0,1,574.25,25114.3,
0,1,0,2920,9762.37,1,0,1,36028.3,26250.2,
0,1,0,2921,9624.86,1,0,1,37423.8,32037,
0,1,0,2921,14163.9,1,0,1,35910.8,26097.3,
0,1,0,2922,65191.7,1,0,1,36491.2,30520.4,
0,1,0,2922,7046.88,1,0,1,36569.3,29385.1,
0,1,0,2922,8978.57,1,0,1,36738.4,30599.3,
0,1,0,2923,14261.1,1,0,1,39559.5,31424.8,
0,1,0,2924,12310.1,1,0,1,2915.07,17874.2,
0,1,0,2925,75255.8,2,0,2,14712.4,34906,
0,1,0,2927,4083.94,1,0,1,18061.5,37140.3,
0,1,0,2927,13947.1,1,0,1,16896.3,37219.6,
3,4,3,2928,469127,101,81,20,14808.7,32617.5,
0,1,0,2928,12834.7,1,0,1,15718.5,39477,
0,1,0,2929,62872.4,1,0,1,24191.4,30326.2,
0,1,0,2929,10501.5,1,0,1,23628.9,34574.6,
0,1,0,2929,8694.79,1,0,1,25530.1,30055.4,
0,1,0,2930,12395.6,1,0,1,36336.2,33141.2,
0,1,0,2931,14580.8,1,0,1,34888.8,32954.8,
0,1,0,2932,61642.2,1,0,1,39097.9,34454.7,
0,1,0,2933,10383.8,1,0,1,28856.7,33869.7,
0,1,0,2936,12720.2,1,0,1,30456,19722.9,
0,1,0,2937,157857,5,0,5,28715.1,32267.9,
0,1,0,2944,11636.5,1,0,1,24648.1,33718.7,
0,1,0,2945,28699.7,2,0,2,25361.2,25937.6,
0,1,0,2946,16481.5,1,0,1,26497.5,35462.5,
2,3,2,2948,88898.9,515,512,3,32243.7,35450.5,
13,14,13,2952,1.488e+06,975,911,64,31057.9,3175.64,
0,1,0,2955,20559.3,2,0,2,2752.67,21614.5,
0,1,0,2956,61113.8,1,0,1,38515.3,35945.6,
0,1,0,2957,55930.2,1,0,1,32058,21816.6,
0,1,0,2961,16734.7,1,0,1,33044.8,24558.2,
0,1,0,2962,9705,1,0,1,807.609,40290.7,
0,1,0,2962,57509.2,1,0,1,33132.1,27647,
0,1,0,2964,12851.2,1,0,1,29973.5,39368.6,
0,1,0,2964,6374.2,1,0,1,35671.7,32833.8,
0,1,0,2968,59440.9,1,0,1,23591.3,24350.1,
0,1,0,2970,11913.4,1,0,1,28821.4,19552.2,
0,1,0,2971,60788.2,1,0,1,27912.2,18857.8,
0,1,0,2972,7221.91,1,0,1,23050.7,17486,
0,1,0,2972,9475.22,1,0,1,26530.9,17238.8,
0,1,0,2973,13944.8,1,0,1,32559.1,22062.8,
0,1,0,2975,73055.6,2,0,2,26545.8,17617.1,
0,1,0,2977,55926,1,0,1,24380,33768.4,
6,7,6,2978,761858,992,961,31,37420.1,14198.8,
0,1,0,2978,25045.9,1,0,1,23421,33645.3,
0,1,0,2979,8688.99,1,0,1,25204.7,17343.1,
0,1,0,2980,58784.9,1,0,1,26110.5,27144.6,
0,1,0,2983,13048.2,1,0,1,21252.7,7673.29,
0,1,0,2985,13588.4,1,0,1,39376.7,24771,
0,1,0,2985,73393.1,2,0,2,39848.3,24363.8,
0,1,0,2991,70313.3,1,0,1,22862.9,28101.3,
0,1,0,2998,7038.66,1,0,1,661.748,24900.6,
0,1,0,3000,12267.3,1,0,1,974.547,25015.6,
0,1,0,3001,59872.1,1,0,1,1321.53,25671.6,
0,1,0,3001,15853.6,1,0,1,13149.8,34276.1,
0,1,0,3002,10373.9,1,0,1,33769.9,34293.2,
0,1,0,3002,8098.02,1,0,1,35055.4,34932.9,
0,1,0,3003,60507.5,1,0,1,37671.1,29034.7,
0,1,0,3003,13246.8,1,0,1,3558.05,27930.4,
0,1,0,3007,8710.74,1,0,1,2205.23,14783.3,
0,1,0,3011,15060.2,1,0,1,31810.7,31329.1,
5,6,5,3012,104092,359,353,6,34476,27998.1,
0,1,0,3013,61692.6,1,0,1,29609.1,32089.7,
0,1,0,3013,17709.9,2,0,2,15938.6,4499.59,
0,1,0,3014,15277.5,1,0,1,30125.5,31834,
0,1,0,3019,60239.9,1,0,1,2056.14,20493.7,
0,1,0,3019,35826.9,2,0,2,39595.5,33770.1,
0,1,0,3020,62734.8,1,0,1,38107.8,31351.2,
0,1,0,3020,9384.95,1,0,1,40046,30734.8,
0,1,0,3022,15806.3,1,0,1,29109.4,29936.4,
6,7,6,3023,302309,289,277,12,34775.9,35925.6,
0,1,0,3023,20037.5,2,0,2,28676.4,29752.6,
0,1,0,3026,11789.8,1,0,1,26370.8,36862.2,
0,1,0,3030,57663.1,1,0,1,36846.4,32149.1,
0,1,0,3030,12344.8,1,0,1,37718.3,33251.7,
0,1,0,3033,12411.6,1,0,1,39437.5,34458.8,
0,1,0,3035,75348.7,3,0,3,21387.3,30021.5,
0,1,0,3036,74889.5,3,0,3,27741.2,10987.2,
0,1,0,3038,13199.6,1,0,1,9963.63,37536,
0,1,0,3043,8787.6,1,0,1,31837.4,38052.4,
2,3,2,3044,398056,177,162,15,12495.2,2946.52,
0,1,0,3044,11436.1,1,0,1,33990.8,37787.5,
0,1,0,3044,15871.4,1,0,1,26119.6,34524.9,
0,1,0,3048,59520.9,1,0,1,9030.97,37668,
0,1,0,3048,11983.1,1,0,1,38386.9,39113.9,
1,2,1,3050,166606,45,40,5,5923.14,39343.8,
0,1,0,3055,8172.39,1,0,1,20446.7,21553.3,
0,1,0,3057,14952.1,1,0,1,33737.7,17929,
0,1,0,3057,12225.1,1,0,1,6111.42,33605.9,
0,1,0,3059,60180.7,1,0,1,31143.6,20683.6,
0,1,0,3060,106487,4,0,4,30767.1,19183.2,
0,1,0,3061,65506.3,1,0,1,14405.1,19701.6,
0,1,0,3065,179393,6,0,6,25430.2,33209.8,
0,1,0,3066,12523.3,1,0,1,15099.5,34745.4,
0,1,0,3067,20802.1,1,0,1,5281.21,37224.4,
0,1,0,3071,4440.88,1,0,1,34885.4,35140.3,
0,1,0,3072,10287,1,0,1,15891.6,18747.3,
0,1,0,3080,62875.9,1,0,1,39708.5,39819.7,
1,2,1,3081,71069.7,3,1,2,11201.5,27688.6,
0,1,0,3084,7056.23,1,0,1,38884.4,31559.7,
0,1,0,3085,29632.1,1,0,1,38286,30750.9,
1,2,1,3086,227257,26,18,8,16254.5,26780,
0,1,0,3092,11344.5,1,0,1,28373.4,8540.86,
1,2,1,3095,118813,6,3,3,32902.9,24279.1,
0,1,0,3097,89711.5,2,0,2,37228.3,26323,
0,1,0,3098,12644.4,1,0,1,22110.8,33017.8,
1,2,1,3103,43654.4,213,211,2,8679.55,10023.5,
21,22,21,3105,1.42164e+06,856,802,54,31243.3,14197.6,
0,1,0,3105,28765.3,2,0,2,36696,36814.5,
5,6,5,3105,673883,341,320,21,40240.9,33292.1,
0,1,0,3112,24979,1,0,1,9109.62,20770.4,
0,1,0,3112,138582,3,0,3,9422.43,9928.39,
0,1,0,3112,9848.56,1,0,1,35420.2,26295.1,
0,1,0,3113,13768.6,1,0,1,28196.1,18593.4,
0,1,0,3113,11728.7,1,0,1,6608.89,37920,
0,1,0,3114,62913.2,1,0,1,13399.8,38691.6,
0,1,0,3114,11904.5,1,0,1,34885.9,27222.3,
0,1,0,3115,57936.6,1,0,1,38911.8,36972.2,
14,15,14,3116,877360,268,237,31,30488.7,17008.4,
1,2,1,3117,109886,8,3,5,32883.7,34122.6,
0,1,0,3117,13330.1,1,0,1,33897,33750,
0,1,0,3118,62457.1,1,0,1,31580,21301.8,
0,1,0,3119,13341.3,1,0,1,33182.2,24165.3,
0,1,0,3120,15609.5,1,0,1,30211.6,22906.1,
0,1,0,3126,74404.7,2,0,2,26591.4,36685.8,
0,1,0,3126,30528.6,2,0,2,22399.8,28063.9,
0,1,0,3132,57032.3,1,0,1,35985.1,22139.7,
0,1,0,3133,11668.7,1,0,1,38205,31491.7,
0,1,0,3138,5168.77,1,0,1,25891.7,21956.3,
0,1,0,3139,60904.6,1,0,1,29243.1,38555.1,
0,1,0,3142,7721.93,1,0,1,37477.6,12784.3,
0,1,0,3147,13192.5,1,0,1,12299.5,18836.4,
1,2,1,3148,167549,7,1,6,8266.81,20643.4,
0,1,0,3149,63062.8,1,0,1,38655.9,31651.5,
0,1,0,3149,19603.9,1,0,1,37289.9,33365.4,
0,1,0,3150,15181.9,1,0,1,23980.4,27845.7,
0,1,0,3150,31723.7,1,0,1,36128.4,30600.5,
0,1,0,3150,10564.7,1,0,1,37572.2,29765.7,
0,1,0,3152,8998.53,1,0,1,26557.1,21718.7,
0,1,0,3156,62384.6,1,0,1,38975,27766.9,
0,1,0,3158,32044.1,3,0,3,36432.6,696.39,
0,1,0,3159,65081.3,1,0,1,3489.92,22416.2,
0,1,0,3165,13673.3,1,0,1,32475.9,18379.5,
8,9,8,3169,458725,294,274,20,26928.7,25124.8,
7,8,7,3169,328991,242,229,13,12355.7,25064,
0,1,0,3169,16526.2,1,0,1,13532.3,35216.2,
7,8,7,3178,268337,193,183,10,32073.5,21536.5,
5,6,5,3182,395958,48,35,13,24841.7,30039.4,
0,1,0,3182,111765,5,0,5,7810.64,38346.1,
0,1,0,3182,17791.6,1,0,1,39780.6,32214.5,
0,1,0,3183,11619.9,1,0,1,39463.4,32052.3,
0,1,0,3184,61653.6,1,0,1,27685.2,19085.7,
11,12,11,3184,1.30742e+06,391,338,53,22994.3,31727.1,
0,1,0,3189,10100,1,0,1,27960.1,32747.5,
0,1,0,3193,14536.7,1,0,1,20466.8,36531.3,
5,6,5,3197,372185,384,369,15,33440.3,31240.4,
0,1,0,3198,14668.4,1,0,1,40174.3,21967.4,
2,3,2,3198,349594,182,166,16,14316.3,18351.9,
0,1,0,3199,13476,1,0,1,26116.8,4654.75,
0,1,0,3201,7863.34,1,0,1,1384.23,33152.4,
0,1,0,3206,63460,1,0,1,31628.3,36911.1,
5,6,5,3207,243299,251,240,11,39231.8,28091.3,
0,1,0,3207,61872.2,1,0,1,39201.9,36321.5,
0,1,0,3207,11729.7,1,0,1,31655.2,34781.3,
0,1,0,3209,13092.4,2,0,2,38300.9,36595.3,
0,1,0,3216,55615.3,1,0,1,11260,18799.1,
0,1,0,3219,11456.5,1,0,1,23422.6,26840.5,
0,1,0,3219,12467.7,1,0,1,32788.3,13518.2,
0,1,0,3225,11686.5,1,0,1,39501.1,32541.9,
0,1,0,3229,14355.8,1,0,1,8673.65,13538.4,
0,1,0,3231,11707.8,1,0,1,32233,5182.77,
0,1,0,3232,13832.3,1,0,1,2911.27,38595.2,
0,1,0,3233,16256.6,1,0,1,5289.94,4405.01,
0,1,0,3235,14571.4,1,0,1,6437,31354.4,
0,1,0,3236,61426.4,1,0,1,27202.9,23201.7,
1,2,1,3239,440322,23,4,19,13760.9,22049.6,
0,1,0,3240,42841.6,3,0,3,25680.2,38696.8,
0,1,0,3245,60286.8,1,0,1,30173.6,30550.3,
0,1,0,3246,61587.3,1,0,1,25648.2,15043.8,
0,1,0,3249,12123.3,1,0,1,13898.3,16562.8,
0,1,0,3253,61335.5,1,0,1,29597.4,4608.06,
0,1,0,3254,14118.8,1,0,1,25779.5,7118.04,
0,1,0,3254,53020.6,1,0,1,12579,25802.2,
0,1,0,3255,11062.4,1,0,1,33204.3,1768.64,
0,1,0,3261,12797.2,1,0,1,33370.4,868.241,
0,1,0,3262,94953.4,4,0,4,32336.1,16511.7,
0,1,0,3263,70425,2,0,2,25869,37214,
0,1,0,3266,14485.3,1,0,1,32545.6,1678.65,
0,1,0,3266,22584.9,2,0,2,24015,36805.4,
0,1,0,3268,76008.6,2,0,2,27461.9,33313.4,
10,11,10,3268,1.19707e+06,562,531,31,25204.8,22875.1,
0,1,0,3269,10418.6,1,0,1,35908.4,21627.9,
0,1,0,3271,76072.3,2,0,2,11476.6,31746.5,
2,3,2,3271,409487,56,38,18,27894.9,3568.81,
0,1,0,3272,15141.8,1,0,1,18632.8,23227.8,
0,1,0,3275,9590.83,1,0,1,28800,32187.3,
0,1,0,3285,15633.4,1,0,1,15519.2,32684.8,
2,3,2,3295,118792,134,131,3,1244.12,20354.4,
0,1,0,3299,5418.84,1,0,1,39246.9,26701.5,
0,1,0,3301,10854.9,1,0,1,30515.9,35297.1,
0,1,0,3302,55295.6,1,0,1,29687.6,38971.4,
0,1,0,3304,8960.2,1,0,1,33523.1,24479.3,
0,1,0,3304,10325.3,1,0,1,17922.5,2332.6,
7,8,7,3306,1.54466e+06,604,541,63,19501.5,8197.5,
0,1,0,3309,11976.8,1,0,1,38728.5,30927.6,
0,1,0,3310,13143.5,1,0,1,7276.49,11421,
8,9,8,3310,271105,73,63,10,32914.7,27226.1,
0,1,0,3317,7245.44,1,0,1,38371.9,35937.7,
0,1,0,3328,6650.34,1,0,1,6886.08,37081.3,
0,1,0,3330,7619.93,1,0,1,36335.5,25524.7,
0,1,0,3330,62937.1,1,0,1,38342.5,31658.4,
0,1,0,3330,11991.6,1,0,1,39224.9,31683.4,
0,1,0,3331,13980,1,0,1,39508.4,31722.8,
0,1,0,3333,11241.3,1,0,1,37885.9,21327.8,
0,1,0,3333,57974.2,1,0,1,37820.4,25093.7,
0,1,0,3333,9199.96,1,0,1,37876.4,23689.4,
0,1,0,3335,8940.72,1,0,1,25635.3,21107.4,
1,2,1,3343,69598.8,4,2,2,35071.5,11459.6,
0,1,0,3343,17336.8,1,0,1,35445.3,33299,
0,1,0,3346,61510.3,1,0,1,32997.5,17166.2,
0,1,0,3351,12303.1,1,0,1,27959.4,40336.5,
0,1,0,3354,15940.1,1,0,1,14836.3,33822.2,
0,1,0,3354,8524.53,1,0,1,36165.3,26046.8,
0,1,0,3354,9678.05,1,0,1,33564.4,34513,
0,1,0,3354,62696.7,1,0,1,36587.5,35674.2,
4,5,4,3356,244844,220,212,8,26060.2,37938.9,
0,1,0,3360,7616.1,1,0,1,7963.25,26063.5,
15,16,15,3361,580465,97,70,27,3175.08,18597.7,
8,9,8,3361,427138,440,420,20,37095.6,17322,
0,1,0,3365,10410.8,1,0,1,28295,34401.4,
0,1,0,3367,25070.3,1,0,1,27971.3,36475.3,
0,1,0,3368,11049,1,0,1,33247.3,15979.6,
0,1,0,3368,66684,1,0,1,23283.6,37321.7,
0,1,0,3369,12384.2,1,0,1,16250,38342.1,
0,1,0,3371,63101.5,1,0,1,35411.9,36774.6,
0,1,0,3372,150592,9,0,9,16105.5,1966.07,
0,1,0,3373,123706,6,0,6,3858.35,11064.6,
0,1,0,3373,13850.6,1,0,1,23996,30233.5,
0,1,0,3373,11179.8,1,0,1,25902.3,30197.5,
0,1,0,3377,148614,4,0,4,34128.5,28114.2,
0,1,0,3378,12417.8,1,0,1,29918.3,26570.8,
0,1,0,3381,14857.8,1,0,1,31643.9,28033.3,
0,1,0,3381,9079.71,1,0,1,16503.6,2582.08,
0,1,0,3381,11151.3,1,0,1,34455.3,27610.2,
0,1,0,3382,12695.7,1,0,1,31429,27698.4,
0,1,0,3386,9852.64,1,0,1,33988.2,37309.2,
1,2,1,3386,224447,45,39,6,32461.4,24616.9,
0,1,0,3389,6023.29,1,0,1,36344.5,19237.4,
0,1,0,3390,75089.3,2,0,2,37416.6,19063,
0,1,0,3391,63674.8,2,0,2,6367.85,36192.9,
0,1,0,3397,14226.8,1,0,1,30953.7,31848,
0,1,0,3401,21898.1,1,0,1,34238.6,31139.4,
0,1,0,3402,11788.1,1,0,1,36463.2,32629.9,
0,1,0,3404,68994.5,1,0,1,35803.4,8380.04,
0,1,0,3404,25912.9,1,0,1,34121.7,8644.4,
0,1,0,3406,9766,1,0,1,24961.4,14905.6,
0,1,0,3408,9462.35,1,0,1,37804.1,36124.5,
0,1,0,3410,84462.8,2,0,2,21973,31254.9,
0,1,0,3411,21255.7,1,0,1,31643.2,7987.72,
0,1,0,3412,10645.1,1,0,1,23129.5,34556.7,
0,1,0,3413,10991.9,1,0,1,36238.9,36660.7,
0,1,0,3414,8538.51,1,0,1,36050.6,37175.5,
0,1,0,3414,26086.4,2,0,2,28238.1,39787.1,
1,2,1,3415,130475,8,5,3,32433.8,17164.4,
0,1,0,3415,13941.3,1,0,1,39168.1,30980.5,
0,1,0,3417,11361.7,1,0,1,38132.7,28813.4,
0,1,0,3417,7940.71,1,0,1,37130,28541.1,
0,1,0,3418,9648.99,1,0,1,26745,22423.3,
2,3,2,3419,190961,58,52,6,11862.2,26510.4,
0,1,0,3420,14319.4,1,0,1,37115.8,3136.72,
0,1,0,3423,7113.65,1,0,1,36682.4,26065.6,
0,1,0,3424,23783,2,0,2,36456.3,23704.7,
0,1,0,3430,57906.9,1,0,1,12194.5,34244.3,
0,1,0,3433,7347.4,1,0,1,21490.4,35017.3,
0,1,0,3434,7691.02,1,0,1,37792.6,39877,
0,1,0,3435,28786.8,2,0,2,27274.6,28392,
0,1,0,3439,62808.3,1,0,1,39455.1,31373.7,
0,1,0,3442,14605.1,1,0,1,12397.4,39166.2,
0,1,0,3443,14362.4,1,0,1,14213.1,39437.5,
0,1,0,3446,8901.97,1,0,1,8490.73,38539.1,
0,1,0,3447,58869.2,1,0,1,12274,37506.1,
0,1,0,3448,24665.7,1,0,1,12884.5,37158.2,
0,1,0,3449,12602.7,1,0,1,13966,36692.6,
0,1,0,3450,10837.8,1,0,1,25552.8,9918.15,
0,1,0,3450,11966.2,1,0,1,14554,31027.2,
0,1,0,3451,23027.6,1,0,1,14352.6,30950.1,
6,7,6,3451,378697,101,87,14,30764.9,17212.7,
0,1,0,3463,16699.4,1,0,1,5912.03,36073.9,
0,1,0,3475,16147,1,0,1,29558.6,29044,
0,1,0,3476,13748,1,0,1,29487.6,28667.7,
0,1,0,3477,58960.4,1,0,1,27892.9,29854.1,
1,2,1,3483,42918.5,19,16,3,39857,38748.3,
0,1,0,3483,67053.4,1,0,1,35311.2,29242.9,
0,1,0,3484,15734.2,1,0,1,23848.7,5788.9,
0,1,0,3487,14983.4,1,0,1,33139.6,23992.6,
0,1,0,3488,13438.6,1,0,1,32176.8,20820,
0,1,0,3489,54831.5,1,0,1,32242.5,21238.3,
0,1,0,3491,21840.3,1,0,1,30729.4,35664,
0,1,0,3492,64425.7,1,0,1,17688.6,36041.4,
2,3,2,3500,39972.6,13,10,3,11367.9,26327.3,
0,1,0,3506,76296.2,2,0,2,32740.8,19865.8,
0,1,0,3509,11975.7,1,0,1,34991.6,39067.8,
0,1,0,3516,14716,1,0,1,33121.1,36769.7,
0,1,0,3517,63026.8,1,0,1,35049.4,31706.7,
0,1,0,3517,9771.72,1,0,1,31440.6,34391.8,
1,2,1,3519,230886,9,2,7,35368.2,35487,
0,1,0,3520,62286.6,1,0,1,16986.3,11775.7,
0,1,0,3521,65395.7,1,0,1,33583.2,38381.6,
0,1,0,3525,10721.9,1,0,1,38027.6,28608.8,
0,1,0,3525,14069.5,1,0,1,25075.3,11046.8,
0,1,0,3525,10961.1,1,0,1,8289.17,13699,
0,1,0,3526,61746,1,0,1,24413.3,9943.59,
0,1,0,3526,80390.3,3,0,3,25876,14684.3,
0,1,0,3530,16044.5,1,0,1,23392.8,10794.2,
1,2,1,3530,192447,200,193,7,26280.7,14170.5,
0,1,0,3531,12080,1,0,1,515.212,20174.3,
1,2,1,3534,24321.7,83,81,2,38120.3,31042.4,
0,1,0,3534,12128.7,1,0,1,36711.9,30351,
0,1,0,3535,61155,1,0,1,28090.2,38133.9,
4,5,4,3537,211090,423,414,9,38607.2,33261.7,
0,1,0,3542,9494.05,1,0,1,30397.3,39283.7,
0,1,0,3542,79417.3,5,0,5,36954,19586,
0,1,0,3552,11660.8,1,0,1,1534.29,39587.8,
0,1,0,3552,63029.8,1,0,1,9018.45,37594,
3,4,3,3553,380600,197,179,18,14449.9,32372.3,
2,3,2,3555,144400,21,17,4,20077.3,15799.4,
0,1,0,3560,10705.1,1,0,1,15895.4,11834.6,
0,1,0,3562,11556.8,1,0,1,22899.3,27906.5,
0,1,0,3564,12508,1,0,1,29781.7,20360.8,
0,1,0,3564,11345.7,1,0,1,23365.8,28011.8,
0,1,0,3564,9966.69,1,0,1,29728.8,24360.5,
0,1,0,3565,20810.9,1,0,1,34382.6,22424.2,
0,1,0,3565,11856.8,1,0,1,37293.7,22466.2,
0,1,0,3570,16678.1,1,0,1,34384.2,37276.8,
1,2,1,3576,727041,47,18,29,26426.4,34435.3,
3,4,3,3579,245820,22,13,9,24838.8,14736.9,
0,1,0,3581,20214.1,1,0,1,29150.5,13125.7,
1,2,1,3581,37712.1,52,49,3,22438.1,28201.4,
0,1,0,3586,80732.1,2,0,2,31032.4,1172.71,
0,1,0,3590,11521.8,1,0,1,24886.6,29622.4,
0,1,0,3592,59957.5,1,0,1,39619.8,6435.49,
0,1,0,3595,13979.9,1,0,1,22175.8,14266.3,
0,1,0,3595,11380.9,1,0,1,1157.48,32883.4,
2,3,2,3596,126462,231,224,7,39003.9,3398.31,
0,1,0,3599,62520.7,1,0,1,27354.2,32745.7,
5,6,5,3599,135063,219,212,7,13432.8,14935.4,
0,1,0,3607,10597.3,1,0,1,34934.5,33162.3,
0,1,0,3609,14508,1,0,1,12924.8,26460.9,
0,1,0,3609,58416.5,1,0,1,34646.8,23825.9,
0,1,0,3615,14063.6,1,0,1,39131.9,30189.5,
0,1,0,3616,10787.4,1,0,1,39557.8,5677.01,
0,1,0,3616,125912,2,0,2,37967.8,34228,
0,1,0,3623,11194.9,1,0,1,35099.7,34424.8,
0,1,0,3623,106915,4,0,4,30235.9,16280.6,
0,1,0,3625,59940.2,1,0,1,39267.5,27358.5,
0,1,0,3625,11447.6,1,0,1,17289.8,26421.2,
0,1,0,3628,104155,4,0,4,36822.4,12182,
0,1,0,3632,12066.1,1,0,1,25239.5,33972.4,
0,1,0,3634,79573.6,2,0,2,14179.5,40125.9,
0,1,0,3637,13901,1,0,1,23672.8,18868.3,
7,8,7,3637,1.41714e+06,333,280,53,19974.8,17904.5,
2,3,2,3643,102573,22,16,6,7721.83,21411.7,
0,1,0,3646,241684,9,0,9,32272.4,25272.7,
3,4,3,3648,132299,16,11,5,29995.8,2752.75,
0,1,0,3649,12231,1,0,1,36452.9,26113.4,
0,1,0,3652,59756.1,1,0,1,26614.5,36301.8,
0,1,0,3653,6842.93,1,0,1,25617.9,37046.9,
0,1,0,3659,16618.9,1,0,1,4612.58,37487.6,
0,1,0,3660,11011,1,0,1,31359.3,24704.3,
0,1,0,3662,19340.4,1,0,1,31621.9,31152.9,
0,1,0,3664,12152.6,1,0,1,31876.7,34796.3,
1,2,1,3665,29947.9,20,17,3,31431.1,33483.3,
0,1,0,3670,74106.4,2,0,2,30503.1,3269.5,
1,2,1,3673,35798.7,8,5,3,38974.9,24606.5,
0,1,0,3675,61144.4,1,0,1,32600.5,4015.31,
0,1,0,3678,20279.1,1,0,1,17591.9,32198.9,
4,5,4,3678,121854,235,230,5,3511.82,6179.42,
0,1,0,3681,13170,1,0,1,22367.6,20759.9,
5,6,5,3685,253773,19,11,8,21770.8,22771.8,
0,1,0,3692,12591,1,0,1,23191.5,33525.6,
0,1,0,3692,8872.84,1,0,1,21899.6,6675.8,
3,4,3,3699,473350,116,100,16,23161.1,26383.5,
1,2,1,3699,21542,5,3,2,25599.5,21115,
0,1,0,3701,57931.8,1,0,1,31659.6,27547.5,
1,2,1,3701,83005.5,72,69,3,32928.8,27652.9,
0,1,0,3702,14287,1,0,1,33201.5,27985.6,
0,1,0,3703,66843,1,0,1,35907.5,33752.4,
0,1,0,3706,14579.1,1,0,1,29660.5,5191.92,
0,1,0,3707,22353.8,2,0,2,29803.2,4756.77,
0,1,0,3709,63060.9,1,0,1,10949.4,7634.31,
0,1,0,3711,14755.2,1,0,1,37407.9,25044.3,
0,1,0,3711,293866,11,0,11,27721.1,10998,
0,1,0,3711,9119.69,1,0,1,36929.6,22919.3,
0,1,0,3715,9424.56,1,0,1,26375,5363.36,
0,1,0,3715,6560.56,1,0,1,31741.6,18436,
0,1,0,3716,13769.7,1,0,1,23130.7,17999.9,
0,1,0,3716,12800.2,1,0,1,31957.6,19943.7,
0,1,0,3717,30435,1,0,1,34904.4,8200.51,
0,1,0,3718,68923.4,2,0,2,34850.9,20549.8,
0,1,0,3720,5989.51,1,0,1,34891.5,21094.1,
0,1,0,3722,27772.2,1,0,1,39055.3,32040.8,
0,1,0,3723,59680.3,1,0,1,28550.4,21550.9,
0,1,0,3727,70568.8,2,0,2,26562.6,26985.7,
0,1,0,3727,10695.2,1,0,1,40238.9,33094,
0,1,0,3732,18758.8,1,0,1,18900.2,6443.46,
5,6,5,3733,654298,188,160,28,32444,17165.5,
0,1,0,3735,15758.7,2,0,2,33721.4,33747.5,
0,1,0,3736,10073.2,1,0,1,38039.3,31289.6,
0,1,0,3736,61725.7,1,0,1,28760.1,18692.2,
0,1,0,3738,9938.92,1,0,1,38022.7,31667.5,
0,1,0,3740,75008.5,2,0,2,38536.1,31608,
0,1,0,3743,13581.2,1,0,1,29889.9,38824.6,
0,1,0,3744,13908.7,1,0,1,23853.3,15348.1,
0,1,0,3747,9874.53,1,0,1,30576.7,39520.2,
0,1,0,3747,8726.94,1,0,1,25402.1,36887.8,
0,1,0,3748,9545.24,1,0,1,25893.9,32639.6,
5,6,5,3753,535139,220,203,17,16409,26035.3,
0,1,0,3754,59088.1,1,0,1,34562.9,17982.1,
0,1,0,3754,7132.63,1,0,1,10972.5,827.669,
0,1,0,3756,9506.94,1,0,1,12052.9,2093.45,
0,1,0,3761,65140.6,1,0,1,29550.4,20466.5,
0,1,0,3762,9407.46,1,0,1,36898.6,22363.1,
0,1,0,3763,12603.1,1,0,1,39173.3,35465.2,
0,1,0,3764,62855.6,1,0,1,38986.1,36891.7,
2,3,2,3767,209771,38,29,9,22851.5,38042.8,
0,1,0,3770,10809.4,1,0,1,31306.6,35215.4,
0,1,0,3770,59503.5,1,0,1,37768.8,34929.9,
0,1,0,3771,14961.5,1,0,1,38154.9,28284.9,
0,1,0,3771,22385.6,2,0,2,37831.8,29378.8,
0,1,0,3772,9701.2,1,0,1,39630,27165.6,
0,1,0,3772,63775.6,1,0,1,28528.9,27104.2,
0,1,0,3772,6409.86,1,0,1,39588.8,39427.7,
0,1,0,3773,65358.5,1,0,1,38053.8,29049.9,
0,1,0,3774,11217.5,1,0,1,31605.6,34685.6,
0,1,0,3774,10239.7,1,0,1,6802.24,24912.9,
0,1,0,3774,13240.2,1,0,1,32819.3,28621.1,
0,1,0,3774,63306.6,1,0,1,38850.5,28580.3,
0,1,0,3776,39944.7,2,0,2,36152.9,25415.9,
0,1,0,3776,10842.3,1,0,1,39937.3,16539.7,
0,1,0,3779,62849.4,1,0,1,29958.1,37283.7,
1,2,1,3780,51995.3,7,4,3,33425.5,17915.9,
6,7,6,3780,370030,31,18,13,20292.6,16402,
0,1,0,3785,17492.4,1,0,1,25974.9,3452.44,
0,1,0,3785,65863.7,1,0,1,34920.6,19735.1,
0,1,0,3786,66384.7,2,0,2,22803.4,14057.9,
0,1,0,3786,15606.8,1,0,1,16126.3,10777.8,
0,1,0,3786,78744.6,2,0,2,26960.9,4045.85,
0,1,0,3786,6522.17,1,0,1,33766.4,21136.9,
0,1,0,3790,73525.1,2,0,2,35589.7,6899.93,
0,1,0,3795,26755.9,1,0,1,12253.8,31524.2,
0,1,0,3800,57350.3,1,0,1,13444,39539.9,
0,1,0,3804,26213.3,2,0,2,15651.9,31632.5,
0,1,0,3804,9803.4,1,0,1,11049.8,28701.9,
0,1,0,3806,8048.15,1,0,1,3035.24,35655.1,
1,2,1,3820,131705,99,94,5,20411.9,20781.8,
0,1,0,3820,63654.7,1,0,1,17232.1,6435.82,
0,1,0,3820,4056.69,1,0,1,3752.53,36541.9,
1,2,1,3822,133196,92,87,5,25739.8,7156.97,
0,1,0,3823,8019.17,1,0,1,7700.12,26191,
0,1,0,3824,5721.38,1,0,1,26652.3,26700.3,
0,1,0,3824,401266,14,0,14,7441.99,26801.6,
2,3,2,3828,148839,93,86,7,4057.08,33669.6,
0,1,0,3829,110489,4,0,4,1410.21,30861.5,
0,1,0,3837,28963.1,1,0,1,32250.9,11895.5,
0,1,0,3840,15737.7,1,0,1,28695.2,16298.2,
0,1,0,3842,16641.8,1,0,1,35057.1,17174.7,
1,2,1,3847,73224.1,106,104,2,23262.3,20170.8,
1,2,1,3848,45614.9,9,7,2,20320.6,26801.3,
0,1,0,3849,90284.8,3,0,3,37990.7,34937.3,
0,1,0,3850,28948.7,1,0,1,31313.6,27471.2,
0,1,0,3850,14002.7,1,0,1,30537.1,28114.2,
0,1,0,3853,15525,1,0,1,32763.4,12858.9,
0,1,0,3854,9802.15,1,0,1,29633.6,15850.8,
0,1,0,3855,13630.6,1,0,1,29304.1,15178,
0,1,0,3855,16280.5,1,0,1,30612.6,14660.2,
0,1,0,3856,9739.45,1,0,1,29802,14919,
0,1,0,3857,60100,1,0,1,28558.5,10996.8,
0,1,0,3858,34616.8,1,0,1,28268,11845.1,
0,1,0,3859,12735.7,1,0,1,38541,21653.9,
0,1,0,3860,11306.1,1,0,1,29415.5,10919,
0,1,0,3861,34401.9,3,0,3,29054.6,10898,
1,2,1,3865,92218.9,53,50,3,35343,35491.3,
0,1,0,3866,13912,1,0,1,36898,25868.9,
0,1,0,3867,13471.3,1,0,1,669.122,27339.1,
4,5,4,3868,376339,91,78,13,26146.5,39200.4,
0,1,0,3868,61263.8,1,0,1,24499.8,10877.2,
0,1,0,3869,16143.1,1,0,1,23400.4,4127.44,
0,1,0,3870,20935.7,1,0,1,28228.6,15895.1,
0,1,0,3873,48389.6,3,0,3,34150.6,2656.02,
0,1,0,3876,18351.4,1,0,1,32984.4,18186.8,
0,1,0,3877,63373,1,0,1,27938.9,21255.8,
0,1,0,3882,18697.9,1,0,1,28255.6,20435,
0,1,0,3883,9662.88,1,0,1,11389.3,26330.5,
0,1,0,3883,16392.3,1,0,1,24451,22490.5,
0,1,0,3885,58299.4,1,0,1,9305.66,2768.53,
3,4,3,3889,328036,102,89,13,38140,27643.1,
0,1,0,3890,14615,1,0,1,32293,32838.9,
1,2,1,3893,137452,75,69,6,30231.3,40225.2,
0,1,0,3895,13460.2,1,0,1,32230.4,18492.7,
1,2,1,3897,92844.4,31,28,3,517.869,40119.2,
0,1,0,3901,15294,1,0,1,29546.3,16097.7,
0,1,0,3901,53775.9,1,0,1,39422.2,23657.9,
0,1,0,3909,40961.8,1,0,1,12651.6,7949.14,
2,3,2,3910,330133,82,70,12,10755.2,39815.6,
0,1,0,3912,59117,1,0,1,33605.8,37419.2,
1,2,1,3913,357121,48,34,14,25438.9,21871.6,
1,2,1,3914,419948,25,11,14,17090.4,31839.6,
0,1,0,3914,13942.9,1,0,1,37833.6,9473.62,
5,6,5,3921,597023,77,61,16,31793.2,21819.9,
0,1,0,3922,72393.1,2,0,2,20934.6,39742.8,
0,1,0,3925,43124.5,1,0,1,1587.57,20034,
0,1,0,3932,35327.9,1,0,1,33949.6,16053.9,
0,1,0,3934,48195.2,1,0,1,37640.6,29457.8,
0,1,0,3937,33382.6,2,0,2,36827.3,31449.7,
2,3,2,3942,189951,51,47,4,17812.8,33928.8,
0,1,0,3946,15578.7,1,0,1,20356.7,37430.2,
0,1,0,3949,47730.8,1,0,1,7312.23,9775.17,
0,1,0,3951,9035.63,1,0,1,23358.2,20168.6,
1,2,1,3952,153909,20,14,6,13074,30695.4,
0,1,0,3952,63430.9,1,0,1,40270.2,5651.29,
0,1,0,3955,9601.01,1,0,1,15326.1,18025.4,
0,1,0,3963,9119.25,1,0,1,36601.1,37315.9,
0,1,0,3966,11338.7,1,0,1,27211.2,28479.5,
1,2,1,3968,77542.8,24,22,2,10556.6,39479.7,
0,1,0,3970,16405.8,1,0,1,17371.9,8333.39,
0,1,0,3974,42232.7,2,0,2,28805,34455.1,
0,1,0,3978,66343.8,2,0,2,26594.2,6437.02,
0,1,0,3980,14206.4,1,0,1,39591.6,35030.6,
0,1,0,3983,51512.8,1,0,1,28934.3,22564.3,
0,1,0,3987,63635.6,1,0,1,39007.9,28624.5,
3,4,3,3988,221778,12,4,8,13582.3,40278.7,
0,1,0,3991,8246.69,1,0,1,37132.3,25593.5,
0,1,0,3992,56881.1,1,0,1,13297.4,36652.8,
0,1,0,3994,13236,1,0,1,33604.7,26451.5,
0,1,0,3998,59514.2,1,0,1,37401.1,5233.29,
