# seq OFF,# seq ON,blinks,frame,intensity,lifetime,total OFF,total ON,x,y,
0,1,0,1,23872.4,1,0,1,23627.6,21002,
0,1,0,1,7585.83,1,0,1,11571.3,14091,
0,1,0,1,4.8308e+07,4000,0,4000,25520.5,23645.5,
489,490,489,1,3.97954e+07,4000,593,3407,9552.73,22346.8,
6,7,6,1,302528,40,16,24,29641.5,18743.4,
4,5,4,1,108805,26,18,8,5400.58,4400.94,
0,1,0,1,10804.7,1,0,1,16835.6,12871.5,
177,178,177,1,4.58128e+07,4000,186,3814,10181.6,14906.5,
2,3,2,1,486765,1269,1232,37,22784.6,16166,
0,1,0,1,4.79019e+07,4000,0,4000,2949.28,8912.9,
15,16,15,1,559909,91,42,49,39211.6,28653.9,
24,25,24,1,923143,203,129,74,7500.75,30133.7,
1,2,1,2,43854.7,456,453,3,19210.6,31473.3,
3,4,3,3,31120.9,53,49,4,25674.5,5919.94,
0,1,0,3,28652.5,2,0,2,38600.2,14541.6,
0,1,0,3,9311.31,1,0,1,10975,19598.3,
0,1,0,3,10312,1,0,1,1464.09,40149,
1,2,1,4,28206,2229,2227,2,19689.6,3815.26,
1,2,1,4,21182.3,3954,3952,2,11068.4,3823.46,
0,1,0,4,13390.2,1,0,1,9587.74,7719.41,
0,1,0,4,55016,4,0,4,33397.3,26629.7,
1,2,1,4,29363.6,197,195,2,4019.19,33442.1,
0,1,0,5,6905.7,1,0,1,31775.4,7211.46,
0,1,0,5,7373.63,1,0,1,20043.3,2781.07,
2,3,2,5,32424.4,819,816,3,3858.46,14097.7,
0,1,0,5,6532.38,1,0,1,19685.8,18336.1,
0,1,0,5,55722.5,4,0,4,1415.35,34396.2,
0,1,0,6,7606.56,1,0,1,23280.9,10372.4,
1,2,1,7,31905.9,12,9,3,25684.7,16113.3,
0,1,0,7,20435.4,1,0,1,33527,11894.6,
0,1,0,8,352607,31,0,31,16794.5,20905,
0,1,0,9,11428,1,0,1,24080.2,8573.19,
5,6,5,11,359003,39,7,32,5253.47,23047.7,
0,1,0,11,15367.4,1,0,1,2363.1,10551.5,
0,1,0,12,19951.8,1,0,1,7155.31,40052.8,
0,1,0,13,18934.7,1,0,1,36251.8,32611.8,
0,1,0,13,10170.2,1,0,1,32180.9,12165,
1,2,1,15,21929.2,2298,2296,2,26767.8,14977.5,
144,145,144,16,1.71851e+06,3979,3827,152,31071.7,5331.81,
0,1,0,19,15704.8,2,0,2,35261.9,34085.7,
0,1,0,20,16475.2,1,0,1,16954.3,32686.3,
0,1,0,21,19276.9,1,0,1,19865.1,27771.6,
0,1,0,21,10705.7,1,0,1,4368.99,16182.1,
7,8,7,22,102341,1213,1204,9,29928.5,2980.74,
0,1,0,22,15486.8,1,0,1,24043.1,9354.27,
1,2,1,23,37031,207,204,3,33474.5,27782.8,
1,2,1,24,22033.6,43,41,2,13198.8,2614.75,
0,1,0,24,13000.7,1,0,1,37575.8,8084.72,
0,1,0,24,8997.89,1,0,1,22379.1,10075.3,
1,2,1,25,24744,2339,2337,2,26842,10553.7,
5,6,5,25,108513,51,42,9,13358.1,2593.26,
0,1,0,26,18106.2,1,0,1,36497.9,10540.7,
0,1,0,26,9314.25,1,0,1,5393.13,26522.1,
1,2,1,26,17582.9,1800,1798,2,35928.5,3910.96,
0,1,0,26,16813.5,1,0,1,948.554,13715,
0,1,0,28,12050.2,1,0,1,39144.1,4108.38,
0,1,0,28,32114.4,2,0,2,11772.5,20523.1,
0,1,0,28,7219.49,1,0,1,32921.8,8941.62,
0,1,0,28,12767.5,1,0,1,1216.77,23385.1,
1,2,1,28,20608.9,3,1,2,28866.3,5052.66,
0,1,0,29,17669.6,1,0,1,35373.9,17055.1,
0,1,0,29,11845.1,1,0,1,12383.8,12509.5,
0,1,0,29,13334.3,1,0,1,30654.2,6318.3,
0,1,0,30,9028.85,1,0,1,37536.9,1076.92,
1,2,1,30,32752.6,993,991,2,20646.1,21657.2,
0,1,0,30,17098.1,1,0,1,5713.99,16768.2,
0,1,0,32,7924.05,1,0,1,38070.4,24224.1,
2,3,2,33,55017,12,7,5,5148.86,4251.85,
0,1,0,33,25027.3,2,0,2,24908.6,3273.59,
0,1,0,33,19427.5,1,0,1,13781.7,25762.4,
0,1,0,34,12065.7,1,0,1,38921.1,7966.22,
0,1,0,35,8693.21,1,0,1,16274.2,22207.6,
0,1,0,38,13420.1,1,0,1,29291.7,8162.07,
0,1,0,38,8762.76,1,0,1,6572.23,33948.1,
0,1,0,40,7067.41,1,0,1,37585.7,17571.3,
3,4,3,40,178113,24,9,15,17598.6,20590.7,
0,1,0,40,19509.1,1,0,1,15924.7,7705.1,
0,1,0,41,12501.7,1,0,1,4398.21,7046.19,
0,1,0,41,16846.1,2,0,2,17449.9,25572.8,
0,1,0,41,24392.1,1,0,1,29549.8,12871,
0,1,0,43,10551.7,1,0,1,11558.5,31419.2,
0,1,0,44,6631.9,1,0,1,11061.3,8246.54,
0,1,0,45,11599.8,1,0,1,14737.8,20504,
9,10,9,45,606133,3734,3684,50,6148.31,25251.3,
0,1,0,48,18869,1,0,1,6215.15,25313.5,
0,1,0,48,12087.2,1,0,1,24463.1,25007,
0,1,0,49,82242.7,7,0,7,10084.4,38781.2,
0,1,0,50,11886.9,1,0,1,21820.5,29830.3,
1,2,1,51,63398.3,2164,2158,6,19307.4,10283.5,
0,1,0,51,9599.96,1,0,1,29736,2923.71,
0,1,0,51,16872.1,1,0,1,29828.9,21316.8,
0,1,0,51,9603.89,1,0,1,21909.8,22618.1,
0,1,0,52,8907.25,1,0,1,9372.24,11276,
0,1,0,53,5026.76,1,0,1,5762.42,3121.85,
0,1,0,54,9585.8,1,0,1,4915.27,1231.12,
1,2,1,54,28443.8,522,520,2,30838.1,2871.02,
0,1,0,54,8520.75,1,0,1,38885.4,20945.7,
1,2,1,57,30363.3,1850,1847,3,4032.59,16998.2,
1,2,1,58,266323,30,6,24,34569,19894.6,
0,1,0,59,30135.2,2,0,2,19507,22440.2,
0,1,0,60,8251.36,1,0,1,11718.5,9862.2,
0,1,0,62,40167.5,3,0,3,16047.2,29246.2,
0,1,0,63,36174.5,3,0,3,32938.8,16644.9,
8,9,8,63,108965,247,236,11,20708.7,34894.9,
1,2,1,63,20067.6,2835,2833,2,12221.2,13968.2,
0,1,0,65,18207.3,2,0,2,8101.27,3785.14,
0,1,0,66,41966.1,3,0,3,16872.1,22433.5,
1,2,1,67,41009,6,1,5,1329.97,10279.6,
0,1,0,68,8134.22,1,0,1,1365.88,10365.2,
0,1,0,69,64741.9,5,0,5,18377.8,26189.8,
0,1,0,69,20705.3,1,0,1,13942.2,19310.5,
0,1,0,71,7212.14,1,0,1,18228.8,24576.2,
0,1,0,71,12842.5,1,0,1,7164.46,9285.54,
0,1,0,72,13406.4,1,0,1,4117.34,21961.1,
1,2,1,74,29407.5,2159,2157,2,11163.6,6488.93,
0,1,0,75,6907.12,1,0,1,15029.6,9780.23,
0,1,0,76,7223.4,1,0,1,29150.7,6316.51,
0,1,0,77,47070.3,4,0,4,26170.5,8851.75,
0,1,0,77,5177.06,1,0,1,17222.5,10698.6,
0,1,0,79,5229,1,0,1,13642.5,8487.42,
4,5,4,79,50149.1,42,37,5,9300.97,29352.2,
0,1,0,80,26933.3,2,0,2,16570.5,9084.6,
0,1,0,81,4828.88,1,0,1,29888.7,36531.2,
11,12,11,83,347102,322,292,30,7689.52,10539.6,
0,1,0,83,13424.8,1,0,1,31610.8,33754.7,
0,1,0,83,5304.66,1,0,1,35984.8,18628.3,
0,1,0,84,10277.8,1,0,1,15730,8308.01,
0,1,0,84,8062.73,1,0,1,17731.4,11260.4,
0,1,0,85,9656.17,1,0,1,5479.13,9502.13,
0,1,0,85,10059.9,1,0,1,26291,3709.95,
0,1,0,86,16120.3,1,0,1,28475,21146,
0,1,0,87,7823.33,1,0,1,18992.3,29287.6,
0,1,0,87,38706.9,3,0,3,12624.9,33712.5,
0,1,0,88,7486.71,1,0,1,10101.8,14626.3,
0,1,0,89,11618.6,1,0,1,17879.2,8410.15,
0,1,0,89,9091.69,1,0,1,5851.23,14044.9,
0,1,0,90,10022.9,1,0,1,1046.63,28013.5,
1,2,1,91,36055.4,2387,2384,3,4352.72,36918.5,
0,1,0,92,5692.08,1,0,1,20933.2,34802.6,
0,1,0,93,8103.59,1,0,1,14739.4,28021.4,
1,2,1,94,34850.4,33,30,3,12008.7,14340.8,
0,1,0,95,9826.8,1,0,1,12181.8,30539.4,
2,3,2,97,27021.6,1401,1398,3,19769.6,4199.85,
0,1,0,99,13754.8,2,0,2,29841.1,7829.29,
0,1,0,99,23100.8,2,0,2,16291.6,5780.49,
0,1,0,101,9329.19,1,0,1,28463.1,5019.8,
0,1,0,101,12158.3,2,0,2,3914.47,1235.04,
0,1,0,104,8499.77,1,0,1,22271.3,14419.8,
1,2,1,109,47938.1,5,1,4,32461,14627.7,
0,1,0,110,43420.9,4,0,4,34573.1,16486.8,
0,1,0,111,8010.54,1,0,1,11965.6,7379.92,
0,1,0,113,5265.27,1,0,1,5369.36,8069.79,
0,1,0,113,18920,1,0,1,38127.6,7617.05,
0,1,0,114,11953.2,1,0,1,39716.7,13940.8,
1,2,1,116,22046.8,3374,3372,2,17078.2,1584.98,
0,1,0,117,40894.4,3,0,3,2212.49,20489.1,
1,2,1,117,28914.3,256,254,2,18941.4,8338.84,
0,1,0,117,8917.84,1,0,1,716.41,10682.8,
0,1,0,118,7811.77,1,0,1,27979,22278.3,
0,1,0,119,10990.2,1,0,1,32621.8,14620.8,
0,1,0,120,17330.6,1,0,1,1579.34,14452.1,
0,1,0,121,6995.06,1,0,1,37598,16857.2,
2,3,2,122,33719.7,3418,3415,3,27274.6,18719.7,
0,1,0,122,29421.2,3,0,3,30874.7,3855.69,
1,2,1,124,33568.9,449,446,3,26983.2,786.171,
0,1,0,124,5149.72,1,0,1,19231.7,23850.7,
2,3,2,125,425079,3336,3297,39,19940.3,5556.06,
0,1,0,128,30663.6,2,0,2,16247.7,21323.8,
0,1,0,132,8000.89,1,0,1,26861.4,15884,
0,1,0,133,12868.7,1,0,1,15428.5,35305,
0,1,0,134,18431.9,2,0,2,23569.4,1101.03,
0,1,0,136,10781.6,1,0,1,18606,17375.2,
0,1,0,138,16362.1,2,0,2,38927.4,12452.9,
1,2,1,140,23761.3,9,7,2,27597.1,17872.4,
10,11,10,141,151308,380,367,13,32656.8,10408.9,
0,1,0,143,12792.4,1,0,1,20647.8,6568.94,
0,1,0,146,6103.07,1,0,1,11288.9,28911.8,
0,1,0,147,202923,16,0,16,11754.7,33804.4,
1,2,1,147,48601.4,3063,3059,4,12640.9,6370.85,
0,1,0,150,54133.6,4,0,4,20152.7,16370.4,
0,1,0,150,7296.97,1,0,1,10575.5,37556.9,
0,1,0,153,21485.7,2,0,2,25424.2,20717.3,
0,1,0,153,21824.9,1,0,1,20819.1,1758.44,
0,1,0,154,96900.2,8,0,8,39564.1,908.788,
0,1,0,154,14273.6,1,0,1,37065,14088.9,
0,1,0,156,36383,3,0,3,40151.3,15802.8,
0,1,0,157,36374.7,2,0,2,7672.74,12940.7,
0,1,0,158,35002,2,0,2,10713.5,7624.23,
0,1,0,158,9746.44,1,0,1,24082.1,27598.1,
0,1,0,159,16184.8,2,0,2,2302.21,18897.4,
0,1,0,159,15053.7,2,0,2,19876.5,17576.1,
0,1,0,159,8940.55,1,0,1,13171,4347.1,
1,2,1,163,52769.4,6,1,5,7659.56,33096.1,
0,1,0,164,12657.6,1,0,1,24437.3,7979.98,
0,1,0,164,21443,2,0,2,14416.8,27529.3,
0,1,0,167,7435.57,1,0,1,26983.2,10587.5,
0,1,0,168,15360.8,1,0,1,36586.3,8166.26,
0,1,0,169,6391.5,1,0,1,33025.4,26975.8,
0,1,0,169,5763.22,1,0,1,6564.18,23666.1,
0,1,0,171,16920.9,2,0,2,24026.2,23227.2,
0,1,0,172,24593.2,2,0,2,20332.3,35279.6,
0,1,0,178,9871.06,1,0,1,21508.7,22263,
0,1,0,182,7441.9,1,0,1,7565.15,5870.24,
0,1,0,182,8197.05,1,0,1,13786.5,13144.9,
0,1,0,182,48122.9,4,0,4,3003.62,16044.2,
0,1,0,182,16388.2,1,0,1,11840.7,8300.96,
2,3,2,184,72755.1,890,884,6,22215.7,1044,
0,1,0,186,24563.8,2,0,2,18848.5,9055.8,
0,1,0,186,7038.33,1,0,1,18125.4,8034.1,
0,1,0,186,17162.1,1,0,1,7969.9,16182.5,
0,1,0,187,45555.9,4,0,4,30093.1,21684,
0,1,0,187,14908.5,1,0,1,23578.6,8012.4,
0,1,0,188,16176.9,1,0,1,7230.04,28705.6,
0,1,0,190,7782.38,1,0,1,17720.1,13449.3,
0,1,0,191,9482.43,1,0,1,7204.92,11177.9,
0,1,0,192,20312.4,2,0,2,34733.5,38158.9,
0,1,0,193,5185.54,1,0,1,19634.9,4815.29,
0,1,0,193,45683.6,2,0,2,34496.7,12215,
0,1,0,194,17726.9,1,0,1,14703.5,36521.5,
0,1,0,195,5673.36,1,0,1,9704.87,18748.8,
0,1,0,195,21104.7,1,0,1,8928.59,10133.5,
0,1,0,197,18818.2,1,0,1,20984.2,5320.85,
0,1,0,197,8354.63,1,0,1,17098.6,37207.6,
0,1,0,198,10093,1,0,1,8854.07,11013,
0,1,0,198,13082.8,1,0,1,13530.9,2113.97,
0,1,0,198,15013.9,1,0,1,36489.3,18750.9,
0,1,0,200,21640.9,3,0,3,31436.6,16642.5,
0,1,0,203,9450.07,1,0,1,32018.4,16188.3,
0,1,0,203,6752.47,1,0,1,15536.3,2717.01,
0,1,0,204,21059.9,1,0,1,15418.5,18996.1,
0,1,0,205,12201.3,1,0,1,30076.5,28830.9,
0,1,0,206,11491.5,1,0,1,36610.7,39595.8,
0,1,0,208,7393.46,1,0,1,23207.1,14947,
0,1,0,208,21358.6,2,0,2,25277.9,26389.4,
0,1,0,209,11295.6,1,0,1,3236.54,16140.9,
0,1,0,212,11217.6,1,0,1,29122.9,3535.99,
5,6,5,212,64153,3112,3106,6,9565.51,22275.9,
4,5,4,215,62453.5,41,35,6,731.099,15732.1,
1,2,1,215,43170.9,1992,1989,3,14840.2,6605.41,
0,1,0,217,13904.5,1,0,1,30390.7,32676.4,
0,1,0,217,8212.98,1,0,1,23384.3,22958.9,
0,1,0,219,20925.6,1,0,1,5599.33,6874.86,
3,4,3,220,93655,11,3,8,35866.5,8675.62,
0,1,0,221,9172.45,1,0,1,27314.5,20500.6,
0,1,0,223,6845.88,1,0,1,34146.6,2685.91,
0,1,0,223,9826.89,1,0,1,6898.02,3323.44,
0,1,0,223,23105,2,0,2,27703.8,5271.11,
0,1,0,223,10872.2,1,0,1,22451,9243.49,
0,1,0,224,18074.2,1,0,1,33619.5,16216.9,
0,1,0,227,6018.76,1,0,1,24823,24743.9,
0,1,0,229,30755.6,2,0,2,7680.62,25105.9,
0,1,0,229,32676.5,2,0,2,14961.6,8281.62,
0,1,0,231,13916,1,0,1,22503.4,34371.5,
0,1,0,232,6351.55,1,0,1,26754.1,22930.3,
0,1,0,234,9600.01,1,0,1,20437.4,13086,
0,1,0,241,4006.77,1,0,1,18992.7,14155.1,
0,1,0,244,17321.9,1,0,1,8475.88,982.339,
0,1,0,244,42611.9,3,0,3,22564.3,36317.7,
0,1,0,253,8244.87,1,0,1,11706.6,24127.6,
0,1,0,254,10046.1,1,0,1,30983.3,5956.44,
1,2,1,257,15981.6,2092,2090,2,10231.9,14818.2,
0,1,0,259,17619.1,1,0,1,12937.8,3122.44,
0,1,0,260,9734.49,1,0,1,16575.1,14021.9,
1,2,1,261,25434.1,3,1,2,23648.9,16719.4,
0,1,0,264,6469.91,1,0,1,13107,28561.4,
0,1,0,266,9765.06,1,0,1,17005.4,29118.6,
0,1,0,267,17205.4,1,0,1,14008,3684,
0,1,0,268,17516.9,2,0,2,13625.9,3856.53,
1,2,1,271,28731.5,1386,1384,2,14502.9,4445.55,
0,1,0,272,9826.47,1,0,1,1597.66,37352.4,
0,1,0,272,7973.65,1,0,1,13949,2982.5,
0,1,0,274,9219.14,1,0,1,17405.8,6821.54,
0,1,0,274,142288,10,0,10,15470.4,19663.9,
1,2,1,275,23385.2,2647,2645,2,15511.8,1236.68,
1,2,1,280,14475,878,876,2,36015.5,1599.95,
0,1,0,282,7086.67,1,0,1,10974,38580.9,
0,1,0,284,84330.6,5,0,5,14393,32384.3,
0,1,0,285,27051.5,3,0,3,9807.89,37181.4,
0,1,0,285,13574.3,1,0,1,19234.3,20772,
0,1,0,285,18230.1,1,0,1,9522.11,9887.22,
0,1,0,286,8155.32,1,0,1,26069.5,18553.5,
0,1,0,287,5123.11,1,0,1,10640.3,20964.2,
1,2,1,289,26258.1,3165,3163,2,20120.9,5433.74,
0,1,0,290,21058.2,1,0,1,5946.96,26804.2,
0,1,0,290,12890.7,1,0,1,35263.5,6111.46,
0,1,0,291,11263.2,1,0,1,12996.4,681.729,
0,1,0,291,11535,1,0,1,17766.9,1371.19,
0,1,0,291,6762.58,1,0,1,14789.5,38027.2,
0,1,0,294,99289.9,9,0,9,30904.4,22088,
0,1,0,295,13576.6,1,0,1,7826.28,11561.3,
1,2,1,296,20838.9,3,1,2,16154.4,31955.4,
0,1,0,300,29938.4,2,0,2,34842.2,23427.7,
1,2,1,301,23928,620,618,2,39736.7,2972.63,
0,1,0,301,13154.4,1,0,1,16440.1,3431.68,
0,1,0,302,13654.3,1,0,1,24617.4,3412.37,
1,2,1,303,112386,268,259,9,26753.4,14440,
0,1,0,304,52377.5,5,0,5,14809.4,8001.87,
0,1,0,305,27966.4,2,0,2,10992.5,14848,
0,1,0,306,20007.7,1,0,1,7826.7,765.947,
9,10,9,307,221451,43,24,19,33779.2,21269.8,
1,2,1,309,77521.7,6,1,5,15089,8071.01,
0,1,0,310,12866.6,1,0,1,15153.4,8050.04,
6,7,6,313,81432.7,241,233,8,13983.8,26150.7,
1,2,1,314,33265.3,7,4,3,10351.1,16763.6,
0,1,0,315,64271.2,7,0,7,15081.1,7695.51,
0,1,0,320,15268.2,1,0,1,17004.5,15634.9,
0,1,0,321,18620.2,1,0,1,24595.3,1507.95,
2,3,2,322,47589.4,3218,3214,4,24422.8,1956.32,
2,3,2,323,70637.6,2804,2799,5,27348.6,1272.11,
0,1,0,324,11410,1,0,1,16936.9,7537.94,
0,1,0,324,9391.81,1,0,1,2189.85,6168.38,
0,1,0,325,5640.21,1,0,1,33533.8,2167.15,
0,1,0,326,14422,1,0,1,34918.7,3954.4,
0,1,0,327,9651.04,1,0,1,28921,10991.3,
0,1,0,330,9686.16,1,0,1,14033.4,11303.3,
0,1,0,331,4923.57,1,0,1,19169,936.064,
1,2,1,332,24037.6,1167,1165,2,28022.8,15532.9,
0,1,0,335,12189.8,1,0,1,15559,22085.6,
0,1,0,336,5884.18,1,0,1,16361.8,25321.1,
0,1,0,336,19901.4,1,0,1,21083.5,3060.49,
1,2,1,336,20931.4,3,1,2,21672.8,19643.6,
1,2,1,336,25152.4,5,2,3,8801.17,20483,
0,1,0,337,630964,58,0,58,35946.6,14162,
0,1,0,337,12809.3,1,0,1,5531.69,14069.8,
0,1,0,339,16927.4,1,0,1,26377.5,22691.9,
1,2,1,339,13195.3,2499,2497,2,19490.5,9806.28,
0,1,0,339,29718.9,2,0,2,17347.8,17224.8,
0,1,0,341,21229.2,2,0,2,22171.7,10553.3,
0,1,0,343,26412.5,2,0,2,16576.8,14476.9,
0,1,0,343,53565.7,5,0,5,33506.8,17209.7,
0,1,0,348,9960.9,1,0,1,23999.4,16041.2,
0,1,0,353,11819.1,1,0,1,23364.6,11988.4,
0,1,0,355,10731.2,1,0,1,14283.9,6112.47,
1,2,1,357,33535.1,56,53,3,8538.77,16731,
1,2,1,359,48645.5,15,10,5,34615.1,22404.3,
0,1,0,359,18918.2,1,0,1,29078.5,924.838,
0,1,0,359,9520.62,1,0,1,12487.3,4104.76,
0,1,0,359,26015.4,2,0,2,16708.8,20516.2,
0,1,0,360,9813.96,1,0,1,18747.5,10400.4,
2,3,2,365,25025,6,3,3,12203.2,935.784,
1,2,1,365,31261.7,3,1,2,34613.2,22114.1,
0,1,0,368,7721.6,1,0,1,31832.4,33136.6,
0,1,0,370,10655.9,1,0,1,34444.5,22423.3,
0,1,0,373,10266.1,1,0,1,6869.35,1226.14,
0,1,0,374,30970.5,3,0,3,23012,6321.69,
0,1,0,376,11113.7,1,0,1,17773.9,6121.9,
0,1,0,384,8016.26,1,0,1,31522.2,15801.5,
0,1,0,384,16808.7,1,0,1,1838.63,642.861,
3,4,3,384,89393.9,15,7,8,11246.1,20916.2,
0,1,0,386,19451.5,2,0,2,22466.4,4120.22,
0,1,0,386,9734.57,1,0,1,20193.7,10926.4,
0,1,0,387,10614.9,1,0,1,16963.7,2257.08,
0,1,0,388,18427,1,0,1,34459.7,16824.3,
1,2,1,388,24079.8,1466,1464,2,8161.32,17352.8,
0,1,0,390,14818.5,1,0,1,16165.3,7016.97,
0,1,0,392,11928.7,1,0,1,481.007,13045,
7,8,7,394,975993,133,50,83,21013.5,9107.21,
0,1,0,397,9895.68,1,0,1,36664.1,20978.8,
0,1,0,399,15023,1,0,1,26374.2,13895.6,
0,1,0,406,7324.42,1,0,1,8846.13,11316.5,
0,1,0,410,10266.8,1,0,1,12187.1,10228.1,
0,1,0,411,12620.5,1,0,1,12035.7,10318.6,
0,1,0,412,10119.2,1,0,1,12532,10862.7,
0,1,0,415,10849.6,1,0,1,13142.1,6420.27,
1,2,1,419,28683.7,3005,3003,2,28617.1,10795.2,
1,2,1,421,33158.3,2744,2742,2,15919.4,25059,
6,7,6,422,872773,86,9,77,23451.4,3143.36,
0,1,0,423,18988.5,1,0,1,9563.67,13086.3,
1,2,1,423,48410.7,3400,3398,2,37707.4,12222.9,
1,2,1,424,27521.4,1064,1062,2,10195,12969.7,
0,1,0,424,7333.1,1,0,1,25620.2,4953.19,
0,1,0,427,18743.6,1,0,1,8021.19,25887.9,
0,1,0,427,8935.88,1,0,1,25610,7792.73,
3,4,3,430,129769,12,3,9,32446.9,25960.1,
5,6,5,434,87327.4,31,25,6,32385.3,28207.4,
0,1,0,434,17730.1,1,0,1,16486.5,10342.3,
0,1,0,435,6729.98,1,0,1,21732.7,13208.5,
0,1,0,438,8995.11,1,0,1,11381.7,11027.7,
0,1,0,438,12033.8,1,0,1,13027.3,19668.5,
1,2,1,442,22361.3,1067,1065,2,29104.9,24477.9,
0,1,0,443,91696.5,7,0,7,13695.4,13844,
0,1,0,443,6852.97,1,0,1,7927.27,1802.6,
2,3,2,444,64429.1,2801,2795,6,14850.3,17149.2,
1,2,1,444,17058.1,2797,2795,2,8932.67,2902.28,
0,1,0,446,15805.9,1,0,1,9469.88,3187.33,
0,1,0,447,9651.51,1,0,1,23349.7,1019.47,
0,1,0,448,33646.7,2,0,2,38541,10730.8,
3,4,3,448,48289.6,2935,2931,4,34869.9,22496.3,
0,1,0,449,4749.05,1,0,1,33231.2,24950.4,
1,2,1,449,26678.6,812,810,2,10841.6,1391.93,
0,1,0,449,14517,1,0,1,29457.3,1648.85,
0,1,0,451,4977.09,1,0,1,12594.2,36469.5,
0,1,0,452,15832.9,2,0,2,4560.93,5184.73,
0,1,0,453,8442.87,1,0,1,39505.9,28275.6,
0,1,0,455,11280.6,1,0,1,16663.7,5996.17,
0,1,0,455,15727.8,1,0,1,7138.9,7749.49,
0,1,0,456,12456.1,1,0,1,15979.6,24778.6,
0,1,0,457,14274.4,2,0,2,27583,21720,
5,6,5,457,112317,449,439,10,29473.2,4115.98,
0,1,0,458,6825.02,1,0,1,12986.1,13317.1,
0,1,0,459,16610,1,0,1,12324.1,13588,
0,1,0,461,12576.1,1,0,1,13528.8,19175.3,
0,1,0,463,25586.3,2,0,2,11683.7,19728,
1,2,1,467,21513.4,3145,3143,2,2873.46,11506.5,
0,1,0,470,11511.2,1,0,1,9948.82,26370.2,
0,1,0,470,6678.46,1,0,1,38552.2,20895.7,
0,1,0,471,23302.3,2,0,2,4966.31,2418.19,
0,1,0,474,11494.7,1,0,1,16252.9,37734.8,
0,1,0,475,18743.8,1,0,1,23898.1,29438.6,
0,1,0,479,8063.36,1,0,1,18592.1,15296.5,
0,1,0,479,16063.4,1,0,1,6361.03,5569.37,
0,1,0,479,12872.3,1,0,1,31120.3,10295.9,
0,1,0,480,9723.51,1,0,1,3495.9,544.401,
1,2,1,484,16104.3,2894,2892,2,37914,8589.68,
2,3,2,484,42002.9,2918,2914,4,38054.2,8114.77,
6,7,6,485,358031,51,19,32,15620.9,5716.73,
0,1,0,486,14112.7,1,0,1,19401.4,1771.82,
0,1,0,488,17951.5,1,0,1,16001.1,2958.83,
0,1,0,488,8918.93,1,0,1,6599.15,15046.8,
0,1,0,491,7428.34,1,0,1,35875.6,12883.1,
0,1,0,491,11398.2,2,0,2,23353.4,1233.68,
0,1,0,491,18078.7,2,0,2,15555.2,791.91,
1,2,1,491,50238.8,98,94,4,5499.84,13352.5,
6,7,6,494,79498.2,2422,2415,7,18273.2,3251.23,
0,1,0,496,8497.65,1,0,1,18831.1,3313.1,
0,1,0,496,12275.4,1,0,1,5862.28,6349.13,
0,1,0,496,16138.5,1,0,1,5459.56,17092.5,
1,2,1,496,16287.3,1952,1950,2,9800.97,15937.9,
0,1,0,500,4949.7,1,0,1,23718.1,10672.2,
0,1,0,501,10971.4,1,0,1,35480.1,21094.9,
0,1,0,503,18411,1,0,1,25014.7,3566.82,
0,1,0,506,5312.24,1,0,1,13081,4737.41,
0,1,0,510,8070.91,1,0,1,37479.9,7115.04,
0,1,0,511,9290.8,1,0,1,15636.2,5608.35,
0,1,0,515,11480.7,1,0,1,31645.1,39970.9,
0,1,0,524,8149.06,1,0,1,36526.5,17675.1,
1,2,1,526,331762,36,9,27,11339.8,23723.9,
0,1,0,526,6734.12,1,0,1,12482.7,37326.1,
0,1,0,527,37546.5,2,0,2,30836.5,6303,
0,1,0,527,6921.46,1,0,1,17705.7,21202.6,
0,1,0,528,28251.9,2,0,2,26759.7,2016.02,
0,1,0,529,11973.5,1,0,1,10310.3,1589.28,
0,1,0,533,26499.9,2,0,2,14727.5,5737.03,
0,1,0,534,43888.5,3,0,3,16042.1,10135.9,
0,1,0,536,6986.2,1,0,1,29791.9,4961.24,
0,1,0,538,13025.7,1,0,1,21949.5,15180.3,
0,1,0,539,6582.82,1,0,1,25728.1,5652.53,
0,1,0,540,16785.8,1,0,1,27274.5,3620.42,
1,2,1,541,35331.7,678,675,3,18777.1,9688.78,
0,1,0,541,7986.69,1,0,1,35886.2,9039.01,
0,1,0,547,3077.04,1,0,1,22671,18501.6,
0,1,0,551,21913.1,2,0,2,26284.9,12633.6,
0,1,0,551,14241.9,1,0,1,19450.6,8703.64,
1,2,1,556,15711.4,1340,1338,2,38644.7,16218.8,
0,1,0,556,9453.05,1,0,1,793.698,9850.31,
57,58,57,558,3.70643e+06,3224,2907,317,22607.5,1466.25,
1,2,1,558,23645.9,2605,2603,2,4806.88,21410.9,
0,1,0,560,9070.12,1,0,1,37418.6,1713.45,
0,1,0,560,14506.3,2,0,2,10627.5,32861.8,
0,1,0,561,15295.7,1,0,1,1913.27,1323.7,
0,1,0,561,8180.45,1,0,1,27893.1,604.13,
0,1,0,563,18414.5,1,0,1,19103.2,8238.93,
0,1,0,568,9676.8,1,0,1,14297.6,29638.5,
1,2,1,568,15368,2766,2764,2,10448.9,21780.2,
1,2,1,569,19462.4,3,1,2,24186.9,12271.3,
0,1,0,569,19726.9,1,0,1,10290.9,19786.5,
0,1,0,572,10071.6,1,0,1,15405.6,10744.5,
0,1,0,572,20267.9,2,0,2,9213.41,21146,
0,1,0,572,10117.9,1,0,1,16806,11677.3,
0,1,0,572,9106.5,1,0,1,29734,2354.97,
0,1,0,579,11386.1,1,0,1,14281.6,39472,
0,1,0,583,41640.2,4,0,4,39370.5,7728.8,
0,1,0,585,14513.1,1,0,1,38995.3,1566.8,
2,3,2,596,37041.9,11,8,3,39846.8,10544.9,
0,1,0,599,9299.39,1,0,1,15226.7,17879.2,
4,5,4,602,139397,20,8,12,9050.12,2187.41,
0,1,0,605,9558.94,1,0,1,24289.7,19440.7,
0,1,0,608,10820.7,1,0,1,35261.9,9244.47,
1,2,1,608,279468,737,714,23,8982.84,9922.37,
0,1,0,610,11307,1,0,1,8417.33,2210.77,
1,2,1,611,27799,2071,2068,3,36050.4,19486.2,
0,1,0,614,17171.2,1,0,1,33202.3,28291.2,
0,1,0,615,6294.47,1,0,1,36786,12103.7,
0,1,0,618,17416.7,1,0,1,22905.7,10997,
1,2,1,619,19620.8,7,5,2,4635.06,38245.3,
0,1,0,621,8176.06,1,0,1,11887.8,2670.49,
0,1,0,621,5665.32,1,0,1,4676.29,38360.8,
0,1,0,623,17899,2,0,2,2239.01,966.955,
1,2,1,624,23110.1,906,904,2,17768.9,12550.3,
0,1,0,624,26743.2,2,0,2,37465.9,9860.23,
0,1,0,624,12561.5,1,0,1,25669.9,20292.8,
0,1,0,626,10847.4,1,0,1,32162.4,29288.6,
0,1,0,627,6564.5,1,0,1,16853.7,40129.9,
0,1,0,628,19892.6,1,0,1,34270.5,1356.49,
1,2,1,629,27041.3,197,195,2,20492.1,885.028,
0,1,0,630,18985.2,1,0,1,9163.55,20873.9,
0,1,0,632,17831.8,2,0,2,22011,15894.8,
0,1,0,634,55686.2,4,0,4,2787.95,36443.4,
0,1,0,635,18383.3,1,0,1,25797,4814.62,
0,1,0,636,5729.73,1,0,1,872.178,10441,
0,1,0,638,20196.5,2,0,2,1729.77,1154.45,
0,1,0,638,8694.68,1,0,1,28719.8,23668.6,
0,1,0,639,15111.7,1,0,1,31504.9,11798.7,
0,1,0,640,6312.18,1,0,1,3720.44,4223.35,
0,1,0,648,14102.3,1,0,1,22031.9,21045.5,
0,1,0,648,11991.1,1,0,1,21300.8,25471.6,
0,1,0,648,64731.2,5,0,5,20861.8,36633.9,
0,1,0,651,8242.18,1,0,1,24664.1,18839.6,
0,1,0,654,26975.2,3,0,3,10065.9,534.782,
1,2,1,658,23871.3,20,18,2,33190,13999.4,
1,2,1,669,15499.7,634,632,2,29663.5,3498.97,
0,1,0,671,16304.5,2,0,2,928.209,1056.71,
0,1,0,677,9692.87,1,0,1,26109.9,16007.8,
0,1,0,677,24636.5,2,0,2,38772.8,24003.8,
0,1,0,678,13120.9,1,0,1,37949.8,9315.82,
0,1,0,681,9510.63,1,0,1,23724.9,13236.6,
0,1,0,684,17320.3,1,0,1,29478.8,6514.06,
0,1,0,685,6539.06,1,0,1,30282,1944.43,
0,1,0,687,24508.4,2,0,2,15876.8,9573.53,
0,1,0,688,15013.7,1,0,1,19191.9,5308.67,
0,1,0,689,16247,2,0,2,11338.5,23029.4,
0,1,0,690,10186.3,1,0,1,9511.98,9555.55,
1,2,1,692,81703.9,8,1,7,10848.3,22245.3,
0,1,0,696,6046.21,1,0,1,17265.9,37908.5,
0,1,0,698,11415.5,1,0,1,36135.8,17784.6,
0,1,0,700,54115.5,5,0,5,36223.1,12868.5,
1,2,1,704,41563.9,1121,1118,3,24723.2,9517.96,
0,1,0,705,6676.81,1,0,1,26711.7,25267.4,
0,1,0,708,7496.52,1,0,1,37910,18911.4,
0,1,0,710,35777,3,0,3,10426.5,13264.8,
0,1,0,711,5764.18,1,0,1,10330.1,12593.8,
0,1,0,711,22219.1,2,0,2,31937,13553.6,
0,1,0,714,23912.2,2,0,2,31218.7,11016.6,
0,1,0,715,12768,1,0,1,8069.29,13270.7,
0,1,0,721,17853.2,1,0,1,14645.9,8622.83,
1,2,1,721,22057,1354,1352,2,30157.7,2325.1,
1,2,1,725,21966,4,2,2,15362.2,31065.5,
13,14,13,730,692706,1580,1522,58,8480.6,13760.1,
0,1,0,733,20770.2,1,0,1,24317,31206.2,
0,1,0,736,5731.34,1,0,1,33111.5,11392.8,
0,1,0,738,9686.83,1,0,1,23442.3,16987,
0,1,0,739,7068.7,1,0,1,13377.3,18085,
0,1,0,739,13005.5,1,0,1,11721.8,17547.1,
0,1,0,743,9256.78,1,0,1,10796.8,20011.5,
0,1,0,748,7702.35,1,0,1,5749.74,21006.1,
1,2,1,751,30014.6,50,48,2,31901.8,6193.95,
0,1,0,752,10688.1,1,0,1,7145.81,2388.85,
0,1,0,752,6052.57,1,0,1,9096.09,38021.8,
0,1,0,752,30505.4,2,0,2,39553.4,27993.8,
1,2,1,753,37295.6,869,866,3,7404.77,14390.6,
0,1,0,753,7570.94,1,0,1,28894.4,21408.3,
0,1,0,754,10736.6,1,0,1,35539.6,2059.37,
0,1,0,754,15360.4,1,0,1,11847.5,15769.8,
0,1,0,757,15955,1,0,1,29074.8,5477.88,
0,1,0,761,43802.8,4,0,4,10930.5,705.678,
0,1,0,764,9088.94,1,0,1,21476.2,28603.6,
0,1,0,764,11882.5,1,0,1,27903.8,9706.46,
0,1,0,766,18047.1,1,0,1,10624.9,820.93,
1,2,1,766,18513.7,2764,2762,2,13273,22222.1,
0,1,0,767,14910.9,2,0,2,26390.8,8722.02,
1,2,1,767,24689.7,2549,2547,2,6773.97,1643.73,
0,1,0,772,7000.96,1,0,1,36874.2,20430.4,
0,1,0,773,9505.53,1,0,1,36304.1,14948.9,
1,2,1,775,294001,27,2,25,31035.9,23868.1,
4,5,4,775,146311,497,485,12,19789.4,10243.9,
4,5,4,781,47794.2,131,126,5,21202.3,1767.01,
0,1,0,781,19586.8,1,0,1,15609.4,4212.82,
0,1,0,783,10592.6,1,0,1,18701.4,6107.16,
0,1,0,784,5676.55,1,0,1,4203.48,774.199,
0,1,0,788,13462.7,2,0,2,20521.7,12891.1,
0,1,0,800,20575.6,1,0,1,34932.7,37630.7,
0,1,0,804,15797.9,1,0,1,4806.67,9303.88,
0,1,0,805,14432.7,1,0,1,15811.1,37216.3,
0,1,0,808,42526.5,3,0,3,34098.6,4811.58,
0,1,0,812,17276.8,1,0,1,25895.1,2572.49,
0,1,0,813,6684.12,1,0,1,39698.4,9635.07,
0,1,0,817,14594.7,1,0,1,14749.3,33026.7,
2,3,2,817,168088,22,5,17,11375,6764.82,
1,2,1,820,29935.4,1225,1222,3,40303.2,2485.6,
0,1,0,821,10210.9,1,0,1,39994,10704.6,
0,1,0,822,8679.18,1,0,1,32426.3,13025.9,
0,1,0,822,18259.1,1,0,1,39454.5,12912.4,
0,1,0,822,8714.34,1,0,1,23746.9,12494.2,
1,2,1,824,23148.3,540,538,2,20596.4,1039.71,
0,1,0,824,124983,10,0,10,38750.2,6390.74,
0,1,0,826,9844.21,1,0,1,39218.8,11699.3,
0,1,0,828,12528.5,1,0,1,21723.2,2356.1,
0,1,0,829,21387.1,1,0,1,21446.7,2082.61,
0,1,0,830,15781,1,0,1,23622.7,28533.6,
0,1,0,834,11890.6,1,0,1,37420.5,9434.95,
0,1,0,835,31464.3,3,0,3,36856.8,5593.94,
1,2,1,835,18940.9,993,991,2,38153.5,8874.85,
0,1,0,837,22149.8,1,0,1,12350.9,3947.6,
0,1,0,839,7833.11,1,0,1,38112.8,4921.64,
0,1,0,840,4390.94,1,0,1,36513.6,39832.9,
0,1,0,842,12108.1,1,0,1,25113.7,3357.19,
2,3,2,843,39137.9,2247,2243,4,38762.2,5130.79,
0,1,0,844,11686,1,0,1,19190.7,17031.4,
0,1,0,847,16179.3,1,0,1,29364.8,8624.26,
0,1,0,851,13343,1,0,1,38782.1,8436.11,
0,1,0,851,16410.8,2,0,2,33926.3,14763,
0,1,0,852,53990.7,5,0,5,38701.7,17895.4,
0,1,0,854,12280.1,1,0,1,36679.8,23182.6,
0,1,0,857,7767.44,1,0,1,36158.1,1706.7,
2,3,2,858,56644.5,7,2,5,12477.3,8984.71,
0,1,0,861,7248.72,1,0,1,22401,39996.8,
0,1,0,865,19245.3,1,0,1,2585.18,34703.2,
1,2,1,868,19621.6,1333,1331,2,21362.9,22859.2,
0,1,0,871,18820.7,2,0,2,570.958,1627.55,
0,1,0,874,17816,1,0,1,35915.1,13778.6,
1,2,1,877,17670.2,1564,1562,2,35921.8,7305.7,
0,1,0,879,14626.1,1,0,1,18136.4,6733.73,
0,1,0,881,9056.39,1,0,1,30235.2,35620,
0,1,0,882,10941.7,1,0,1,40276.7,14572.1,
0,1,0,885,25368.3,2,0,2,18151.2,12008.4,
0,1,0,886,6943.75,1,0,1,10470.9,1471.94,
0,1,0,887,5532.52,1,0,1,10533,1313,
0,1,0,887,13717.2,1,0,1,15407.3,36551.7,
0,1,0,889,77895.8,6,0,6,1805.76,13695.8,
0,1,0,889,8243.21,1,0,1,20963.4,15637.2,
1,2,1,893,41096,2349,2346,3,16353,14327.5,
1,2,1,895,23829.2,2402,2400,2,5021.32,2627.09,
0,1,0,896,7320.56,1,0,1,24974.7,6925.94,
0,1,0,896,9483.17,1,0,1,38451.3,563.141,
0,1,0,897,3485.63,1,0,1,5648.77,1190.77,
0,1,0,898,18701,1,0,1,28067.3,10884.5,
0,1,0,899,17404.8,1,0,1,1682.5,2191.66,
0,1,0,899,99115.9,10,0,10,17904.1,3138.24,
0,1,0,902,15181.5,2,0,2,7295.17,2651.28,
0,1,0,902,21681.4,1,0,1,14940.2,662.114,
1,2,1,905,17221.6,3,1,2,40148.8,39399.4,
0,1,0,908,10833.2,1,0,1,23793.9,35007.3,
0,1,0,912,6487.39,1,0,1,37180.9,14373.9,
0,1,0,918,24750.4,2,0,2,13122,32013.4,
0,1,0,918,6261.61,1,0,1,39254.5,17362.7,
0,1,0,919,11859.7,1,0,1,39673.4,17410.1,
0,1,0,921,7842.49,1,0,1,39539.2,17551.6,
0,1,0,927,11825.4,1,0,1,32202.1,10590.4,
0,1,0,932,17766,1,0,1,34238.1,15104.2,
0,1,0,935,17686.3,2,0,2,14036.8,25185.2,
0,1,0,936,5258.82,1,0,1,39023.1,2293.35,
0,1,0,938,153961,11,0,11,30337.2,20450.3,
0,1,0,947,9108.82,1,0,1,15926.6,7930.81,
0,1,0,947,9467.44,1,0,1,33336.8,33332,
0,1,0,948,17277.7,1,0,1,39062.2,21607.6,
0,1,0,949,28982,1,0,1,12988.3,10838.4,
1,2,1,950,10641.8,177,175,2,8151.82,6753.09,
0,1,0,950,19901,1,0,1,14748.3,21480.1,
0,1,0,951,15274.2,2,0,2,36027,20057.1,
1,2,1,953,28648.9,799,797,2,26883.5,12926.1,
1,2,1,954,34676,943,940,3,6473.57,3866.15,
0,1,0,957,5539.79,1,0,1,5089.25,7263.53,
0,1,0,959,5725.51,1,0,1,34523.2,24821.9,
0,1,0,960,7345.04,1,0,1,36512.1,588.745,
0,1,0,961,42719.5,3,0,3,9239.96,35720.3,
0,1,0,964,15112.7,1,0,1,32521.3,15699,
0,1,0,967,6955.04,1,0,1,12509.3,11424.9,
0,1,0,968,15096.5,1,0,1,13397.3,10875.5,
0,1,0,973,54133.1,4,0,4,11534.9,20307.4,
0,1,0,973,9162.91,1,0,1,29765.3,15045.9,
0,1,0,974,10538.3,1,0,1,6149.87,2362.35,
0,1,0,979,13081.9,1,0,1,22475.2,37455.9,
0,1,0,980,21288.6,1,0,1,34782.2,38360.9,
1,2,1,981,254691,14,1,13,1272.7,32574.7,
0,1,0,982,23705,1,0,1,32915.5,3106.9,
0,1,0,986,5003.76,1,0,1,15214.9,22331.9,
0,1,0,988,7516.65,1,0,1,1940.42,13067.5,
0,1,0,990,8934.33,1,0,1,32175.5,16008.1,
0,1,0,992,11603.9,1,0,1,9372.25,10399,
2,3,2,995,152232,1253,1243,10,37678.1,27059.8,
1,2,1,998,21286.9,5,3,2,10531.1,11669.2,
1,2,1,1007,19830.6,1916,1914,2,39193.5,21765.7,
0,1,0,1007,7763.04,1,0,1,37825.2,8166.96,
0,1,0,1008,32395.2,1,0,1,8997.7,6259.9,
0,1,0,1009,13710.6,1,0,1,9245.69,6344.35,
0,1,0,1011,7735.98,1,0,1,16203.6,34686.7,
1,2,1,1014,21804.7,2110,2108,2,25788.1,875.576,
0,1,0,1014,7329.26,1,0,1,10551.5,17876.2,
1,2,1,1015,25856.6,13,11,2,15593.6,8034.48,
0,1,0,1015,27891.5,3,0,3,38789.5,11425.6,
0,1,0,1018,7289.77,1,0,1,19085.3,19447.1,
0,1,0,1018,7353.03,1,0,1,3477.45,23850,
1,2,1,1021,16304,809,807,2,21621,2082.82,
0,1,0,1029,20812.4,1,0,1,8811.69,512.003,
0,1,0,1032,9982.15,1,0,1,27589.5,17157.8,
0,1,0,1033,6914.12,1,0,1,5822.97,31951,
0,1,0,1034,30054.5,2,0,2,37606.9,32400.8,
0,1,0,1038,18437.2,1,0,1,3284.78,7095,
0,1,0,1040,5650.01,1,0,1,14931.2,9552.56,
0,1,0,1040,16646.4,1,0,1,19607.9,34049.3,
0,1,0,1040,5558.74,1,0,1,29331.4,27587.8,
0,1,0,1042,25246.9,2,0,2,39427,36452.9,
0,1,0,1045,28626.6,2,0,2,21048.2,36717,
1,2,1,1047,108355,1026,1017,9,15070.5,25833.9,
0,1,0,1050,9088.3,1,0,1,9024.34,29129.5,
0,1,0,1052,22088,2,0,2,24273.6,33208.5,
1,2,1,1055,33215.4,957,955,2,8611.26,20441.4,
0,1,0,1057,14049.7,1,0,1,15544.2,8831.46,
0,1,0,1058,115435,9,0,9,15750.2,8730.01,
0,1,0,1059,10468.2,1,0,1,9823.23,5097.17,
0,1,0,1063,18169,1,0,1,24637.8,27542.9,
0,1,0,1063,21302.9,2,0,2,28607.4,24660.4,
0,1,0,1064,30609.4,2,0,2,2376.41,11630.5,
0,1,0,1066,47623.9,4,0,4,31129.3,14383.1,
0,1,0,1068,4901.25,1,0,1,16937.7,570.151,
0,1,0,1070,8157.69,1,0,1,13554.5,9652.99,
0,1,0,1070,12234.8,1,0,1,16996.2,7240.6,
0,1,0,1071,9985.82,1,0,1,37815.3,18150.5,
0,1,0,1072,7020.66,1,0,1,5211.73,567.025,
0,1,0,1072,10845.1,1,0,1,28743.3,8311.65,
0,1,0,1074,55893.9,5,0,5,12063.9,16385.2,
0,1,0,1074,6041.32,1,0,1,36327.7,1281.24,
0,1,0,1076,7196.91,1,0,1,33181.4,15505.6,
0,1,0,1076,11592.8,1,0,1,17167.7,25373.9,
0,1,0,1078,15739.7,1,0,1,17528.3,28489.3,
1,2,1,1078,69944.7,2900,2894,6,10195.9,17369.2,
0,1,0,1080,12706.1,1,0,1,24413.8,27673.8,
0,1,0,1081,13844.9,1,0,1,34153.5,7490.39,
0,1,0,1081,6268.81,1,0,1,13260.4,27689.1,
0,1,0,1084,6419.75,1,0,1,38788.8,30848.3,
0,1,0,1086,12099.4,1,0,1,36010.4,3764.01,
1,2,1,1087,17324.4,2433,2431,2,24858.7,4690.57,
0,1,0,1087,86657.8,6,0,6,6727.58,12101.5,
0,1,0,1087,5274.05,1,0,1,6815.54,17402.7,
0,1,0,1088,17552.5,1,0,1,25858.8,3442.02,
0,1,0,1089,11109.1,1,0,1,12425.2,14619.2,
0,1,0,1090,5601.34,1,0,1,34038.2,30655.3,
0,1,0,1090,11124.1,1,0,1,17405.4,5710.15,
1,2,1,1092,23103.3,693,691,2,8787.18,9677.01,
6,7,6,1093,80092.7,26,18,8,9086.65,37515.2,
0,1,0,1095,8264.96,1,0,1,13642.9,6313.83,
0,1,0,1095,15584.4,1,0,1,13926.2,32417.7,
1,2,1,1097,20747.9,2031,2029,2,27540.2,1568.67,
0,1,0,1097,16199.5,1,0,1,16193.4,5233.71,
1,2,1,1098,24107.8,1094,1092,2,18893.9,19559.8,
1,2,1,1098,23267,2768,2766,2,38514.9,16581.2,
0,1,0,1099,38771.9,3,0,3,12572.7,38159.9,
0,1,0,1104,22700.9,2,0,2,33199.5,19177.4,
0,1,0,1107,9933.06,1,0,1,12493.4,15485,
0,1,0,1108,12740.1,1,0,1,32857,9549.82,
0,1,0,1109,8594.26,1,0,1,17774.8,27901.4,
0,1,0,1112,20612.2,1,0,1,15232.1,36248.7,
0,1,0,1114,5931.72,1,0,1,19518.7,34556.9,
0,1,0,1117,6754.41,1,0,1,28946.7,16981,
0,1,0,1119,14967.9,1,0,1,21887.1,15359.7,
0,1,0,1119,8952.29,1,0,1,13284.2,6002.73,
0,1,0,1121,12302.5,1,0,1,16116.5,10645.9,
0,1,0,1121,17300.5,1,0,1,36020.1,9219.16,
4,5,4,1121,106423,30,19,11,3829.25,18804.5,
0,1,0,1122,18484.7,1,0,1,36127.7,9001.6,
0,1,0,1122,7916.98,1,0,1,20274.5,37726.4,
0,1,0,1129,11470.5,1,0,1,20561.2,22877.3,
0,1,0,1129,11283.9,1,0,1,34627.3,13210.8,
0,1,0,1131,8388.8,1,0,1,28018.9,12269.9,
0,1,0,1131,13629.3,1,0,1,33890.6,19734.6,
0,1,0,1132,11835.9,1,0,1,24790.7,30830.8,
0,1,0,1136,22343.5,1,0,1,24630.2,13970.4,
2,3,2,1137,41289.9,1977,1974,3,26573.9,15685.8,
0,1,0,1138,14335.2,1,0,1,31684.9,23423.2,
0,1,0,1140,5897.55,1,0,1,18523.9,3300.69,
1,2,1,1140,52076.8,8,5,3,20848.3,13898.7,
0,1,0,1142,11055.6,1,0,1,39465.2,37521.6,
0,1,0,1147,10559.9,1,0,1,35048.4,19585.8,
0,1,0,1148,17192.5,1,0,1,25804.3,25566.9,
0,1,0,1150,47571.1,5,0,5,17422,27693.5,
0,1,0,1153,11011.1,1,0,1,11547.7,38267.9,
0,1,0,1157,12794.4,2,0,2,24013,1181.13,
0,1,0,1158,11172.4,1,0,1,19937.9,9401.76,
0,1,0,1158,26211.1,2,0,2,25877.4,12943.9,
0,1,0,1159,5100.73,1,0,1,33744.7,37975.5,
0,1,0,1159,30625.5,2,0,2,22796.2,9192.56,
1,2,1,1159,17559.5,625,623,2,38876.7,9585.93,
0,1,0,1161,19912.2,1,0,1,39850.7,39166.4,
0,1,0,1162,6560.33,1,0,1,29285.4,4919.77,
0,1,0,1163,6928.3,1,0,1,18033.8,26667.7,
0,1,0,1168,7526.61,1,0,1,1886.97,38891.3,
0,1,0,1169,12092.6,1,0,1,31141,3076.13,
0,1,0,1171,38999.5,2,0,2,14881.4,31784,
0,1,0,1171,11160.8,1,0,1,22829.2,27585.6,
0,1,0,1172,15111.8,1,0,1,6505.03,1434.39,
0,1,0,1173,8945.95,1,0,1,20680.4,30991.3,
0,1,0,1175,17284.9,2,0,2,6808.32,2326.14,
0,1,0,1175,7152.31,1,0,1,38441.4,27212.2,
0,1,0,1177,18279.2,1,0,1,37590.6,30160.3,
0,1,0,1178,10563.5,1,0,1,30152.6,11072.8,
0,1,0,1182,12365.3,1,0,1,16870.4,32899.2,
0,1,0,1185,8439.89,1,0,1,33066.1,2672.51,
0,1,0,1186,13061.7,2,0,2,35398.1,2718.02,
0,1,0,1188,8460.01,1,0,1,36810.8,30944.9,
0,1,0,1191,20516.1,1,0,1,4924.19,21941.6,
0,1,0,1196,4801.08,1,0,1,37536.2,26952.4,
1,2,1,1197,58767.8,6,1,5,36334.1,8629.56,
0,1,0,1202,13210.8,1,0,1,32917.7,28887.2,
0,1,0,1204,8620.54,1,0,1,11136,10063.8,
0,1,0,1204,20555.8,2,0,2,34463.7,11095.7,
0,1,0,1207,10179.6,1,0,1,34471.4,19388.5,
0,1,0,1211,16622.1,1,0,1,7765.23,12195.7,
0,1,0,1214,9486.29,1,0,1,6338.34,5832.58,
0,1,0,1214,14571.5,2,0,2,27420.9,5898.63,
0,1,0,1216,14391.7,2,0,2,37377.8,16825.2,
0,1,0,1220,31699.1,3,0,3,22877.4,7244.24,
0,1,0,1222,7666.4,1,0,1,10153.7,7560.32,
0,1,0,1224,28139.6,1,0,1,34151.7,539.811,
0,1,0,1227,13145.8,2,0,2,36020.4,29993.4,
0,1,0,1229,13373.9,1,0,1,30368,9677.22,
0,1,0,1233,37647.6,2,0,2,13317.8,26771.2,
1,2,1,1237,30643.8,2253,2251,2,14872.9,1842.93,
0,1,0,1237,386317,27,0,27,29939,18215.6,
0,1,0,1239,14649.8,1,0,1,15188.3,9451.12,
0,1,0,1239,14956,1,0,1,20432.5,20795.3,
0,1,0,1240,178984,13,0,13,13054.8,37428.3,
0,1,0,1241,18805.2,1,0,1,36806.8,8094.23,
0,1,0,1241,8049.61,1,0,1,9447.24,38581.3,
0,1,0,1247,8929.81,1,0,1,33798.8,17879.6,
2,3,2,1248,41740.8,2508,2505,3,36723,9709.94,
0,1,0,1249,6011.42,1,0,1,11594.1,577.071,
0,1,0,1250,6597.37,1,0,1,5106.95,22834.5,
0,1,0,1255,23602.2,1,0,1,13411,16459.3,
0,1,0,1257,6167.2,1,0,1,13721,16066.3,
0,1,0,1261,7289.67,1,0,1,24230.5,3988.78,
0,1,0,1264,6095.3,1,0,1,24497.6,21111.4,
1,2,1,1264,26267.8,2227,2225,2,18943.2,1211.56,
1,2,1,1266,22231.4,4,2,2,13171.3,902.113,
0,1,0,1267,15850.2,1,0,1,35589.3,14772.3,
0,1,0,1268,6581.77,1,0,1,6091.85,14708.2,
1,2,1,1269,16589.8,1463,1461,2,2150.96,14763.8,
0,1,0,1273,73448.5,1,0,1,14091.5,3835.91,
0,1,0,1274,10465.3,1,0,1,30362.3,22429.1,
0,1,0,1274,16474.8,1,0,1,35203.7,21232.8,
0,1,0,1275,14730.6,1,0,1,38682.1,4464.13,
0,1,0,1276,22319.3,1,0,1,30238.3,19851.3,
0,1,0,1277,53644.7,5,0,5,38147.5,16655.3,
0,1,0,1280,11614.3,1,0,1,32823.4,32099.3,
0,1,0,1280,8625.63,1,0,1,15858.6,25715,
0,1,0,1282,14877.9,1,0,1,15578.1,11392.7,
1,2,1,1282,34132.5,1385,1383,2,25190.4,2104.27,
0,1,0,1283,15065.8,1,0,1,28856.9,783.857,
0,1,0,1284,12230.1,1,0,1,37929.2,27230.6,
0,1,0,1290,5433.01,1,0,1,39576.9,27509.2,
0,1,0,1290,11827.6,1,0,1,7257.93,21550.9,
0,1,0,1294,33617.9,3,0,3,29784.3,40051.8,
0,1,0,1295,22948.6,2,0,2,33242.5,34062.7,
0,1,0,1295,18137.4,1,0,1,22258.7,6263.51,
1,2,1,1297,303823,1431,1408,23,16992.7,25648.7,
1,2,1,1302,55251,7,3,4,15014.6,10190.5,
1,2,1,1306,105175,9,1,8,15697.5,27886.2,
0,1,0,1308,27586.9,2,0,2,1576.74,29629.7,
1,2,1,1308,39701.8,1070,1066,4,13941.3,29868.9,
2,3,2,1312,35762.2,781,778,3,21633.7,14564.1,
0,1,0,1314,27738.2,1,0,1,22238,7422.07,
1,2,1,1315,17659.5,1909,1907,2,24802.1,19811.2,
0,1,0,1318,20827,1,0,1,19598.3,23180.8,
0,1,0,1320,9910.2,1,0,1,11862.2,21463.6,
0,1,0,1322,7497.65,1,0,1,20967.1,23450.7,
0,1,0,1322,17805.8,1,0,1,38699.5,17348.8,
0,1,0,1325,5036.34,1,0,1,17278.7,5385.27,
0,1,0,1328,7454.62,1,0,1,6649.17,4112.41,
0,1,0,1328,15883.5,1,0,1,16800.5,35587.2,
0,1,0,1329,9270.02,1,0,1,31824.7,23541.5,
0,1,0,1329,8798.42,1,0,1,6607.93,4477.1,
0,1,0,1332,21230.4,2,0,2,21482.7,4858.16,
0,1,0,1333,12520.8,1,0,1,37585.1,28797.2,
0,1,0,1334,4793.69,1,0,1,25079,7775.72,
1,2,1,1335,27256,885,883,2,13545.8,39632.8,
1,2,1,1337,21790.8,1382,1380,2,31021.3,5207.36,
1,2,1,1339,36232.1,2156,2153,3,33510.6,29176.4,
0,1,0,1339,47062.2,4,0,4,19849.4,7467.58,
0,1,0,1339,9486.18,1,0,1,33613.7,1792.67,
0,1,0,1339,21861.5,2,0,2,34618.2,15226.1,
0,1,0,1341,8283.6,1,0,1,24978.3,14439.2,
0,1,0,1343,14947.4,1,0,1,22459.8,8132.07,
0,1,0,1345,19552.5,1,0,1,2554.71,1673.02,
1,2,1,1346,47256.4,5,1,4,22866.3,32713.8,
0,1,0,1349,6374.46,1,0,1,34457.6,25467.1,
2,3,2,1350,191926,2363,2350,13,30315.4,7910.06,
0,1,0,1350,8475.41,1,0,1,38610.1,15828.4,
0,1,0,1351,9505.75,1,0,1,28299.3,18079.2,
0,1,0,1352,23408.3,1,0,1,37796.8,15667.7,
0,1,0,1352,22481.5,1,0,1,14869.3,26322.3,
0,1,0,1354,10619.7,1,0,1,26079.9,3030.51,
1,2,1,1354,183999,17,1,16,21503.2,31332.7,
1,2,1,1355,30925.2,1586,1584,2,4329.86,10263.7,
0,1,0,1358,12739.2,1,0,1,7179.27,12968,
0,1,0,1358,8917.29,1,0,1,26454.8,14502.9,
0,1,0,1360,22690.6,1,0,1,31503.2,7073.65,
0,1,0,1360,26825.9,2,0,2,20665,1154.29,
0,1,0,1366,28951.5,2,0,2,7740.37,17339.7,
2,3,2,1366,49482.2,6,2,4,30594.7,14699.3,
0,1,0,1367,27610.1,2,0,2,22600.9,35879.7,
1,2,1,1368,24544.4,2359,2357,2,24569.3,7233.43,
0,1,0,1369,4790.88,1,0,1,28719.8,21489,
0,1,0,1369,12943.4,1,0,1,31445.4,25138.3,
0,1,0,1371,12676.1,1,0,1,27574.6,3087.1,
0,1,0,1374,11588.7,1,0,1,31023.8,25291.2,
0,1,0,1375,8918.25,1,0,1,40121.9,11123.8,
2,3,2,1375,53081.2,2451,2447,4,20026,3298.89,
0,1,0,1379,10170.3,1,0,1,31547.8,39240.2,
0,1,0,1381,4629.47,1,0,1,21209.8,33760.9,
0,1,0,1381,11094.4,1,0,1,32350.3,39014.6,
0,1,0,1385,11080.3,1,0,1,6150.33,6638.32,
0,1,0,1386,14823.5,1,0,1,14935.4,13835.6,
0,1,0,1386,19996.6,1,0,1,33003.8,40218.8,
0,1,0,1386,6649,1,0,1,33723,23577.8,
0,1,0,1387,11070,1,0,1,27133.4,18422.5,
6,7,6,1393,93898.4,62,53,9,31226.2,32530.5,
0,1,0,1395,10167.8,1,0,1,27082.3,16786.5,
0,1,0,1396,8242.9,1,0,1,1830.84,2429.28,
0,1,0,1397,18118.7,1,0,1,20317.7,10317.2,
0,1,0,1398,7836.23,1,0,1,25385.4,13543,
0,1,0,1400,6280.31,1,0,1,3114.16,4321.33,
0,1,0,1405,15650,1,0,1,33304.8,24375.4,
0,1,0,1406,13067.9,1,0,1,27944.1,11638.1,
0,1,0,1408,29629.6,3,0,3,27580,12211.3,
0,1,0,1409,6317.52,1,0,1,29614.8,16589,
0,1,0,1411,14591.6,1,0,1,9704.27,25955,
0,1,0,1414,20777.9,1,0,1,9536.06,6894.75,
0,1,0,1417,7209.83,1,0,1,16820.9,29817.2,
0,1,0,1419,9470.23,1,0,1,33967.1,13529.9,
0,1,0,1419,8885.6,1,0,1,21799.5,20606.3,
0,1,0,1420,11276.9,1,0,1,33804.2,13162.6,
0,1,0,1420,12056,1,0,1,22857.6,8740.39,
1,2,1,1420,40636.6,281,278,3,22495.2,21087.1,
0,1,0,1436,11028.4,1,0,1,23092.3,15099.4,
1,2,1,1438,30913.6,455,453,2,16122.9,32656.2,
0,1,0,1440,13588,1,0,1,17563.6,10461.8,
0,1,0,1446,8971.7,1,0,1,38649.6,34432.1,
0,1,0,1447,7259.02,1,0,1,26816.3,1463.27,
0,1,0,1449,10334.1,1,0,1,14657.1,8305.87,
0,1,0,1450,12914.9,1,0,1,39372.9,3431.63,
0,1,0,1452,11965.5,1,0,1,36935,30565.4,
0,1,0,1454,8544.24,1,0,1,15670.1,14050.8,
0,1,0,1455,12895.9,1,0,1,16120.9,14606.1,
0,1,0,1456,18658.5,1,0,1,31022.3,23089,
1,2,1,1461,32358.1,1449,1447,2,18415.8,9767.64,
1,2,1,1461,54877.6,1645,1642,3,7571.25,7456.89,
0,1,0,1463,11276.8,1,0,1,21545.7,1935.17,
0,1,0,1465,14287.9,1,0,1,24182.7,26650.7,
0,1,0,1466,12065.6,1,0,1,12053.2,35807.5,
0,1,0,1466,5794.31,1,0,1,33141.3,4025.82,
0,1,0,1468,24035.7,1,0,1,22379,28059.4,
1,2,1,1470,22669.7,519,517,2,26631.1,9552.7,
0,1,0,1471,6560.11,1,0,1,11429.5,37136.4,
0,1,0,1473,96803.7,8,0,8,5959.09,1266.67,
0,1,0,1473,4682.05,1,0,1,7553.2,34852.8,
0,1,0,1476,4790.39,1,0,1,1095.45,14032.6,
0,1,0,1478,48265.3,4,0,4,28145.6,25909.4,
0,1,0,1481,5495.57,1,0,1,29393.9,3137.34,
0,1,0,1486,5401.36,1,0,1,16381.4,12981.8,
0,1,0,1489,41027,4,0,4,3614.17,5325.04,
0,1,0,1497,7185.45,1,0,1,24039.8,14501,
0,1,0,1499,34472.2,2,0,2,39668,17150.5,
0,1,0,1503,6008.53,1,0,1,25472.2,1074.26,
0,1,0,1508,9439.54,1,0,1,5479.04,12291.6,
0,1,0,1509,9923.86,1,0,1,11699.6,30371.4,
0,1,0,1510,176241,16,0,16,4875.61,1508.01,
1,2,1,1511,46733.1,5,1,4,3473.14,11081.5,
1,2,1,1513,29313.2,237,234,3,21898,16068.9,
0,1,0,1514,18537.1,1,0,1,3538.26,10911.9,
0,1,0,1515,10245.1,1,0,1,30631.8,25839.2,
0,1,0,1517,16121.8,1,0,1,17492.2,25296.8,
2,3,2,1525,31673,7,3,4,17743.5,12362.2,
15,16,15,1525,238376,1486,1465,21,26942.6,19267.8,
0,1,0,1531,25264.7,1,0,1,16320.2,11840.8,
1,2,1,1531,21016,3,1,2,555.886,40292.1,
0,1,0,1531,6033.72,1,0,1,35638.8,16055.1,
0,1,0,1533,5954.78,1,0,1,20494.3,26933.9,
0,1,0,1535,6275.22,1,0,1,5523.8,4002.96,
0,1,0,1535,11895.7,1,0,1,13707.1,8092.16,
1,2,1,1538,27052.2,1824,1822,2,3873.18,12749.1,
0,1,0,1539,5424.09,1,0,1,29139.9,31215.9,
0,1,0,1540,12679.8,1,0,1,37219,33219.3,
0,1,0,1543,29184.2,3,0,3,18098.2,39598.3,
0,1,0,1547,13622.9,1,0,1,10036.2,15828.9,
0,1,0,1548,9297.82,1,0,1,1601.27,23610,
0,1,0,1548,11277.7,1,0,1,16579.6,27418.7,
0,1,0,1553,19607.4,1,0,1,35525.3,22570.1,
0,1,0,1560,23414.3,1,0,1,15446.3,20054,
0,1,0,1560,8617.58,1,0,1,18778,8591.05,
0,1,0,1560,16375.7,2,0,2,20518,31407.6,
0,1,0,1561,27979.9,2,0,2,12865.4,36807.2,
0,1,0,1561,5830.02,1,0,1,18727.5,8173.58,
0,1,0,1562,4516.69,1,0,1,15908.2,6903.95,
0,1,0,1566,30964.9,3,0,3,2767.83,37010.1,
0,1,0,1573,8525.24,1,0,1,38536.3,12077.2,
0,1,0,1576,10965.6,1,0,1,9637.54,2735.59,
0,1,0,1576,19759.6,1,0,1,38168.1,11822.8,
0,1,0,1577,7072.21,1,0,1,38476.1,11531.8,
0,1,0,1577,10734.7,1,0,1,20165.8,22938.4,
0,1,0,1578,10316.8,1,0,1,19903.3,6874.49,
0,1,0,1595,34875.1,2,0,2,13196.6,5002.02,
0,1,0,1597,8350.56,1,0,1,11192.3,9507.68,
1,2,1,1597,39125.6,4,1,3,34084.4,15722,
0,1,0,1601,6251.81,1,0,1,11964.9,3071.51,
0,1,0,1604,10150.5,1,0,1,10628.6,1916.19,
0,1,0,1606,13427.6,1,0,1,21129.7,9776.78,
0,1,0,1607,6354.06,1,0,1,31948.9,11215.7,
0,1,0,1608,24591.5,3,0,3,38653.4,17021.6,
1,2,1,1612,40453.5,28,25,3,36389.5,14751.3,
0,1,0,1615,6234.51,1,0,1,20025.9,2076.68,
0,1,0,1617,4738.28,1,0,1,2094.13,15831.5,
0,1,0,1618,10814.1,1,0,1,2564.83,15519.2,
0,1,0,1619,9784.43,1,0,1,1153.47,19724.2,
0,1,0,1619,14305.9,1,0,1,9324.6,17993.3,
0,1,0,1621,7266.11,1,0,1,18461.1,11866.4,
0,1,0,1625,5318.82,1,0,1,39259.6,15513.8,
0,1,0,1627,16021.4,1,0,1,26326.3,7471.17,
0,1,0,1627,15207.4,1,0,1,17169.8,8981.16,
0,1,0,1629,16036,1,0,1,2165.83,11774.9,
0,1,0,1631,25233.5,2,0,2,12292.1,26949.3,
0,1,0,1632,6818.63,1,0,1,35108.6,13313.2,
0,1,0,1643,18529.1,1,0,1,1394.74,6618.65,
0,1,0,1644,8524.97,1,0,1,14407.2,18407.9,
0,1,0,1648,71321.8,7,0,7,23682.6,39235,
0,1,0,1654,11397.8,1,0,1,38637.9,2263.6,
0,1,0,1658,6690.58,1,0,1,26943.6,1962.22,
0,1,0,1659,26006.7,2,0,2,36985.4,712.122,
1,2,1,1660,12489.5,677,675,2,8876.39,8437.87,
0,1,0,1662,12741.2,1,0,1,27670,14802.9,
0,1,0,1671,14840.5,1,0,1,1831.2,8006.05,
0,1,0,1679,4662.93,1,0,1,16194.6,24950.7,
0,1,0,1681,14291.1,1,0,1,27090.7,4112.17,
0,1,0,1686,5548.73,1,0,1,3419.89,21140,
0,1,0,1688,14710.8,1,0,1,20576.7,1744.08,
0,1,0,1688,5486.13,1,0,1,21342,3241.05,
0,1,0,1690,5212.14,1,0,1,11297.1,7808.95,
0,1,0,1692,14916.1,1,0,1,6861.83,6751.48,
2,3,2,1695,32709.7,2109,2105,4,4479.14,8764.04,
0,1,0,1697,6199.13,1,0,1,34027.2,35992.7,
0,1,0,1702,9127.14,1,0,1,4027.22,9452.36,
0,1,0,1707,15426.5,1,0,1,8986.23,7816.48,
0,1,0,1707,2890.45,1,0,1,3602.44,14038,
0,1,0,1708,11304.2,1,0,1,8533.43,8133.27,
0,1,0,1708,19310.3,1,0,1,29638,22846.5,
1,2,1,1709,54736.5,8,2,6,17587.6,14665,
0,1,0,1709,8931.42,1,0,1,10947,30520.3,
1,2,1,1710,42880.9,262,259,3,12896.8,5680.09,
0,1,0,1711,4279.52,1,0,1,20960,11926.9,
0,1,0,1711,27432.9,2,0,2,19400.2,8080.11,
0,1,0,1713,15025.8,1,0,1,27938.5,12850.5,
0,1,0,1714,6508.74,1,0,1,14322.7,26894.3,
0,1,0,1717,6783.67,1,0,1,9016.75,8326.56,
1,2,1,1723,30917.6,1516,1513,3,31654.6,2075.41,
0,1,0,1724,25554.7,2,0,2,30944.7,18177.8,
0,1,0,1725,23554.9,2,0,2,20180.9,12062.8,
0,1,0,1725,7821.85,1,0,1,21548.3,10562.8,
1,2,1,1725,26050.9,1634,1632,2,27042.1,15253,
0,1,0,1727,6081.38,1,0,1,24158.5,6930.14,
0,1,0,1728,10471,1,0,1,3846.87,36341.5,
0,1,0,1730,14984.3,1,0,1,19161.2,7621.7,
0,1,0,1731,15308.2,1,0,1,32270.3,19603.5,
0,1,0,1732,8059.52,1,0,1,23189.9,17402.6,
0,1,0,1733,38193.4,2,0,2,23880.6,17531.6,
0,1,0,1734,18429,1,0,1,18704,10961.8,
0,1,0,1737,58370.7,2,0,2,24783.8,21375.6,
0,1,0,1739,13839.7,2,0,2,31622.6,27229.4,
0,1,0,1740,18175.2,1,0,1,11428.4,13088.1,
0,1,0,1744,6469.98,1,0,1,16284.7,9860.55,
0,1,0,1749,15061.6,1,0,1,33767.4,1466.63,
0,1,0,1750,8034.77,1,0,1,31732.5,8311.33,
0,1,0,1751,18361.9,1,0,1,26304.4,31688.7,
0,1,0,1754,8010.7,1,0,1,14009.3,26395.3,
0,1,0,1754,13073.7,1,0,1,32462.3,26404.2,
0,1,0,1759,89241.3,6,0,6,4874.34,23599.1,
1,2,1,1767,14795.1,1065,1063,2,17010.3,5117.94,
3,4,3,1768,181330,949,935,14,20884.3,18739.7,
0,1,0,1769,38643.5,2,0,2,20004.6,5249.35,
0,1,0,1770,23755.4,2,0,2,36816.3,22225.7,
0,1,0,1773,5458.84,1,0,1,13972.3,17836,
0,1,0,1774,18404.4,1,0,1,8870.47,22815.5,
0,1,0,1776,19743.9,2,0,2,38506.7,17360.9,
1,2,1,1777,84556.1,24,17,7,4790.35,15708,
0,1,0,1785,23909.8,2,0,2,17519.7,38078.9,
0,1,0,1785,14673,1,0,1,14885.8,19496.8,
0,1,0,1786,19120.3,1,0,1,33500.6,15399.4,
1,2,1,1789,16877,1172,1170,2,20957.4,14899.6,
0,1,0,1792,7687.44,1,0,1,26931.8,1088.31,
0,1,0,1794,7993.21,1,0,1,23300.7,27136.7,
0,1,0,1795,4138.73,1,0,1,38313.9,6585.38,
0,1,0,1799,20260.1,1,0,1,19296.5,25563.3,
0,1,0,1803,13142.2,1,0,1,2213.91,15512,
1,2,1,1803,17732.7,7,5,2,35366.6,5065.27,
1,2,1,1809,24599.3,193,191,2,8160.63,11131.9,
0,1,0,1810,11081.1,1,0,1,16619.1,11985.3,
0,1,0,1812,29775.5,1,0,1,10053.2,11132.5,
0,1,0,1814,16823.2,1,0,1,29682,11864.3,
0,1,0,1815,7119.42,1,0,1,3266.07,24520.4,
0,1,0,1818,16730.3,1,0,1,11728.3,24635.8,
4,5,4,1818,92241.1,29,20,9,11015.7,15808.2,
0,1,0,1820,22971.7,2,0,2,30173.2,40162.4,
0,1,0,1821,16514.6,2,0,2,18553.1,25925.4,
0,1,0,1823,18327.7,1,0,1,39334.8,21814.2,
0,1,0,1824,7435.75,1,0,1,35785.3,3893.24,
0,1,0,1825,9393.96,1,0,1,23889.8,8133.52,
0,1,0,1825,17850.3,1,0,1,19776.4,40231.7,
0,1,0,1826,5400.55,1,0,1,21991.4,2389.81,
0,1,0,1828,9670.07,1,0,1,19411.1,20488.6,
0,1,0,1829,18118.9,1,0,1,30403,15530.7,
0,1,0,1831,43082.3,5,0,5,8221.35,32409.7,
0,1,0,1832,20554.3,1,0,1,3360.58,5094.91,
0,1,0,1832,10950.4,1,0,1,18685.9,15867.8,
0,1,0,1834,7091.18,1,0,1,23991.6,8875.78,
0,1,0,1836,7248.57,1,0,1,21273.7,5903.85,
0,1,0,1837,15291.9,1,0,1,36314.4,8130.48,
0,1,0,1843,9749.23,1,0,1,11254,15476.2,
0,1,0,1847,26077.6,2,0,2,31062.5,6524.03,
0,1,0,1849,24511.5,4,0,4,1186.86,11320.3,
0,1,0,1850,3811.97,1,0,1,2816.29,33576.9,
0,1,0,1852,8061.89,1,0,1,30999.1,1856.34,
0,1,0,1855,28074.9,2,0,2,33682.1,35904,
0,1,0,1857,10215.4,1,0,1,29279.7,16587.2,
0,1,0,1857,53447.9,4,0,4,16562.7,28192.9,
0,1,0,1857,9423.69,1,0,1,7724.83,16900.2,
0,1,0,1861,55760.2,4,0,4,37654.4,31158.8,
0,1,0,1862,6542.32,1,0,1,18502.9,20720.7,
14,15,14,1862,188817,508,491,17,35710.9,34231.8,
0,1,0,1863,10317,1,0,1,39545.3,11108,
0,1,0,1864,7265.87,1,0,1,39123.2,9941.43,
0,1,0,1865,5379.23,1,0,1,20131.5,11289.8,
0,1,0,1865,11663.7,1,0,1,36235.1,6116.11,
0,1,0,1866,37216.1,3,0,3,39104.2,9121.24,
0,1,0,1867,18615.9,1,0,1,7617.43,4892.83,
0,1,0,1868,9699.53,1,0,1,35774.8,23887.4,
0,1,0,1869,12519.7,1,0,1,36300.9,5530.27,
0,1,0,1869,13472.3,1,0,1,33941.9,22482.7,
0,1,0,1873,14620.8,1,0,1,37187.3,19482.3,
0,1,0,1874,7815.57,1,0,1,25370.9,9881.35,
0,1,0,1874,10884.6,1,0,1,21415.5,1782.52,
0,1,0,1875,11685,1,0,1,10274.3,4987.19,
0,1,0,1875,37097,3,0,3,38766.4,20363,
16,17,16,1881,1.23849e+06,141,35,106,39007.1,20573.7,
0,1,0,1882,26732.8,2,0,2,24205.2,11539.5,
0,1,0,1882,5876.61,1,0,1,23208.9,11224,
0,1,0,1884,13559.8,1,0,1,23490,11402.7,
0,1,0,1889,33298.1,3,0,3,17239.2,845.438,
0,1,0,1889,19264.9,1,0,1,22056.6,10903.4,
0,1,0,1890,8589.51,1,0,1,21858.6,10973.3,
0,1,0,1892,26946,2,0,2,11241.8,19484.4,
0,1,0,1895,6792.95,1,0,1,24983.8,2881.61,
0,1,0,1896,19066.5,1,0,1,17619.9,31861.7,
0,1,0,1896,17114.9,1,0,1,22692.2,11912.8,
0,1,0,1900,4131.95,1,0,1,25996.3,9662.73,
1,2,1,1901,99473.1,13,5,8,29350.8,13854.7,
0,1,0,1903,4285.57,1,0,1,25510.8,10815.1,
0,1,0,1904,7125.43,1,0,1,25750.9,10789.4,
0,1,0,1905,41915.7,2,0,2,36468.9,24683.9,
0,1,0,1907,17114.2,1,0,1,36783.2,11579.5,
0,1,0,1907,17446.9,1,0,1,15248.9,23527.2,
0,1,0,1907,11863.8,1,0,1,1924.8,25401.5,
0,1,0,1908,12216.8,1,0,1,3529.11,13541,
0,1,0,1909,13520.9,1,0,1,15172.5,23216.4,
0,1,0,1912,8780.76,1,0,1,29374.6,1400.59,
0,1,0,1916,25442.2,3,0,3,27495.9,25859.4,
0,1,0,1918,10882,1,0,1,24720.9,14692.6,
0,1,0,1918,10346.1,1,0,1,16415.8,27216.7,
1,2,1,1919,31133.1,3,1,2,24311.6,5111.46,
0,1,0,1922,16810.4,1,0,1,2430.5,37750.5,
0,1,0,1923,17322,2,0,2,26242.1,10416.4,
0,1,0,1923,12402.6,1,0,1,32718.4,1960.17,
0,1,0,1927,13455.4,1,0,1,31888.5,7718.24,
0,1,0,1930,16645.6,1,0,1,14375.3,10626.8,
0,1,0,1930,27777.9,1,0,1,19240.5,40286.1,
0,1,0,1930,10089.2,1,0,1,37713.9,17152.4,
0,1,0,1936,10040.4,1,0,1,15144.6,11471.5,
0,1,0,1940,8577.96,1,0,1,17301.3,13369.3,
0,1,0,1945,11730.3,1,0,1,14441.3,11675,
0,1,0,1948,10741.1,1,0,1,23495.4,23770.4,
0,1,0,1948,11928.7,1,0,1,39801.1,10285.9,
0,1,0,1949,8885.98,1,0,1,10810.9,5367.09,
0,1,0,1951,7595.37,1,0,1,37544.8,13899.2,
0,1,0,1951,25252.4,1,0,1,29653.2,37623.8,
0,1,0,1952,13639.4,2,0,2,18315.8,1157.31,
1,2,1,1954,50317.1,4,1,3,23673.1,27979,
0,1,0,1955,8276.77,1,0,1,23318.5,30786.4,
0,1,0,1955,5978.02,1,0,1,32995.6,15240.3,
0,1,0,1961,26288.4,2,0,2,27346.5,18391,
0,1,0,1965,11926.7,1,0,1,17470.3,2269.06,
8,9,8,1970,528501,79,31,48,12211.5,7665.06,
0,1,0,1972,42597.8,3,0,3,35380.3,8360.92,
0,1,0,1972,3247.12,1,0,1,26417.8,1428.23,
0,1,0,1973,7239.95,1,0,1,15105.1,21155.7,
1,2,1,1973,29734.5,5,3,2,36007.6,12563.5,
0,1,0,1973,21161,2,0,2,27338.8,2306.79,
0,1,0,1973,18204.8,1,0,1,9444.14,21605.1,
1,2,1,1974,14145.6,3,1,2,35834.7,12469.8,
0,1,0,1975,7110.13,1,0,1,29797.9,1714.23,
0,1,0,1979,12420,1,0,1,37123.9,13861.7,
1,2,1,1980,57617.9,6,1,5,29236.4,36809.8,
0,1,0,1981,5938.18,1,0,1,15322,3718.1,
0,1,0,1982,20917.1,1,0,1,11950.5,14073.5,
1,2,1,1982,34354,6,3,3,22469.3,4854.45,
0,1,0,1984,98309.1,8,0,8,30460,6933.9,
19,20,19,1985,517063,713,669,44,7337.45,26046.4,
0,1,0,1990,15533.6,2,0,2,10822.9,22576.1,
14,15,14,1990,195267,1109,1092,17,9407.12,32598.5,
0,1,0,1994,9099.75,1,0,1,18173.8,22101.4,
0,1,0,1995,15272.5,1,0,1,30363.4,1339.81,
0,1,0,1996,17955.9,1,0,1,5977.48,39469.1,
0,1,0,1996,10050.5,1,0,1,21399.8,39602.7,
0,1,0,1998,6954.52,1,0,1,16469.8,26454.4,
0,1,0,2002,7384.78,1,0,1,3430.55,30120,
0,1,0,2005,21499.3,2,0,2,37061,11152.3,
0,1,0,2006,29140.4,1,0,1,13875.5,14504.7,
0,1,0,2007,11793.2,1,0,1,7973.49,10858.8,
0,1,0,2008,8900.6,1,0,1,15462.7,16123.2,
1,2,1,2016,30914.1,433,431,2,29458.4,5149.59,
0,1,0,2019,5674.62,1,0,1,9665.1,17857.5,
0,1,0,2019,32329.4,3,0,3,36626.7,28609.8,
0,1,0,2025,10085,1,0,1,4470.76,1028.29,
0,1,0,2028,8794.77,1,0,1,23019.3,28614.9,
0,1,0,2031,6206.98,1,0,1,10385,13762.8,
0,1,0,2032,12220.3,1,0,1,31871.8,25098.2,
0,1,0,2034,27276.1,2,0,2,16652.5,1436.9,
0,1,0,2037,10679.9,1,0,1,36513.2,28955.4,
0,1,0,2038,31344.9,2,0,2,11278.4,13579.2,
0,1,0,2041,21019.7,2,0,2,39843.6,34034.6,
0,1,0,2041,16469.4,1,0,1,36848,19818.2,
0,1,0,2041,17886.8,2,0,2,20342.7,23804.7,
0,1,0,2043,14266.7,1,0,1,38549.2,19839.8,
0,1,0,2045,7981.4,1,0,1,32039.8,18777,
0,1,0,2048,9552.23,1,0,1,21310.8,25174.6,
0,1,0,2049,8138.87,1,0,1,37631.1,32608.3,
0,1,0,2050,13423.4,1,0,1,30427.8,10850.4,
0,1,0,2052,10282.7,1,0,1,32520.6,6518.55,
0,1,0,2052,9381.41,1,0,1,9844.69,8672.33,
0,1,0,2055,20816.8,1,0,1,29481.3,10273.7,
0,1,0,2056,13021,1,0,1,31927.2,18243.7,
0,1,0,2060,15375,1,0,1,31603.9,1698.67,
0,1,0,2060,10036.3,1,0,1,38785.8,14450.8,
1,2,1,2061,44907.9,15,11,4,17948,20612.4,
0,1,0,2061,42381.4,4,0,4,38701.2,13043.4,
0,1,0,2066,43086,3,0,3,9822.17,30211.5,
0,1,0,2069,8276.46,1,0,1,26418.9,15978.1,
1,2,1,2069,34934.5,1449,1446,3,14025.8,13853.8,
0,1,0,2071,12262.1,1,0,1,20894.7,21154.6,
0,1,0,2072,13460.1,2,0,2,28712.7,2853.65,
0,1,0,2073,16676.5,1,0,1,24443.8,6692.99,
0,1,0,2075,8236.6,1,0,1,21166.7,22766.1,
0,1,0,2076,10454,1,0,1,32671.1,7161.55,
0,1,0,2077,16567.6,1,0,1,23875.2,23171.1,
0,1,0,2078,9093.9,1,0,1,16759.8,2143.53,
0,1,0,2080,17816.1,2,0,2,15669.8,1580.52,
0,1,0,2080,12226.5,1,0,1,16998.9,9743.64,
0,1,0,2080,6068.73,1,0,1,11669.1,17115,
0,1,0,2082,15806.6,1,0,1,28547.8,36605.8,
0,1,0,2083,23084.8,1,0,1,27288.9,10505,
0,1,0,2084,9437.39,1,0,1,26438.4,11002.7,
0,1,0,2086,74953,6,0,6,25715,1680.65,
0,1,0,2086,14402.4,1,0,1,30487.7,40168,
0,1,0,2088,7612.3,1,0,1,21272.8,607.91,
0,1,0,2088,6110.9,1,0,1,26568.7,18129.6,
0,1,0,2095,15872.1,1,0,1,3389.23,6762.26,
0,1,0,2095,9942.46,1,0,1,35381,29778,
0,1,0,2095,19443.4,1,0,1,8014.7,27003.2,
1,2,1,2096,27823,159,157,2,8419.17,7745.26,
1,2,1,2096,25993.6,223,221,2,24365.2,25875.3,
0,1,0,2098,5250.57,1,0,1,8938.32,17082.9,
0,1,0,2098,6109.33,1,0,1,31350.7,25835,
13,14,13,2098,206413,85,67,18,39005.6,10802,
0,1,0,2098,39371.2,3,0,3,3300.13,16629.9,
0,1,0,2098,8903.89,1,0,1,23486.5,27230.4,
0,1,0,2102,205151,19,0,19,40155,24079.9,
0,1,0,2108,10075.5,1,0,1,36828.3,2716.94,
1,2,1,2110,27691.8,3,1,2,8852.94,10540,
0,1,0,2110,12121.7,1,0,1,12664.7,8448.87,
0,1,0,2113,7396.87,1,0,1,32067.3,20367.2,
0,1,0,2113,16835.7,1,0,1,11730.9,13012.1,
0,1,0,2114,7950.34,1,0,1,19608,16850.8,
0,1,0,2115,7144.7,1,0,1,10189.5,10442,
0,1,0,2117,27015.5,2,0,2,2008.24,10532.2,
0,1,0,2121,7946.15,1,0,1,32314,33890.8,
1,2,1,2123,28538.4,1321,1319,2,34397.8,23760.7,
0,1,0,2128,8960.91,1,0,1,19478,25762.8,
0,1,0,2129,8617.87,1,0,1,19887.8,23457.4,
6,7,6,2130,161466,23,11,12,27152,14796.4,
0,1,0,2131,12090.8,1,0,1,27108,14747.3,
0,1,0,2133,11593.4,1,0,1,9858.34,19022.8,
2,3,2,2134,35589,1109,1106,3,28228.7,3346.3,
0,1,0,2135,17101.6,1,0,1,28909.5,35999.6,
0,1,0,2138,7003.69,1,0,1,12927.6,19105.8,
0,1,0,2139,12005.8,1,0,1,2354.72,15813.1,
0,1,0,2139,18797.8,2,0,2,39774.6,28781.7,
0,1,0,2143,9224.5,1,0,1,18694.7,18398.9,
0,1,0,2145,20409.1,1,0,1,24079,27766.6,
1,2,1,2149,18991.6,5,2,3,11351.9,4062.85,
0,1,0,2150,10360.2,1,0,1,9634.66,7258.62,
0,1,0,2150,6361.54,1,0,1,31220,5279.9,
0,1,0,2151,20057.5,1,0,1,4938.72,39433.2,
0,1,0,2153,18634.9,1,0,1,13935.8,4467.08,
0,1,0,2157,7450.35,1,0,1,17713.9,5748.74,
0,1,0,2157,10383.1,1,0,1,12070.9,8447.8,
2,3,2,2159,41548,9,6,3,40186.8,4463.35,
0,1,0,2159,19129.8,1,0,1,23098.5,33149.2,
0,1,0,2163,7520.43,1,0,1,3808.13,14451.1,
0,1,0,2163,12031.8,1,0,1,9251.76,37557,
0,1,0,2163,5666,1,0,1,12559.2,24750.5,
0,1,0,2165,14837.2,1,0,1,40169.9,4634.43,
0,1,0,2169,8410.43,1,0,1,31170.6,20029.6,
0,1,0,2174,11199.2,1,0,1,35705.6,21914.6,
3,4,3,2175,41789.5,1152,1148,4,9489.78,22491.9,
0,1,0,2175,17926,1,0,1,5828.17,1837.35,
0,1,0,2177,3799.28,1,0,1,32543.1,33094.2,
0,1,0,2177,40036.8,5,0,5,36057.7,23512.5,
0,1,0,2178,13530.2,1,0,1,7310.26,25908.3,
0,1,0,2180,8968.74,1,0,1,36651,8014.84,
0,1,0,2183,8486.12,1,0,1,38352.8,14611.3,
0,1,0,2189,12106.4,1,0,1,26765.2,21735.6,
0,1,0,2190,15269.2,1,0,1,21745.4,23174.9,
0,1,0,2192,10724.1,1,0,1,8960.23,17596,
0,1,0,2193,10266.3,1,0,1,27104.4,9006.53,
0,1,0,2194,29249.1,3,0,3,37262.9,608.181,
3,4,3,2194,59313.2,198,193,5,25563.8,19115.8,
0,1,0,2196,5378.87,1,0,1,25487.9,19032.6,
0,1,0,2196,31969.3,2,0,2,21449.1,22571.4,
0,1,0,2196,17560.2,1,0,1,28094,5308.58,
0,1,0,2205,15278.1,1,0,1,18538.2,37737.7,
0,1,0,2205,12638.4,1,0,1,14918.6,6416.08,
1,2,1,2212,19625.5,83,81,2,16282.2,10116.3,
0,1,0,2212,7917.07,1,0,1,34799.6,23056.6,
1,2,1,2212,39518.9,5,1,4,11693.5,35192.9,
0,1,0,2214,13850.2,1,0,1,21268.4,15378.4,
0,1,0,2215,8627.4,1,0,1,1515.79,23473.5,
0,1,0,2224,21527.6,1,0,1,26238.5,16451.8,
0,1,0,2225,5689.93,1,0,1,24751.5,10230.6,
0,1,0,2226,14253.2,1,0,1,38673.5,22738.2,
0,1,0,2227,81687.6,7,0,7,39903.3,26094.9,
0,1,0,2227,6134.17,1,0,1,36186.5,6933.97,
0,1,0,2229,49522.3,3,0,3,12963.8,2625.9,
0,1,0,2229,79653.5,1,0,1,19554.7,13235.6,
0,1,0,2232,76383.9,6,0,6,14588.5,31071.8,
0,1,0,2233,12345.7,1,0,1,32835.2,6758.2,
1,2,1,2234,26276.7,886,884,2,10147.2,4623.54,
1,2,1,2235,53445.4,5,1,4,10595.6,24349.7,
0,1,0,2235,4020.42,1,0,1,4916.57,2787.36,
0,1,0,2235,6806.31,1,0,1,10416.5,4560.92,
0,1,0,2235,8706.88,1,0,1,33854.9,20371.5,
0,1,0,2237,9249.06,1,0,1,9578.94,3670.44,
0,1,0,2237,22173.6,1,0,1,3753.01,23798.5,
1,2,1,2241,68688.5,298,292,6,39719.3,28348.3,
1,2,1,2242,25407.7,1183,1181,2,15182.7,6857.29,
0,1,0,2244,16014.4,1,0,1,15476.1,10494,
0,1,0,2245,4486.52,1,0,1,1775.63,31782.2,
1,2,1,2246,47829.5,297,292,5,10381.6,18323.7,
0,1,0,2246,14736.7,1,0,1,15472.8,28514.3,
0,1,0,2250,10434.9,1,0,1,34737.7,9490.24,
0,1,0,2250,15053.4,1,0,1,13355.2,15226.3,
2,3,2,2251,43276,9,5,4,5616,7266,
5,6,5,2253,785270,1739,1675,64,7245.32,3186.13,
0,1,0,2253,11604.7,1,0,1,5655.86,7326.98,
0,1,0,2259,7547.75,1,0,1,24252.3,1191.44,
0,1,0,2262,23411.3,1,0,1,26140.6,13356.1,
0,1,0,2265,29793.1,3,0,3,24612.4,1879.87,
0,1,0,2268,13216.5,1,0,1,16079.4,15880.4,
0,1,0,2270,18138.3,1,0,1,15363.1,16495.5,
0,1,0,2276,20242.5,1,0,1,6154.33,11285.8,
0,1,0,2277,24458.1,2,0,2,27192,935.462,
0,1,0,2279,6341.2,1,0,1,34461.8,2608.5,
0,1,0,2279,22277.5,1,0,1,37825.4,20080.2,
0,1,0,2286,7473.59,1,0,1,39144.6,10940.8,
0,1,0,2290,15042.2,1,0,1,8280.18,7962.05,
0,1,0,2292,206586,16,0,16,4262.37,13953.2,
0,1,0,2299,29143.6,2,0,2,14173.6,3250.76,
0,1,0,2301,20205.2,1,0,1,15085.2,38872.3,
0,1,0,2304,7432.53,1,0,1,23552.4,24554.1,
0,1,0,2304,17483.2,1,0,1,10992.8,29933.1,
0,1,0,2305,9391.98,1,0,1,9319.14,2327.66,
0,1,0,2305,13672.7,1,0,1,13434,25150.5,
0,1,0,2308,26340.2,2,0,2,26566.3,17519.8,
0,1,0,2309,8753.51,1,0,1,14189.4,10347.5,
1,2,1,2322,21898.5,11,9,2,10507.4,11091,
0,1,0,2323,36341.9,3,0,3,33398.4,30887.3,
0,1,0,2324,28277.6,2,0,2,23217.4,24618.2,
0,1,0,2327,9625.45,1,0,1,29291.7,2120.88,
1,2,1,2329,32886.7,848,846,2,19201.4,5829.22,
0,1,0,2331,39899,2,0,2,7635.18,1397.3,
0,1,0,2336,21443.3,1,0,1,7382.96,6544.98,
0,1,0,2336,7372.74,1,0,1,39449.6,7097.5,
0,1,0,2348,12449.4,1,0,1,15576.6,25851.9,
0,1,0,2348,17328.5,1,0,1,6485.17,14773.2,
0,1,0,2353,7361.25,1,0,1,28266.5,2038.2,
0,1,0,2354,16175.1,1,0,1,30525.1,2055.92,
0,1,0,2354,24930.5,1,0,1,13987.2,35052.2,
0,1,0,2355,22745.2,1,0,1,8975.4,17804.1,
0,1,0,2357,20361.3,1,0,1,10648.5,16682.4,
0,1,0,2360,8135.9,1,0,1,20564.4,11785,
1,2,1,2360,25739.8,82,80,2,33328,2696.91,
0,1,0,2362,17809.5,2,0,2,12211.2,30967.8,
0,1,0,2364,10538.3,1,0,1,12440.1,31819.8,
0,1,0,2365,29041.8,2,0,2,13607.1,19592.8,
0,1,0,2366,22313.4,1,0,1,30307.7,2762.97,
0,1,0,2366,16825.5,1,0,1,27532.9,14276.7,
0,1,0,2367,4705.59,1,0,1,29675.7,2628.57,
0,1,0,2367,15913.3,1,0,1,25195.5,25297.5,
0,1,0,2369,17435.1,1,0,1,10567.2,36661.9,
9,10,9,2370,493282,71,34,37,32261,3850.77,
2,3,2,2373,142745,97,86,11,15027.7,34943.4,
0,1,0,2375,12646.8,1,0,1,3950.08,8524.54,
0,1,0,2375,7874.51,1,0,1,9342.5,29696.9,
0,1,0,2377,30106.2,2,0,2,23478.1,28929.2,
0,1,0,2377,7600.01,1,0,1,28164.7,16587,
0,1,0,2378,8775.34,1,0,1,12724.1,32313.1,
0,1,0,2382,9681.24,1,0,1,21948.4,5163.88,
0,1,0,2382,25240.4,1,0,1,15043.6,37084.5,
1,2,1,2383,40137.1,1159,1156,3,5704.58,9627.36,
0,1,0,2384,9984.42,1,0,1,35132.7,23541.2,
0,1,0,2385,18061.8,1,0,1,18905,3967.81,
0,1,0,2385,6489.54,1,0,1,9385.08,8436.87,
0,1,0,2390,20076.2,1,0,1,31832.9,22858.5,
2,3,2,2392,37687.1,92,89,3,34255.2,2336.69,
0,1,0,2392,6331.1,1,0,1,27021.9,21352.6,
10,11,10,2393,442986,1168,1136,32,9881.85,11363.8,
0,1,0,2395,12974.7,1,0,1,18273.1,22679.5,
0,1,0,2398,13239.4,1,0,1,16717.7,39962.3,
0,1,0,2399,6863.15,1,0,1,14654.8,22613.3,
0,1,0,2400,15243,1,0,1,24824,11153.5,
0,1,0,2400,18630.1,1,0,1,28714.9,15234.5,
0,1,0,2401,6067.3,1,0,1,39908.1,1327.56,
1,2,1,2412,34670,1350,1348,2,23636.6,18027,
0,1,0,2414,7636.26,1,0,1,31856.8,3702.4,
0,1,0,2417,8339.91,1,0,1,33009.9,8782.37,
2,3,2,2418,86962.5,561,554,7,12960.7,25058.3,
0,1,0,2418,15684.6,1,0,1,15427.7,14692.4,
0,1,0,2422,21374.5,1,0,1,26349.8,21261.2,
1,2,1,2425,16216.1,3,1,2,29624.7,39833.8,
0,1,0,2426,14122.6,1,0,1,30599.2,6092.21,
0,1,0,2426,17658.4,1,0,1,17822.7,6667.77,
0,1,0,2427,5041.78,1,0,1,10408.6,9257.25,
0,1,0,2427,8429.41,1,0,1,15355.7,1368.37,
0,1,0,2429,11465.1,1,0,1,15057.1,6115.07,
0,1,0,2433,13006.4,1,0,1,8685.58,15250.6,
0,1,0,2433,32440.9,2,0,2,20238.2,19255.2,
0,1,0,2434,8517,1,0,1,16633.3,8910.73,
0,1,0,2434,12656.4,1,0,1,38264,11350.7,
0,1,0,2437,14485.4,1,0,1,27999.5,28623.4,
0,1,0,2439,11351.2,1,0,1,650.372,31151,
0,1,0,2443,9175.93,1,0,1,13260.9,8409.86,
0,1,0,2444,12973.5,1,0,1,23839.9,16895.4,
0,1,0,2445,10585.6,1,0,1,28329.9,4899.26,
0,1,0,2445,12244.6,1,0,1,33165.2,3624.68,
0,1,0,2446,5679.25,1,0,1,20428.7,35595.6,
0,1,0,2447,8884.84,1,0,1,3970.61,14261.6,
0,1,0,2447,21629.7,1,0,1,26780.7,15394.3,
0,1,0,2448,7820.18,1,0,1,26744.7,15589,
0,1,0,2449,26243.4,2,0,2,8394.21,9019.01,
0,1,0,2451,6684.36,1,0,1,8637.92,9193.71,
0,1,0,2455,5132.38,1,0,1,39022,11415.8,
0,1,0,2455,16851.1,1,0,1,38430.5,6724.84,
0,1,0,2457,4321.09,1,0,1,25998.3,15816.9,
2,3,2,2458,124594,29,19,10,32526.1,13631.5,
0,1,0,2458,6895.81,1,0,1,21462.4,3869.07,
0,1,0,2458,12831.5,1,0,1,7580.28,14363.1,
2,3,2,2460,37419.2,16,13,3,38773.4,24452.7,
0,1,0,2463,5950.47,1,0,1,33098.9,29315,
0,1,0,2463,5983.09,1,0,1,1230.82,40291.9,
0,1,0,2465,11103,1,0,1,4298.54,36818.8,
0,1,0,2465,10281.1,1,0,1,6342.94,487.759,
0,1,0,2468,18387,1,0,1,3008.17,4981.32,
0,1,0,2472,5838.68,1,0,1,7107,26050.7,
0,1,0,2473,3301.97,1,0,1,19838.8,34126.1,
0,1,0,2475,13121.1,1,0,1,6503.15,20196,
0,1,0,2478,35192.7,2,0,2,15754.2,3993.3,
0,1,0,2480,9593.34,1,0,1,17112.4,5780.37,
2,3,2,2481,53513.2,23,17,6,4586.81,36869.1,
0,1,0,2484,17950.5,1,0,1,17775.7,10749.7,
0,1,0,2485,7137.51,1,0,1,20767.1,11338.7,
0,1,0,2487,16154.6,1,0,1,19035.8,14415.1,
0,1,0,2494,30507.5,3,0,3,18197.4,7297.13,
0,1,0,2498,13628.9,1,0,1,39974.1,5132.02,
3,4,3,2501,111658,294,285,9,33562.6,6208.47,
2,3,2,2507,36782.6,19,16,3,9830.38,8298.57,
0,1,0,2508,7175.85,1,0,1,33031.5,7800.23,
0,1,0,2510,8078.81,1,0,1,5549.27,2131.3,
0,1,0,2510,23424.3,2,0,2,5745.62,5605.34,
0,1,0,2511,17934.1,1,0,1,26939.9,20967.3,
0,1,0,2512,10900.1,1,0,1,38893.9,34313.2,
0,1,0,2512,6651.28,1,0,1,12166.9,15267.6,
0,1,0,2513,17630.5,1,0,1,21281.4,31712.7,
0,1,0,2514,7278.07,1,0,1,20879.5,3134.45,
0,1,0,2515,8213.85,1,0,1,23228.4,1987.63,
0,1,0,2515,6129.54,1,0,1,14515.1,13715,
0,1,0,2517,14466.4,1,0,1,36055.4,19734.3,
8,9,8,2517,329388,54,26,28,8385.68,22832.9,
0,1,0,2519,9244.71,1,0,1,16151.7,16877.7,
0,1,0,2520,25144.6,2,0,2,15915.9,17560,
0,1,0,2521,8514.52,1,0,1,11162.1,38374,
0,1,0,2523,6673.43,1,0,1,16868.9,2681.94,
0,1,0,2528,8843.92,1,0,1,23791,23832.2,
0,1,0,2531,37855.4,3,0,3,30288.4,27765.2,
14,15,14,2531,249198,125,103,22,8653.65,4570.23,
0,1,0,2533,32558.4,3,0,3,16917.5,14847,
0,1,0,2536,11998.3,1,0,1,7882.51,18007,
0,1,0,2540,15981.9,1,0,1,32765,18886.9,
0,1,0,2541,16189.1,1,0,1,27661.8,10134.8,
0,1,0,2542,17949.9,1,0,1,32810.9,1062.27,
0,1,0,2543,13287.1,1,0,1,21470.4,10928.6,
0,1,0,2543,7857.81,1,0,1,10470,18605.7,
0,1,0,2544,20323.3,2,0,2,26415,9561.92,
0,1,0,2546,11832.3,1,0,1,16106.2,11107,
0,1,0,2547,32067.4,2,0,2,14049.5,18538.1,
0,1,0,2548,6746.31,1,0,1,14897.9,31310.7,
0,1,0,2549,5197.8,1,0,1,35862.8,7840,
0,1,0,2549,12343.1,1,0,1,18289.5,1650.03,
0,1,0,2549,65860.3,6,0,6,5032.8,9031.63,
0,1,0,2550,12018,1,0,1,4928.95,3456.02,
0,1,0,2551,14968,1,0,1,3084.63,3027,
0,1,0,2553,6194.37,1,0,1,20383.4,7902.27,
0,1,0,2553,16128,1,0,1,29562.8,23967.7,
0,1,0,2554,15743.5,1,0,1,8378.57,9444.22,
0,1,0,2557,7235.27,1,0,1,594.687,14717.6,
0,1,0,2560,12879.8,1,0,1,39698.2,20842.6,
1,2,1,2562,15886.8,985,983,2,10392.6,1089.51,
0,1,0,2563,35941.8,4,0,4,36018,4941.71,
0,1,0,2564,42814.9,3,0,3,2185.87,24648,
0,1,0,2572,14830.7,1,0,1,11781.5,1465.86,
0,1,0,2573,9608.44,1,0,1,11513.1,27056.2,
0,1,0,2575,4101.06,1,0,1,14495,19304.1,
2,3,2,2582,68725.4,10,4,6,7535.77,8198.14,
0,1,0,2588,11388,1,0,1,26507.5,8428.92,
0,1,0,2589,9211.42,1,0,1,10910.7,10513.5,
0,1,0,2590,8391.57,1,0,1,2941.34,1715.4,
1,2,1,2590,46549.9,6,3,3,39417.9,12677.7,
0,1,0,2591,11797.5,1,0,1,8893.28,20825.5,
0,1,0,2593,17440,1,0,1,10043.9,19410.6,
0,1,0,2595,16321.6,1,0,1,39412.3,891.379,
0,1,0,2597,27940.2,3,0,3,19531.1,31804.5,
0,1,0,2607,18565.8,1,0,1,23330.6,19970.1,
0,1,0,2609,20517.9,1,0,1,38532.2,26239.1,
0,1,0,2619,8750.54,1,0,1,817.22,29860.9,
0,1,0,2627,33758.4,2,0,2,29909.5,4442.78,
0,1,0,2628,16787.4,1,0,1,15192,10177.3,
0,1,0,2632,8779.67,1,0,1,23749.7,2742.83,
0,1,0,2634,39190.9,3,0,3,12920.5,38542.4,
0,1,0,2636,28904.8,1,0,1,6172.41,1107.37,
0,1,0,2636,19721,1,0,1,27639.6,1242.97,
0,1,0,2636,6752.67,1,0,1,9741.07,22410.8,
0,1,0,2638,15477.9,1,0,1,35174.3,17303.6,
0,1,0,2644,6793.68,1,0,1,20142,2368.7,
1,2,1,2646,35203.6,141,139,2,17160,8038.55,
1,2,1,2646,33032.1,187,185,2,21770,14823.7,
0,1,0,2654,31057.6,2,0,2,37144.6,5442.06,
0,1,0,2657,6053.47,1,0,1,11089.2,5909.18,
0,1,0,2666,6703.08,1,0,1,14470,28070.2,
0,1,0,2667,7874.63,1,0,1,14999.5,12843.2,
0,1,0,2672,8574.43,1,0,1,19610.3,25210.1,
0,1,0,2673,13181.6,1,0,1,25960.2,37877.8,
0,1,0,2675,22413.2,1,0,1,9901.58,4428.38,
0,1,0,2676,8249.33,1,0,1,13860,23735.8,
0,1,0,2682,19418.2,1,0,1,33904.6,19327.5,
0,1,0,2685,5718.86,1,0,1,29136.1,9197.61,
0,1,0,2685,8479.78,1,0,1,18558.5,21446.8,
0,1,0,2685,18254.8,1,0,1,27664.9,9431.07,
1,2,1,2688,19934.5,1176,1174,2,40206.3,29396.9,
1,2,1,2690,25826.4,4,2,2,19395.7,19822.6,
0,1,0,2691,8286.85,1,0,1,38491.3,16740.1,
0,1,0,2692,23616.9,1,0,1,11468.8,10791.8,
0,1,0,2695,8405.41,1,0,1,34241.1,23263.3,
1,2,1,2696,43366.7,74,71,3,1429.02,23775.1,
0,1,0,2697,24195.4,1,0,1,19998,3725.39,
0,1,0,2697,8654.1,1,0,1,27582.1,19163.9,
0,1,0,2700,23042.6,1,0,1,26455.2,21091.2,
0,1,0,2700,7637.38,1,0,1,5557.42,13754.8,
0,1,0,2700,13240.2,1,0,1,27020.5,27222.4,
0,1,0,2701,6384.6,1,0,1,8386.47,11058.4,
0,1,0,2702,20063.2,1,0,1,8820.83,12069.2,
0,1,0,2702,19955.9,1,0,1,12189.9,34335,
0,1,0,2704,6722.47,1,0,1,26059.2,24103,
0,1,0,2704,9467.47,1,0,1,9590.39,31113.4,
0,1,0,2705,26475.1,2,0,2,25866.6,6727.38,
0,1,0,2706,5994.35,1,0,1,28537.8,4402.19,
0,1,0,2707,33520.3,2,0,2,7270.69,8501.54,
0,1,0,2708,17046.6,1,0,1,33624.6,8145.25,
3,4,3,2709,191546,75,61,14,12392,10371.4,
0,1,0,2710,23762.4,2,0,2,37048.2,20141.1,
2,3,2,2711,51879.2,55,52,3,1419.76,23668.4,
1,2,1,2711,41116,4,1,3,25798,7890.47,
0,1,0,2714,23396.4,1,0,1,38838,18213.4,
0,1,0,2715,12341.8,1,0,1,22707,13620.3,
0,1,0,2715,41984.9,3,0,3,7769.22,15520.5,
0,1,0,2716,31503.8,2,0,2,15465.8,6764.23,
0,1,0,2719,32652.2,2,0,2,14916.2,18016.6,
0,1,0,2720,8975.94,1,0,1,6366.27,38854.1,
0,1,0,2721,15327.6,1,0,1,6417.77,19356.7,
0,1,0,2722,10247.7,1,0,1,39945.7,6501.26,
0,1,0,2725,14756.6,1,0,1,26379.4,10707,
0,1,0,2727,12206.9,1,0,1,19618.2,2250.69,
1,2,1,2728,62489.3,7,2,5,33611.4,26314.4,
1,2,1,2728,222176,24,4,20,21685.4,15741.3,
0,1,0,2729,13181.9,1,0,1,9133.96,18411.1,
0,1,0,2729,11979.2,1,0,1,22487.8,25311.4,
0,1,0,2730,14230.7,1,0,1,23042.7,3064.24,
0,1,0,2731,13948.8,1,0,1,25441.5,15529.1,
3,4,3,2734,168823,331,318,13,20758,4457.35,
0,1,0,2734,16092.2,1,0,1,1046.55,13279.8,
2,3,2,2735,158397,28,18,10,23129.5,29035.4,
1,2,1,2737,21660.8,475,473,2,37500.1,16622.1,
0,1,0,2739,17632.2,1,0,1,4853.1,5756.37,
0,1,0,2740,11013,1,0,1,37950.4,18352.6,
0,1,0,2741,6286.93,1,0,1,39640.7,18933.8,
0,1,0,2744,31451.2,2,0,2,14769,20152,
1,2,1,2747,74927.2,9,3,6,13897,38510.6,
0,1,0,2749,13873,1,0,1,35043,20138.9,
0,1,0,2752,21584.3,1,0,1,14891.3,4648.36,
0,1,0,2754,12670.9,1,0,1,26791.8,4310.4,
0,1,0,2754,13670.2,1,0,1,26132,21859.2,
0,1,0,2758,14199.4,1,0,1,14346.5,3126.97,
0,1,0,2764,23742.5,1,0,1,27191.8,13761.5,
0,1,0,2765,8531.74,1,0,1,5276.26,36405.7,
1,2,1,2769,89905.2,10,2,8,33486.1,6565.14,
0,1,0,2769,8850.78,1,0,1,29691.1,27168.2,
0,1,0,2771,9543.85,1,0,1,2514.73,13121.2,
0,1,0,2774,17601.5,1,0,1,8986.93,40252.7,
0,1,0,2774,14623,1,0,1,31327.6,25297.7,
0,1,0,2775,11311.7,1,0,1,12045.7,808.375,
0,1,0,2775,30735.6,2,0,2,8738.85,2745.91,
0,1,0,2775,21432.3,2,0,2,5991.04,25313.6,
0,1,0,2781,5825.47,1,0,1,33461.6,6388.06,
0,1,0,2782,17266.3,1,0,1,18598.3,36579.2,
0,1,0,2783,6077.68,1,0,1,18030,11561,
0,1,0,2783,6840.16,1,0,1,13411.6,958.482,
0,1,0,2790,17687.5,2,0,2,12867.3,20787.3,
1,2,1,2795,149888,11,1,10,33327.9,5555.39,
0,1,0,2795,9349.46,1,0,1,37086.9,38500.5,
1,2,1,2796,31337.5,29,26,3,11329.2,18336.8,
0,1,0,2799,14282.7,1,0,1,26914.1,15693.7,
0,1,0,2804,13733.9,2,0,2,4987.96,10591.3,
0,1,0,2806,6747.31,1,0,1,24615.7,19964.8,
0,1,0,2808,16988.8,2,0,2,30708.3,11616.9,
0,1,0,2811,10898.8,1,0,1,24724.8,2997.69,
0,1,0,2812,19800.3,1,0,1,33224.5,2344.48,
0,1,0,2813,11981.1,1,0,1,26260.9,14688.4,
0,1,0,2815,18514.4,1,0,1,23610.7,27539.9,
0,1,0,2816,22885.2,2,0,2,6635.16,5092.56,
0,1,0,2818,17830.9,2,0,2,6708.41,18716.5,
1,2,1,2820,34946.9,5,2,3,24088.7,2104.04,
0,1,0,2821,12375,2,0,2,33845.7,15573,
1,2,1,2822,30560.3,3,1,2,10724.9,23366.2,
0,1,0,2822,4411.95,1,0,1,12744.7,847.694,
2,3,2,2823,29893.1,8,4,4,5417.97,31167.5,
0,1,0,2824,23803.4,1,0,1,37099.1,10411.9,
0,1,0,2825,11917,1,0,1,23371.3,12707.1,
0,1,0,2826,16154.5,1,0,1,17384.1,5205.77,
1,2,1,2826,57238.4,6,2,4,23233.1,14041,
0,1,0,2826,19656.1,1,0,1,35643.5,16577.2,
0,1,0,2827,19865.4,1,0,1,17984.6,6441.68,
0,1,0,2827,7866.34,1,0,1,30561.3,2558.76,
0,1,0,2828,15079.3,1,0,1,2176.49,25024.9,
0,1,0,2829,10784.6,1,0,1,23779.4,14975.8,
0,1,0,2832,9886.99,1,0,1,17603.1,5327.72,
0,1,0,2832,6972.52,1,0,1,23666.9,12787.3,
0,1,0,2835,23408.6,1,0,1,37288.6,22923.9,
1,2,1,2836,166708,14,1,13,3466.02,21739.9,
0,1,0,2841,14982.8,1,0,1,33135.8,9529.77,
0,1,0,2841,6080.88,1,0,1,7106.55,17176.8,
0,1,0,2844,16195.2,2,0,2,18215.2,23194.4,
0,1,0,2847,31461.7,2,0,2,31200.1,5492.24,
0,1,0,2853,8981.59,1,0,1,26123.6,23482.1,
0,1,0,2855,5977.9,1,0,1,38348.9,5427.35,
2,3,2,2855,51641.3,9,5,4,30335.1,14636.7,
0,1,0,2862,30450.8,2,0,2,11527.7,3059.93,
0,1,0,2862,10941.4,1,0,1,25913.8,16322,
0,1,0,2864,9009.47,1,0,1,26022.7,16989.5,
0,1,0,2869,18367.4,2,0,2,23251.4,27772.7,
0,1,0,2870,6681.34,1,0,1,8714.82,12654.3,
0,1,0,2870,19316.8,1,0,1,9419.72,32654.2,
0,1,0,2870,8070.32,1,0,1,37232.9,20251.6,
0,1,0,2875,21028.7,2,0,2,22619.7,11509.9,
0,1,0,2875,19167.6,1,0,1,20191.7,13038.8,
0,1,0,2876,13387.8,1,0,1,10904.8,6496.46,
0,1,0,2879,70913,6,0,6,27320.4,14970,
1,2,1,2880,139950,12,1,11,23716.6,36843.1,
1,2,1,2883,23320.5,775,773,2,20909.2,23131.7,
0,1,0,2889,23230.1,1,0,1,13061.5,30078.2,
0,1,0,2889,11495.5,1,0,1,4854.5,8846.96,
0,1,0,2891,14785,2,0,2,32797.1,30560.9,
0,1,0,2891,9102.33,1,0,1,10306.1,22247.4,
0,1,0,2893,12681.6,1,0,1,31787,16036.8,
0,1,0,2894,8812.55,1,0,1,8925.65,23155.2,
0,1,0,2895,17081.3,1,0,1,31576.9,15373.1,
0,1,0,2900,6303.41,1,0,1,23574.9,15894.4,
0,1,0,2909,16914.2,1,0,1,2182.96,10813.5,
0,1,0,2910,10404.3,1,0,1,15531.1,34760.7,
0,1,0,2913,58649.2,6,0,6,29301.7,13603.1,
0,1,0,2913,18895.2,1,0,1,26778.8,13259.1,
0,1,0,2913,6012.86,1,0,1,18879.1,31162.6,
0,1,0,2915,24645.8,1,0,1,20343.6,29714.8,
0,1,0,2917,29237.3,2,0,2,24812.3,6683.58,
0,1,0,2918,7756.09,1,0,1,7377.78,3890.78,
0,1,0,2919,16674.6,1,0,1,22717.9,31890.6,
0,1,0,2920,13393.7,1,0,1,19465.2,10224.6,
0,1,0,2920,5088.62,1,0,1,15618.8,1159.31,
0,1,0,2923,5153.47,1,0,1,8538.86,17830.2,
0,1,0,2928,12633.1,1,0,1,13143.3,18377.8,
0,1,0,2928,8199.84,1,0,1,3148.59,5244.45,
1,2,1,2931,32675.7,5,2,3,28027.1,4591.05,
0,1,0,2933,6697.18,1,0,1,35204.7,25936.2,
0,1,0,2936,19641.4,2,0,2,26731.3,24014.2,
0,1,0,2937,18162.9,1,0,1,5876.53,11224.4,
0,1,0,2940,13490.9,1,0,1,39374.4,6572.83,
0,1,0,2940,22597.5,1,0,1,2944.17,17171.7,
0,1,0,2940,8559.2,1,0,1,19386.1,5212.86,
1,2,1,2943,72025.5,8,2,6,30738.3,30558.9,
0,1,0,2945,10737.3,1,0,1,10400.9,8751.27,
0,1,0,2948,7346.91,1,0,1,13865.1,36910.1,
0,1,0,2949,6417.81,1,0,1,13196.7,7965.05,
0,1,0,2952,18650,2,0,2,37144.7,33503.3,
0,1,0,2955,8383.43,1,0,1,7695.92,38321.2,
0,1,0,2956,67545.6,6,0,6,12093.5,4220.92,
0,1,0,2956,10677.7,1,0,1,21423.5,4679.4,
0,1,0,2958,13333.1,1,0,1,28483.5,1889.32,
0,1,0,2958,17692.1,1,0,1,9242.42,35037.1,
1,2,1,2962,45981.7,5,2,3,34232.3,20155.5,
0,1,0,2971,10776.4,1,0,1,1744.63,30118.1,
0,1,0,2973,14883.7,1,0,1,34441.9,23160.3,
0,1,0,2976,10454.9,1,0,1,18082.3,28141.3,
0,1,0,2976,14855.2,1,0,1,11069.4,30148.5,
0,1,0,2977,29567,2,0,2,8254.12,1994.54,
0,1,0,2977,10670.8,1,0,1,13018.5,24881.3,
0,1,0,2978,27385.4,2,0,2,7698.38,18302,
0,1,0,2978,7404.23,1,0,1,32327.4,16204.9,
0,1,0,2979,8383.33,1,0,1,12500,24967.7,
0,1,0,2982,10750.6,1,0,1,4299.78,12311.3,
0,1,0,2982,13637.6,1,0,1,30009.5,10266.4,
0,1,0,2987,6683.19,1,0,1,12950,36271.3,
0,1,0,2990,4842.12,1,0,1,15134.1,34321.3,
0,1,0,2991,10306.5,1,0,1,20366.8,16845.2,
0,1,0,2993,12430,1,0,1,14245.7,25497.4,
0,1,0,2994,21867.2,1,0,1,13731.5,16715,
0,1,0,2997,13692.3,1,0,1,2848.13,38750.2,
0,1,0,3000,7248.53,1,0,1,23042.3,13721.8,
0,1,0,3005,17604.1,1,0,1,22197.6,24702.9,
0,1,0,3010,10922.4,1,0,1,31336.9,5780.34,
0,1,0,3011,7072.6,1,0,1,34324,1107.59,
0,1,0,3012,15614.4,1,0,1,21702.3,20880.1,
0,1,0,3015,18520.6,1,0,1,33027.5,2462.09,
0,1,0,3016,12458,1,0,1,33020.3,2294.19,
0,1,0,3017,5825.34,1,0,1,35096.5,14753.4,
0,1,0,3017,8114.87,1,0,1,21729.3,25624.5,
0,1,0,3019,27137.6,2,0,2,30732,2677.21,
0,1,0,3024,9718.2,1,0,1,15172.5,4555.22,
0,1,0,3025,17929.3,1,0,1,14405.7,4701.2,
0,1,0,3026,11074.1,1,0,1,15616.2,16638.5,
0,1,0,3027,11471.8,1,0,1,16326.7,17048.2,
0,1,0,3029,6224.11,1,0,1,11744.6,16480.8,
0,1,0,3033,10104.7,1,0,1,2039.45,38458.7,
2,3,2,3034,38794.7,9,6,3,5369.88,36078.5,
0,1,0,3036,8208.34,1,0,1,38409.9,25915,
0,1,0,3038,6278.94,1,0,1,38643.9,758.345,
0,1,0,3040,16401.3,1,0,1,14776.9,15535.2,
1,2,1,3040,35560.6,5,2,3,21486.3,27550.7,
0,1,0,3044,14887,1,0,1,9381.25,21310.6,
0,1,0,3050,11074.9,1,0,1,26162.4,599.363,
0,1,0,3053,22705.3,2,0,2,29948.3,13926.5,
0,1,0,3056,16078.5,1,0,1,19022,2196.85,
0,1,0,3056,11968.5,1,0,1,8587.79,33303,
0,1,0,3057,5576.27,1,0,1,19228,2220.97,
1,2,1,3057,131462,12,2,10,16068,17696.4,
0,1,0,3059,10062.4,1,0,1,15518.1,16986.8,
0,1,0,3069,13815.1,1,0,1,23809.1,24738.7,
0,1,0,3070,20675.5,2,0,2,10183.6,3865.07,
0,1,0,3070,31782.5,3,0,3,20569.1,8311.4,
0,1,0,3075,14159.8,1,0,1,21753.6,8351.79,
0,1,0,3077,10778.5,1,0,1,18757.9,4977.23,
0,1,0,3079,15515.2,2,0,2,17171.1,12878.2,
1,2,1,3079,52834.7,6,2,4,10533.3,24143.8,
0,1,0,3082,17274.5,1,0,1,23558.9,1891.27,
1,2,1,3085,19614.4,445,443,2,12115.9,24546.8,
0,1,0,3086,16748,2,0,2,31564.5,6448.85,
0,1,0,3087,20255.1,1,0,1,19221.4,4736.22,
0,1,0,3089,9684.82,1,0,1,24725.7,31814.2,
0,1,0,3092,5004.75,1,0,1,36264,4906.38,
0,1,0,3098,12186.5,1,0,1,17583.6,35003.9,
0,1,0,3101,5052.84,1,0,1,29106.4,8714.33,
0,1,0,3101,84015.7,6,0,6,35888.5,26342.7,
0,1,0,3103,13228.8,1,0,1,7468.09,7449.54,
0,1,0,3104,760547,63,0,63,16087.7,38814,
0,1,0,3104,10827.1,1,0,1,29982.5,5829.34,
0,1,0,3106,6515.39,1,0,1,39691.1,15063.1,
0,1,0,3107,3004.74,1,0,1,34369,11288.3,
0,1,0,3107,31411.5,3,0,3,39861.7,38527.9,
0,1,0,3113,15879.5,1,0,1,6092.68,15909.5,
0,1,0,3114,4411.62,1,0,1,27079.4,15690.9,
0,1,0,3117,10761.7,1,0,1,14794.6,18966,
0,1,0,3118,4287.83,1,0,1,37300.1,8225.56,
0,1,0,3119,4121.88,1,0,1,2900.04,32623.9,
0,1,0,3119,18406.9,1,0,1,2261.82,36180.2,
0,1,0,3120,7013.13,1,0,1,29562.4,1096.29,
0,1,0,3123,6524.74,1,0,1,35742.3,1902.73,
0,1,0,3123,6515.99,1,0,1,21299.7,17341.5,
0,1,0,3123,7293.18,1,0,1,24517.4,1243.76,
0,1,0,3124,3377.28,1,0,1,35821.3,6324.43,
0,1,0,3124,19598.2,1,0,1,25489.6,9502.83,
0,1,0,3125,12256.6,1,0,1,517.08,4369.61,
0,1,0,3125,15946.8,1,0,1,27106.4,15513.4,
0,1,0,3126,9353.04,1,0,1,22976.4,31516.3,
0,1,0,3126,7036.71,1,0,1,28243.7,2618.58,
0,1,0,3126,13578.3,1,0,1,29597.1,4497.13,
0,1,0,3127,19358.5,1,0,1,7993.43,11169.7,
0,1,0,3128,8864.81,1,0,1,7466.86,12415,
0,1,0,3128,7858.88,1,0,1,26997.4,15033.6,
0,1,0,3130,6588.74,1,0,1,6866.4,4238.79,
0,1,0,3131,15148.2,1,0,1,14322.4,30360.8,
0,1,0,3131,8872.99,1,0,1,32640.9,3262.6,
0,1,0,3133,15477,1,0,1,32479.6,3343.29,
0,1,0,3138,6606.48,1,0,1,19841.6,14801.5,
0,1,0,3138,7252.59,1,0,1,32847.4,18624.8,
0,1,0,3142,7987.07,1,0,1,30920.5,3272.76,
0,1,0,3142,6824.03,1,0,1,30918.8,9399.57,
0,1,0,3146,11737.8,1,0,1,31958.3,9664.57,
0,1,0,3148,5516.6,1,0,1,1201.27,16082.9,
0,1,0,3148,37924.6,3,0,3,30997.8,9841.85,
1,2,1,3149,25635.2,3,1,2,16597.9,31211.5,
0,1,0,3155,19131,1,0,1,29597.6,12288.4,
0,1,0,3158,6968.98,1,0,1,25948.3,16536.6,
0,1,0,3160,21587.7,1,0,1,35006.7,10220.3,
0,1,0,3160,30307.4,2,0,2,32942.9,18437.3,
1,2,1,3163,31132,274,272,2,24514,27130.8,
0,1,0,3163,12571.2,2,0,2,26774.1,19396.1,
0,1,0,3166,13031.5,1,0,1,17302.6,5894.02,
0,1,0,3168,18979.8,1,0,1,32524.6,22201.8,
0,1,0,3168,15845.9,2,0,2,13990.7,755.19,
1,2,1,3169,31015.1,470,467,3,32214.4,4441.85,
0,1,0,3172,31954.7,2,0,2,2000,8718.3,
0,1,0,3173,22927.1,2,0,2,12622,5217.41,
0,1,0,3173,9124.96,1,0,1,15171.8,12111.4,
1,2,1,3173,22110.6,16,14,2,25858.2,29197.1,
0,1,0,3174,6774.92,1,0,1,21500.3,20817.3,
0,1,0,3174,22878.2,1,0,1,32508.5,15962.8,
0,1,0,3177,10569.6,1,0,1,36721.1,9549.29,
1,2,1,3178,28921,218,216,2,28463.8,2646.12,
0,1,0,3180,20654.7,2,0,2,19659.3,24579.9,
0,1,0,3184,9706.95,1,0,1,22193.5,19870.2,
0,1,0,3189,12050.8,1,0,1,12231.3,14633.1,
0,1,0,3196,9104.04,1,0,1,12004.3,10636.6,
0,1,0,3196,51561.9,4,0,4,14574.1,1759.57,
0,1,0,3199,15999.2,1,0,1,22010.9,14084.8,
0,1,0,3199,26461.8,1,0,1,26031.2,2097.44,
0,1,0,3200,8432.41,1,0,1,21984.7,25010.2,
1,2,1,3202,40359.4,5,1,4,17031.9,10097.9,
0,1,0,3203,4673.62,1,0,1,37670.7,15984.7,
0,1,0,3209,21518,2,0,2,26778.6,20380.9,
0,1,0,3211,9537.62,1,0,1,10205,4264.24,
0,1,0,3211,12752.7,1,0,1,27131.8,20933.8,
0,1,0,3213,23135,1,0,1,13175.4,39956.6,
0,1,0,3213,7904.16,1,0,1,31710.6,20292.9,
0,1,0,3216,20616.9,2,0,2,25849.5,20468.2,
0,1,0,3216,12365.4,1,0,1,24557.8,17621.5,
0,1,0,3224,24452.3,2,0,2,13596.2,18938.6,
0,1,0,3225,10558.4,1,0,1,27035.8,20703.2,
0,1,0,3227,6059.62,1,0,1,29498.1,11696.5,
0,1,0,3227,19382.2,1,0,1,12305.5,4387.54,
0,1,0,3227,5015.63,1,0,1,7620.55,16573.8,
0,1,0,3228,11055,1,0,1,28105,24443.8,
0,1,0,3232,17387.6,1,0,1,19603.9,7517.39,
0,1,0,3239,13635.3,1,0,1,26642.9,4103.98,
0,1,0,3240,8682.97,1,0,1,23344,22257.9,
0,1,0,3243,8508.09,1,0,1,40189.5,5621,
1,2,1,3244,21035.7,244,242,2,15608.4,4645.45,
0,1,0,3245,7817.31,1,0,1,1184.3,3259.71,
0,1,0,3245,30541.1,2,0,2,6499.28,22548.2,
0,1,0,3249,18196.1,1,0,1,36903.3,37842.3,
6,7,6,3250,131167,277,266,11,40028.4,31255.6,
0,1,0,3251,9276.26,1,0,1,38621.2,3090.13,
0,1,0,3252,27490,2,0,2,15701,18515.1,
0,1,0,3254,4161.57,1,0,1,12625.9,7588.74,
0,1,0,3254,20043.4,2,0,2,2187.78,5218.33,
0,1,0,3255,13928.4,1,0,1,7352.09,9881.88,
0,1,0,3256,10230,1,0,1,17116.5,24387.2,
0,1,0,3267,9355.67,1,0,1,33593.6,7618.93,
0,1,0,3267,17565.8,1,0,1,3799.78,5739.84,
1,2,1,3271,20566.1,20,17,3,1310.44,1487.37,
0,1,0,3272,17894.6,1,0,1,23437,23562.2,
0,1,0,3272,7532.64,1,0,1,18788.5,1052.71,
0,1,0,3272,7527.25,1,0,1,3617.64,4793.78,
0,1,0,3273,10589.4,1,0,1,8372.96,23996.3,
0,1,0,3283,45255,4,0,4,4921.69,4512.94,
0,1,0,3289,5866.59,1,0,1,5582.74,8330.77,
0,1,0,3291,30073.8,2,0,2,4808.23,8521.91,
0,1,0,3292,7717.32,1,0,1,31117.5,24244.9,
0,1,0,3292,14196.7,1,0,1,10167.3,6127.78,
0,1,0,3293,13919.9,1,0,1,31710.4,2340.66,
0,1,0,3293,13041.5,1,0,1,5010.6,13401.7,
0,1,0,3298,6877.41,1,0,1,39248.7,20243.4,
0,1,0,3300,5853.05,1,0,1,17373.2,13743.2,
0,1,0,3304,8845.43,1,0,1,35509.2,942.408,
0,1,0,3308,13212,1,0,1,35393.4,31936.6,
0,1,0,3317,12730.2,2,0,2,28523.2,31739.3,
0,1,0,3320,15702.6,2,0,2,37372.1,27781.5,
0,1,0,3322,21537.8,1,0,1,11011,18529.6,
0,1,0,3325,4807.7,1,0,1,7487.65,18644.3,
0,1,0,3326,11413.2,1,0,1,32302.4,26738.8,
0,1,0,3329,10844,1,0,1,13260,24823.3,
0,1,0,3329,8882.43,1,0,1,32871.4,24706.5,
0,1,0,3337,6550.7,1,0,1,16833,33264.5,
0,1,0,3337,18663,1,0,1,6999.66,22141.8,
1,2,1,3337,25815.8,8,5,3,27520.6,19971.8,
0,1,0,3342,17599.2,1,0,1,36770.7,1545.52,
0,1,0,3343,9548.96,1,0,1,38006.7,16769.9,
0,1,0,3343,11596.9,1,0,1,35516.8,28900.8,
0,1,0,3345,16910.9,1,0,1,26119.4,2294.75,
0,1,0,3347,8551.74,1,0,1,17890.5,15588.4,
0,1,0,3349,13373.2,1,0,1,19651.5,5304.57,
4,5,4,3349,72340.3,232,225,7,7265.25,39489.8,
0,1,0,3350,17969.4,1,0,1,23980,33031.8,
0,1,0,3351,3826.33,1,0,1,37084.9,1803.47,
0,1,0,3355,17206.9,1,0,1,15221.1,27308.6,
0,1,0,3356,18586.3,1,0,1,19433.6,631.94,
0,1,0,3364,8605.41,1,0,1,3050.62,12825,
0,1,0,3367,21442.4,2,0,2,10947.6,6826.61,
0,1,0,3367,10018.3,1,0,1,29071.1,20235.4,
0,1,0,3370,12646.1,1,0,1,37861.7,3212.95,
0,1,0,3371,18642.9,1,0,1,29997.6,4284.93,
0,1,0,3371,17704.9,1,0,1,29213.1,13236.8,
0,1,0,3384,8258.77,1,0,1,37952,10762.1,
0,1,0,3386,42130.5,3,0,3,4373.21,10078.6,
2,3,2,3389,71633.7,13,8,5,3364.11,22261.8,
0,1,0,3393,13268.4,1,0,1,18994.5,3213.51,
0,1,0,3394,11986.6,1,0,1,19192.3,3128.49,
0,1,0,3394,5835.9,1,0,1,14353.3,23832.5,
0,1,0,3397,28502.4,3,0,3,37820.8,2497.83,
0,1,0,3399,9622.78,1,0,1,19696.2,14993.7,
0,1,0,3400,8950.39,1,0,1,39188.5,2635.67,
0,1,0,3401,20646.4,1,0,1,27592.8,36799.1,
0,1,0,3402,11732.8,1,0,1,26307.1,12106.2,
0,1,0,3402,21760.8,2,0,2,37561.6,15240.4,
0,1,0,3403,6347.41,1,0,1,9383.25,1511.15,
0,1,0,3404,9194.9,1,0,1,9216.23,1259.57,
0,1,0,3407,9272.32,1,0,1,37566.7,664.778,
0,1,0,3412,13265.9,1,0,1,27035,32043.3,
0,1,0,3413,18942.4,1,0,1,32092.3,5056.25,
0,1,0,3417,16468,1,0,1,35386.6,23235.2,
0,1,0,3418,7300.7,1,0,1,35320.4,26659.6,
0,1,0,3419,24239.7,2,0,2,20901.5,9272.67,
0,1,0,3421,15798.6,1,0,1,19934.3,8877.91,
0,1,0,3427,7623.12,1,0,1,28238,4224.23,
0,1,0,3428,14599.6,1,0,1,24459.4,21897.4,
0,1,0,3429,7689.44,1,0,1,1146.44,26846,
0,1,0,3429,26747,2,0,2,7636.12,11290,
0,1,0,3433,7647.03,1,0,1,31268.4,6872.04,
0,1,0,3435,4610.76,1,0,1,4409.99,34795.1,
0,1,0,3442,9053.47,1,0,1,17911.5,10248.4,
0,1,0,3442,66997.3,6,0,6,5513.25,37616.1,
0,1,0,3445,17913.5,1,0,1,32356.5,5356.3,
0,1,0,3447,18911.5,2,0,2,13845.7,14901.5,
1,2,1,3450,27228,6,3,3,24180.1,24390.3,
0,1,0,3452,12676.3,1,0,1,31705.2,3519.41,
0,1,0,3453,14373.6,1,0,1,24306.5,24356.7,
0,1,0,3454,58138.3,4,0,4,21867.1,24227.6,
0,1,0,3457,38309.4,4,0,4,13906.2,36150,
0,1,0,3461,12839.4,2,0,2,20175.7,14495.4,
0,1,0,3462,31571.8,2,0,2,28672,25497.8,
0,1,0,3467,5433.06,1,0,1,24916.6,11712.7,
0,1,0,3469,42751.9,4,0,4,40112.1,3162.08,
0,1,0,3479,10634.8,1,0,1,11069.4,36470.4,
0,1,0,3479,29765.3,2,0,2,30601.1,17714.2,
0,1,0,3479,16036.7,1,0,1,3955.82,17267.5,
0,1,0,3480,18800.2,2,0,2,12393,8300.95,
0,1,0,3481,9749.5,1,0,1,10664.4,13448,
0,1,0,3481,7438.65,1,0,1,13092.8,13740.2,
0,1,0,3481,11833.8,1,0,1,37445.4,7510.19,
0,1,0,3482,20884.6,1,0,1,12180.8,7288.27,
0,1,0,3483,10720.3,1,0,1,22144.7,13198.5,
0,1,0,3483,9865.71,1,0,1,30384.9,498.006,
0,1,0,3485,5746.13,1,0,1,11195.8,7528.22,
0,1,0,3489,21009.5,1,0,1,28935.1,3927.82,
1,2,1,3490,30226.7,5,2,3,36309.1,10466.6,
0,1,0,3491,10538.3,1,0,1,13271.4,728.898,
0,1,0,3492,6915.32,1,0,1,38606.4,23680,
0,1,0,3492,7734.16,1,0,1,35067.7,23212,
0,1,0,3492,13696.2,1,0,1,36170.9,10564.6,
0,1,0,3494,31445.2,2,0,2,15876.3,23678.2,
0,1,0,3500,7481.33,1,0,1,35564.9,1324.5,
0,1,0,3501,11859.4,1,0,1,27967.2,15761.7,
0,1,0,3504,10706.9,1,0,1,26462.2,638.74,
0,1,0,3505,22698.6,1,0,1,9388.54,31258.7,
0,1,0,3506,20009.3,1,0,1,15240.7,5283.16,
0,1,0,3508,6406.94,1,0,1,11678.4,17968.8,
1,2,1,3508,31207.8,19,16,3,31256.1,1761.97,
0,1,0,3509,13460.1,1,0,1,17901.6,1925.21,
0,1,0,3509,6890.11,1,0,1,17849.2,26423.4,
0,1,0,3509,27681.7,3,0,3,37299.4,5543.4,
0,1,0,3510,13961.9,1,0,1,9893.55,1256.24,
0,1,0,3512,17385.3,2,0,2,28136.8,12551.5,
0,1,0,3518,7957.84,1,0,1,13703.4,34853.4,
0,1,0,3520,7407.74,1,0,1,31387.8,3928.33,
0,1,0,3521,7351.65,1,0,1,23202.1,28048.1,
0,1,0,3526,11163.2,1,0,1,16138.1,36239.5,
0,1,0,3527,18478.6,1,0,1,23832.6,6781.07,
0,1,0,3528,6849.12,1,0,1,18008.6,13323.1,
0,1,0,3529,9733.7,1,0,1,15480,20400.1,
0,1,0,3531,8616.72,1,0,1,17331.5,22017.3,
0,1,0,3534,7816.96,1,0,1,13706.6,8733.46,
1,2,1,3544,86965.1,7,3,4,4626.07,31719.1,
0,1,0,3544,11480.8,1,0,1,39262,21442,
0,1,0,3553,24249.8,1,0,1,3258.21,19141.7,
0,1,0,3554,20027.2,2,0,2,23736,11414.8,
0,1,0,3559,5361.64,1,0,1,34250.1,28883.5,
0,1,0,3560,4423.38,1,0,1,19020.1,18839.4,
0,1,0,3573,34152,3,0,3,35685,12051.1,
0,1,0,3574,5442.77,1,0,1,15901.4,1433.73,
0,1,0,3575,7856.91,1,0,1,9366.58,18226,
0,1,0,3575,15266.8,1,0,1,21343.3,12717.3,
0,1,0,3577,7976.42,1,0,1,27158.9,3812.79,
0,1,0,3578,11842.8,1,0,1,28456.1,12316.2,
0,1,0,3578,11901.1,1,0,1,10731.7,7376.16,
0,1,0,3578,16348.8,1,0,1,30051.7,12294.2,
0,1,0,3579,5864.31,1,0,1,31460.3,9587.04,
0,1,0,3581,20399,2,0,2,15977.4,10399.6,
0,1,0,3581,6146.09,1,0,1,31547.9,1428.46,
0,1,0,3587,9492.09,1,0,1,39243.3,3297.28,
0,1,0,3587,9523.08,1,0,1,9986.83,9458.75,
0,1,0,3588,17428.5,2,0,2,9783.29,8054.85,
0,1,0,3588,25424.5,2,0,2,38126.6,4388.75,
0,1,0,3588,6107.57,1,0,1,10037.9,7318.81,
0,1,0,3590,8513.12,1,0,1,9378.94,7633.11,
0,1,0,3590,11903.5,1,0,1,37001.9,7714.68,
0,1,0,3593,15341.9,1,0,1,17020.8,6428.02,
0,1,0,3595,8623.64,1,0,1,29229.4,39333.8,
0,1,0,3596,4862.68,1,0,1,3321.33,38582,
2,3,2,3598,27085.4,7,4,3,7490.63,35570.1,
0,1,0,3601,6498.51,1,0,1,16583.7,2542.88,
0,1,0,3602,6650.94,1,0,1,17822.4,20381.3,
0,1,0,3608,26815.3,2,0,2,15068.2,2234.24,
1,2,1,3610,26035.9,326,324,2,7837.69,4435.52,
0,1,0,3613,61340.1,3,0,3,4939.98,11432,
0,1,0,3613,16308.7,2,0,2,39372.2,16560.3,
0,1,0,3615,6313.14,1,0,1,5803.87,6710.93,
1,2,1,3618,41880.9,4,2,2,7000.77,7065.5,
0,1,0,3618,22674.1,2,0,2,18519.8,39132.1,
0,1,0,3630,11276.4,1,0,1,29045.6,13394.6,
0,1,0,3630,6242.7,1,0,1,36654.6,1828.49,
0,1,0,3636,21868.8,2,0,2,37016.6,34756.7,
0,1,0,3637,16073.8,1,0,1,22728.5,1389.51,
2,3,2,3639,41905.8,6,2,4,29668.7,38857.3,
0,1,0,3640,12238,1,0,1,15596.2,26082.8,
0,1,0,3645,5534.07,1,0,1,17538.8,11681.1,
0,1,0,3645,26831.3,3,0,3,30673.5,37739.8,
0,1,0,3648,17423.5,1,0,1,23640.1,19019.2,
0,1,0,3649,12133.5,1,0,1,6900.44,9685.72,
0,1,0,3649,25193.6,1,0,1,16690.7,36708.5,
1,2,1,3650,18067.1,5,3,2,14069.3,19694.4,
0,1,0,3653,11179.8,1,0,1,30523.2,39207.4,
0,1,0,3665,56528.8,4,0,4,25172.2,29929.2,
0,1,0,3666,14225.4,1,0,1,15601.5,5438.89,
0,1,0,3667,11406.1,1,0,1,15472.6,6033.96,
0,1,0,3667,5582.05,1,0,1,35491.4,16167.5,
0,1,0,3668,5154.7,1,0,1,15701.3,6146.29,
0,1,0,3668,32262,2,0,2,34037.9,37061.3,
0,1,0,3671,27590,2,0,2,18861.6,13183.5,
0,1,0,3675,13509.5,1,0,1,21237.4,37016.2,
0,1,0,3681,11126.4,1,0,1,12915.5,7810.28,
0,1,0,3681,6130.43,1,0,1,23376.9,19242.8,
0,1,0,3683,9545.09,1,0,1,15561.1,3060.47,
0,1,0,3684,163491,15,0,15,30311.2,7921.21,
0,1,0,3687,15163.3,2,0,2,35181.7,21724.4,
0,1,0,3688,19002.7,1,0,1,14972.7,14871.9,
0,1,0,3689,18045.1,2,0,2,24716.7,7757.39,
0,1,0,3691,8320.64,1,0,1,14790,14884.1,
0,1,0,3693,9724.48,1,0,1,28850.2,21678.9,
0,1,0,3694,22878.8,1,0,1,19391.8,24264.9,
0,1,0,3698,7274.48,1,0,1,37932.7,4066.37,
0,1,0,3698,22503.7,2,0,2,20493.3,37621.1,
0,1,0,3705,5083.08,1,0,1,24875.8,29153.6,
0,1,0,3705,28778.7,2,0,2,2404.23,26577.2,
0,1,0,3709,9140.03,1,0,1,22154.4,6642.54,
0,1,0,3710,12509.3,1,0,1,26232.9,29049.9,
0,1,0,3712,5455.09,1,0,1,7683.41,31148.8,
0,1,0,3712,19573.8,1,0,1,31649.1,13200.3,
0,1,0,3723,7681.88,1,0,1,13798.7,11583.7,
0,1,0,3725,11157.2,1,0,1,27586.1,8402.03,
0,1,0,3725,12543.1,1,0,1,26642.4,18881,
0,1,0,3727,5284.65,1,0,1,31664.5,7909.32,
0,1,0,3727,6430.62,1,0,1,17004.5,7752.76,
0,1,0,3728,30114.4,2,0,2,20886.2,11174.1,
0,1,0,3728,30834.4,1,0,1,28011.6,35207.6,
0,1,0,3732,13868.3,2,0,2,2752.29,14875.9,
0,1,0,3745,4476.07,1,0,1,34480.5,38688,
0,1,0,3746,10980.4,1,0,1,10998.5,11954.1,
0,1,0,3747,10999.4,2,0,2,18042.8,24088.8,
0,1,0,3748,10072.7,1,0,1,6415.49,12618.3,
0,1,0,3749,20696.3,1,0,1,17788.3,24552.9,
0,1,0,3749,7322.2,1,0,1,2710.88,3441.35,
0,1,0,3755,11384.7,1,0,1,17663.3,16318.4,
0,1,0,3760,15661.5,1,0,1,37616.5,12118.3,
0,1,0,3763,14628.4,2,0,2,12028.4,9751.5,
0,1,0,3765,9500.41,1,0,1,12209.1,9676.36,
0,1,0,3765,9394.97,1,0,1,12438.7,9145.97,
0,1,0,3768,4850.53,1,0,1,27230.5,12282.8,
0,1,0,3771,17814.2,1,0,1,15058.3,26959.7,
0,1,0,3779,36434.4,2,0,2,1063.81,17999.6,
0,1,0,3781,7020.52,1,0,1,23948.4,5313.49,
0,1,0,3783,11321.5,1,0,1,26258.4,5113.53,
0,1,0,3784,16736,1,0,1,15436.4,8299.67,
0,1,0,3787,36141.3,3,0,3,13078.2,14664.7,
0,1,0,3788,13966.2,1,0,1,19589.1,1582.8,
0,1,0,3790,11037.3,1,0,1,9494.75,1319.02,
0,1,0,3792,8760.78,1,0,1,16313,29879.9,
0,1,0,3797,30085.5,2,0,2,5113.48,11792.3,
0,1,0,3800,8675.25,1,0,1,9635.49,9228.36,
0,1,0,3801,12815.1,1,0,1,18860.1,9481.22,
0,1,0,3802,23934.7,1,0,1,19919.8,12918.9,
0,1,0,3803,18055.1,2,0,2,27611.7,5071.94,
0,1,0,3803,21927.5,1,0,1,4254.56,11975.8,
0,1,0,3807,10070.8,1,0,1,13364.6,15389.8,
0,1,0,3808,30165.5,3,0,3,23273.7,9639.6,
0,1,0,3811,5162.53,1,0,1,29575.9,17245.6,
0,1,0,3811,9063.71,1,0,1,4131.58,13486.8,
0,1,0,3813,11815.6,1,0,1,31201.5,17646,
1,2,1,3814,34439.5,8,3,5,31297.1,37885.7,
0,1,0,3821,15701,1,0,1,16852.5,6500.98,
0,1,0,3825,16025.3,1,0,1,38979,6538.21,
0,1,0,3825,6600.85,1,0,1,38256.7,34285.7,
0,1,0,3828,14341.2,2,0,2,29948.3,30395.2,
0,1,0,3832,12534.1,1,0,1,8868.72,26563.2,
0,1,0,3837,14603.5,1,0,1,28340.9,578.446,
0,1,0,3840,10502.7,1,0,1,38985.3,14992.6,
0,1,0,3847,15471.9,2,0,2,4689.69,6437.9,
0,1,0,3848,24309.4,2,0,2,5825.11,20710.9,
0,1,0,3850,21764.1,1,0,1,24203.1,5597.34,
0,1,0,3858,9097.12,1,0,1,8006.31,21666.7,
0,1,0,3874,11311.9,1,0,1,34338.1,30974.2,
0,1,0,3877,9878.33,1,0,1,22549.8,12745.7,
3,4,3,3879,86636.9,18,10,8,19776.3,10715.1,
0,1,0,3881,14867.7,1,0,1,20612.5,1326.19,
0,1,0,3883,25937.7,2,0,2,39780.7,6255.46,
0,1,0,3886,69828.2,5,0,5,1103.29,4703.71,
0,1,0,3895,4345.51,1,0,1,21615.5,5781.35,
2,3,2,3901,70163.2,10,4,6,10934.1,29493,
0,1,0,3902,10342.3,1,0,1,35047.8,26424.7,
0,1,0,3904,17904.2,1,0,1,34485.3,3038.4,
8,9,8,3907,475503,52,12,40,7368.59,3153.49,
0,1,0,3907,13330,1,0,1,5684.62,16494.8,
0,1,0,3910,21599.9,1,0,1,11780.4,10687.3,
0,1,0,3910,7894.19,1,0,1,12171.7,21593.6,
0,1,0,3911,23518.8,3,0,3,2419.61,2706.43,
0,1,0,3913,17173.9,1,0,1,14952.6,7331.7,
0,1,0,3914,10942,1,0,1,13407.1,30973,
0,1,0,3915,8783.78,1,0,1,9182.27,9136.14,
0,1,0,3916,28574.5,2,0,2,14474.7,32607.2,
0,1,0,3918,22640,2,0,2,14393.6,20113.2,
0,1,0,3926,21946.8,2,0,2,16731.4,13052.3,
0,1,0,3929,14274.8,1,0,1,38427.8,28442.7,
0,1,0,3929,9030.45,1,0,1,2841.43,33098.1,
0,1,0,3931,9950.52,1,0,1,16564,1141.27,
0,1,0,3932,13857.5,1,0,1,14285.8,3923.13,
0,1,0,3933,12333.4,2,0,2,34221.1,3205.82,
0,1,0,3933,7882.62,1,0,1,37686.8,18247.9,
0,1,0,3935,45575.6,3,0,3,22290.1,1345.83,
0,1,0,3936,8687.54,1,0,1,29627.3,10173.8,
0,1,0,3937,52811,4,0,4,21063.3,31201,
0,1,0,3937,43408.9,3,0,3,10239.3,18943.6,
0,1,0,3939,11236,1,0,1,13718.6,7131.49,
0,1,0,3941,12406.8,1,0,1,24486.8,13486.4,
2,3,2,3941,41089.9,7,3,4,29296.6,15625.7,
0,1,0,3942,23342.9,2,0,2,29570.8,19908.3,
0,1,0,3944,36073,3,0,3,13965.7,3424.47,
0,1,0,3947,9347.36,1,0,1,29991.4,24161,
0,1,0,3949,6905.17,1,0,1,32372.2,7683.12,
0,1,0,3950,19341.8,1,0,1,15054.1,16754.4,
0,1,0,3950,25332,3,0,3,26430.8,15252.8,
0,1,0,3951,9178.74,1,0,1,31625.2,5567.56,
0,1,0,3952,15693.7,1,0,1,21701.2,26823.8,
0,1,0,3953,9900.8,1,0,1,11267.6,11972.1,
0,1,0,3953,8923.21,1,0,1,36338.6,5712.27,
0,1,0,3953,14957.8,1,0,1,11947.9,22360.5,
0,1,0,3956,14532.6,1,0,1,10931.9,3801.09,
0,1,0,3958,6422.55,1,0,1,34553.8,14648,
0,1,0,3961,8013.75,1,0,1,32710.9,22721.3,
0,1,0,3962,8566.07,1,0,1,3571.34,3374.06,
0,1,0,3962,17373.9,1,0,1,32138.2,23594,
0,1,0,3963,6274.45,1,0,1,3620.68,3885.66,
0,1,0,3964,10664.6,1,0,1,4503.52,3539.62,
0,1,0,3965,8019.76,1,0,1,31879.7,12533.6,
0,1,0,3970,8296.43,1,0,1,33846.6,25183.1,
0,1,0,3973,32079.5,2,0,2,12558.1,14440,
0,1,0,3985,18180.7,1,0,1,5075.63,5394.35,
0,1,0,3987,8396.94,1,0,1,30157,3739.92,
0,1,0,3987,2964.24,1,0,1,29830.1,11741.6,
0,1,0,3988,12188.5,1,0,1,29663,11507.2,
0,1,0,3988,7531.12,1,0,1,25789,15473.8,
0,1,0,3989,28618.6,2,0,2,31850,8071.37,
0,1,0,3991,11252.6,1,0,1,3541.53,30408.1,
0,1,0,3993,14788.3,2,0,2,32107.1,6449.08,
0,1,0,3997,30540.7,1,0,1,34657.5,36301.1,
0,1,0,3997,5447.08,1,0,1,36148,2649.82,
