# seq OFF,# seq ON,blinks,frame,intensity,lifetime,total OFF,total ON,x,y,
0,1,0,1,1.44569e+08,4000,0,4000,16842.7,23703.5,
5,6,5,2,441073,17,6,11,20272.2,22235.6,
0,1,0,2,40781.6,1,0,1,21759.1,21737.2,
0,1,0,5,78331.5,2,0,2,27727.8,39401.7,
1,2,1,15,208003,19,12,7,27636.4,31836.7,
0,1,0,27,40173.6,1,0,1,12152.3,26611.6,
0,1,0,31,10119,1,0,1,5739.29,8521.24,
1,2,1,37,133363,6,1,5,17745.2,26770.4,
1,2,1,69,52242.8,4,2,2,12282.6,12035.8,
1,2,1,83,97636.8,1189,1185,4,12496,2905.6,
0,1,0,95,101521,4,0,4,9893.25,19051.1,
0,1,0,95,40030,1,0,1,15642.5,31857.2,
0,1,0,98,8921.56,1,0,1,28563.1,27908.8,
2,3,2,102,167687,9,4,5,22245.7,19930.4,
0,1,0,102,18443.8,1,0,1,2418.91,11666.5,
0,1,0,105,35295.3,1,0,1,1669.66,37950.8,
0,1,0,105,14164.5,1,0,1,14818,37729.6,
0,1,0,109,44753.9,1,0,1,10127.6,20978.5,
2,3,2,111,351424,547,538,9,12248.8,23122.6,
0,1,0,160,87521.7,3,0,3,37841.4,39705.3,
0,1,0,161,36887.8,1,0,1,34768.1,21670.6,
0,1,0,181,41078.4,1,0,1,23646.3,35367.6,
0,1,0,194,14286.1,1,0,1,9830.26,18679.7,
0,1,0,215,41967.6,1,0,1,11606.5,23708.4,
0,1,0,227,11601.2,1,0,1,29709.9,19502.8,
0,1,0,240,53632,2,0,2,27048.8,11012.8,
0,1,0,277,42563.2,1,0,1,3186.18,12059.9,
0,1,0,297,15195.4,1,0,1,40307.6,14920.7,
0,1,0,299,41575.6,1,0,1,38521.8,15595.7,
0,1,0,302,49305.1,2,0,2,30510,24501.6,
0,1,0,304,13249.7,1,0,1,2747.43,2438.55,
0,1,0,314,39548.2,1,0,1,32481,15973.5,
0,1,0,324,8807.77,1,0,1,4869.99,29406.1,
0,1,0,357,284927,8,0,8,9980.59,32948.1,
0,1,0,388,52226.1,2,0,2,29921.8,32406.7,
0,1,0,389,196761,5,0,5,19462.1,32365.9,
0,1,0,400,40583.3,1,0,1,30992.1,27369.5,
0,1,0,413,79313.7,3,0,3,29495,39781.8,
0,1,0,418,40323.5,1,0,1,4048.28,19750.5,
0,1,0,423,39504.2,1,0,1,14748,11320.6,
1,2,1,426,371706,13,1,12,12979.7,31548.3,
0,1,0,437,127326,3,0,3,19957.2,22892.1,
7,8,7,505,479162,61,45,16,22074.1,1367.63,
0,1,0,509,38988.3,1,0,1,3041.56,28793.3,
2,3,2,514,567545,16,2,14,31063.2,34182.2,
0,1,0,532,40493.4,1,0,1,11793.4,816.85,
1,2,1,570,609875,20,5,15,26209.2,23893.2,
0,1,0,598,38234.3,1,0,1,31979.5,13878.5,
0,1,0,611,86322.9,2,0,2,6637.34,1327.16,
0,1,0,685,43757.2,1,0,1,31797.2,19659.6,
0,1,0,688,80244.8,2,0,2,27793.8,19475.5,
0,1,0,690,39552.8,1,0,1,29121.7,20814.1,
0,1,0,695,122091,3,0,3,33923.1,29738,
0,1,0,699,38666.3,1,0,1,35205.3,24724.2,
0,1,0,704,42152.3,1,0,1,29353,37917.3,
0,1,0,720,40354.7,1,0,1,20603.2,2460.89,
0,1,0,739,41549.5,1,0,1,30255,33770.1,
0,1,0,741,40781.6,1,0,1,34853.1,37432,
0,1,0,788,79278,3,0,3,13296.3,38143.1,
0,1,0,861,43205.7,1,0,1,12045.2,29453.1,
0,1,0,880,39474.4,1,0,1,30334.9,2156.12,
0,1,0,921,42244.9,1,0,1,3651.56,37287.9,
0,1,0,1021,41657.2,1,0,1,22249.4,31210.8,
0,1,0,1025,39548,1,0,1,30313.6,22993.9,
0,1,0,1081,205506,5,0,5,28921.8,22928.8,
1,2,1,1086,76015.4,6,4,2,29305.5,24933.4,
0,1,0,1095,38816.6,1,0,1,22685.2,16779.9,
0,1,0,1127,41598.5,1,0,1,32680.6,23750.4,
0,1,0,1217,43953.6,1,0,1,28106.3,20834.3,
0,1,0,1237,83265.2,2,0,2,27256.6,14740.4,
0,1,0,1246,35501.9,1,0,1,31736.1,9417.69,
0,1,0,1250,36019.1,1,0,1,23427.4,25098.5,
0,1,0,1309,118182,3,0,3,20767.9,38164.1,
0,1,0,1352,33112.1,1,0,1,26089.5,29101.3,
0,1,0,1381,18615.6,1,0,1,21955.8,20797.5,
0,1,0,1382,39335.7,1,0,1,21393.7,22260.4,
0,1,0,1385,37579.2,1,0,1,31542.4,14712.9,
0,1,0,1387,39492.2,1,0,1,31034.9,9021.2,
0,1,0,1388,38022.6,1,0,1,31890.3,7947.24,
0,1,0,1391,36894.6,1,0,1,2216.46,37589,
0,1,0,1393,118657,3,0,3,12956.8,34147.1,
0,1,0,1396,78476.6,2,0,2,12705.7,32963.3,
1,2,1,1405,119642,7,4,3,7971.56,19343.5,
0,1,0,1408,40009.7,1,0,1,31512.1,33377.5,
0,1,0,1417,42747.9,1,0,1,9963.7,26359.4,
0,1,0,1422,41694.3,1,0,1,23270.3,16644.1,
0,1,0,1427,40547.6,1,0,1,29128.2,7821.97,
0,1,0,1430,279607,7,0,7,23082.5,7753.91,
0,1,0,1471,34993,1,0,1,37607.3,27074.4,
5,6,5,1483,1.5065e+06,46,8,38,15126.8,21059,
0,1,0,1519,39693.5,1,0,1,19150.4,18709.4,
0,1,0,1535,36293.7,1,0,1,36682,9665.47,
0,1,0,1549,32586.2,1,0,1,34051.6,18882.1,
0,1,0,1583,43994.8,1,0,1,30672.6,36957.3,
0,1,0,1646,41425.6,1,0,1,18016.4,28622.3,
0,1,0,1748,41897.3,1,0,1,35669.6,23439.3,
0,1,0,1749,35792.5,1,0,1,35018.9,27433.9,
0,1,0,1771,37336.4,1,0,1,39833.3,22124.4,
1,2,1,1773,779781,21,1,20,12678.6,967.574,
0,1,0,1775,39831.6,1,0,1,36443.8,22696.7,
0,1,0,1786,36250.2,1,0,1,36909.9,8832,
0,1,0,1807,34744.3,1,0,1,1048.89,31533.9,
0,1,0,1866,39312.4,1,0,1,13944.2,6238.17,
0,1,0,1910,40505.2,1,0,1,17411.5,33632.9,
0,1,0,1912,40744.1,1,0,1,14680.9,32974.9,
0,1,0,2001,39572,1,0,1,39474.8,15641.3,
0,1,0,2048,79292.6,2,0,2,33230.1,39146.2,
0,1,0,2073,266110,7,0,7,36591.7,8938.18,
0,1,0,2073,161554,4,0,4,12513.3,10790.8,
0,1,0,2092,35911.5,1,0,1,18324.6,26010.2,
0,1,0,2098,111957,3,0,3,26494.4,2787.94,
0,1,0,2198,40811.5,1,0,1,25629.9,22523.9,
1,2,1,2300,153293,373,369,4,36178.5,28839.9,
3,4,3,2318,585480,27,12,15,11669.2,13766.6,
0,1,0,2339,73142.5,2,0,2,17271.6,9796.2,
0,1,0,2377,45569.4,1,0,1,27650.4,3585.71,
2,3,2,2418,461607,14,2,12,18041,10633.5,
0,1,0,2448,36512.1,1,0,1,39449.5,39586,
0,1,0,2449,265064,7,0,7,37204.9,39759,
0,1,0,2485,39695.5,1,0,1,23556.1,34972.8,
0,1,0,2498,39018,1,0,1,15662.9,7383.61,
0,1,0,2504,43718.7,1,0,1,20975.9,1885.72,
0,1,0,2567,39075.9,1,0,1,5171.04,3029.79,
0,1,0,2599,78990.5,2,0,2,37732,17885.1,
0,1,0,2633,37649.1,1,0,1,19977.9,30908.8,
0,1,0,2633,37696.8,1,0,1,22506.5,25067.3,
0,1,0,2636,33980.9,1,0,1,30063.8,27900.6,
0,1,0,2637,35403.3,1,0,1,10765.4,34408.3,
1,2,1,2638,77263.5,1208,1206,2,33198.9,1758.15,
0,1,0,2638,36094.9,1,0,1,36586.4,9915.2,
0,1,0,2641,37622.3,1,0,1,25382,30489,
0,1,0,2642,46090.1,2,0,2,23207.4,27917.2,
0,1,0,2644,113878,3,0,3,22667.7,27828,
0,1,0,2647,41792.5,1,0,1,22680.5,26107.9,
0,1,0,2657,38798.8,1,0,1,39976,4517.99,
0,1,0,2671,39225.5,1,0,1,23148.9,19214,
0,1,0,2712,33115.5,1,0,1,31127.6,17207.6,
0,1,0,2802,36155.6,1,0,1,11177.3,26833,
0,1,0,2900,35007.6,1,0,1,19802.6,15249.3,
0,1,0,3014,40893,1,0,1,22025.7,6255.36,
1,2,1,3047,73017.4,29,27,2,31545.4,20181.1,
0,1,0,3077,34828.9,1,0,1,15607.7,24016.6,
1,2,1,3132,146171,8,4,4,39745,13373,
0,1,0,3140,78773.9,2,0,2,40033,13050,
5,6,5,3143,539671,40,25,15,37474.5,12215,
0,1,0,3148,36463.6,1,0,1,12724,9357.8,
0,1,0,3154,37345.9,1,0,1,21385.9,9667.17,
0,1,0,3182,40667.3,1,0,1,38437.4,8995.72,
0,1,0,3183,121335,3,0,3,38257.6,9128.22,
1,2,1,3186,79772,790,788,2,37872.2,9174.21,
0,1,0,3187,35379.6,1,0,1,37556.4,8950.97,
0,1,0,3195,39631.2,1,0,1,38934.4,11432,
1,2,1,3196,154176,6,2,4,38877,11211.3,
0,1,0,3206,43038.1,1,0,1,5353.62,40227.3,
0,1,0,3237,34620.1,1,0,1,28489,7298.84,
0,1,0,3263,42028.5,1,0,1,14494.6,7089.45,
0,1,0,3296,38435.3,1,0,1,25401.3,11333.5,
0,1,0,3297,35827.2,1,0,1,35797.9,40154.5,
0,1,0,3300,38476.7,1,0,1,40226.1,20406,
0,1,0,3303,42066.9,1,0,1,37454.9,23740.8,
0,1,0,3308,37787.2,1,0,1,30279.3,21623.5,
1,2,1,3335,682311,22,4,18,6945.65,39376.9,
1,2,1,3357,225583,7,1,6,22603.6,22010.5,
6,7,6,3361,1.16046e+06,68,31,37,21050.7,27951.1,
0,1,0,3390,43701.6,1,0,1,28192.9,33551.1,
0,1,0,3397,39666.8,1,0,1,28887.4,18571.9,
0,1,0,3431,40251.9,1,0,1,18072.2,10228.1,
0,1,0,3431,40974.1,1,0,1,16908.6,12362.8,
2,3,2,3441,176314,8,2,6,6671.08,27675.2,
2,3,2,3454,397541,12,2,10,11308.8,32685.7,
0,1,0,3476,36022.7,1,0,1,12936,33673.1,
3,4,3,3506,599953,32,16,16,20019.1,11146.8,
0,1,0,3534,277870,8,0,8,30897.2,24297,
0,1,0,3547,9445.33,1,0,1,22002.6,39687.2,
0,1,0,3549,36645.7,1,0,1,24142,29652.5,
0,1,0,3555,39921.7,1,0,1,19567.4,29749.2,
0,1,0,3563,38345,1,0,1,12662,24647.4,
0,1,0,3564,77366.8,2,0,2,25098.4,11720.8,
2,3,2,3566,123312,10,6,4,31162.2,25269.8,
0,1,0,3573,53697.3,2,0,2,7570.9,36366.1,
0,1,0,3628,76486.2,2,0,2,20294.7,14461.5,
0,1,0,3651,37059.9,1,0,1,22595,27253.4,
0,1,0,3823,39334,1,0,1,1933.37,30756.1,
0,1,0,3848,36673.4,1,0,1,29218.1,19201.5,
2,3,2,3904,367856,15,5,10,19914,39866.8,
0,1,0,3906,38252.6,1,0,1,38535.8,25377.1,
0,1,0,3932,41172.6,1,0,1,25644.2,40283.2,
0,1,0,3937,193636,5,0,5,33112.8,16927.4,
0,1,0,3951,40419.5,1,0,1,29609.2,9379.42,
0,1,0,3965,77226.7,2,0,2,18758.8,6313,
0,1,0,3973,36941.2,1,0,1,1943.35,15331.8,
