# seq OFF,# seq ON,blinks,frame,intensity,lifetime,total OFF,total ON,x,y,
2,3,2,2,140065,26,9,17,31506.1,5398.29,
0,1,0,2,14122.9,2,0,2,20674.7,14711.4,
5,6,5,3,96603.7,44,32,12,31579.6,25559.4,
1,2,1,3,68705.2,11,3,8,14310.3,16090.4,
0,1,0,4,55084.6,7,0,7,12533.9,24823.2,
2,3,2,5,142475,1534,1520,14,13327.7,3099.95,
0,1,0,6,41280.9,4,0,4,29599.7,31808.1,
3,4,3,6,103840,23,9,14,24888.1,24352.6,
1,2,1,7,74717.4,1073,1065,8,15046.6,6824.61,
1,2,1,8,51082.5,3991,3985,6,14730,8739.92,
0,1,0,10,17569.9,2,0,2,20866,30191.4,
1,2,1,10,112753,14,1,13,18023.2,10253.9,
4,5,4,11,76715,24,15,9,23789.3,27032.6,
0,1,0,14,24732.2,3,0,3,22715.3,2697.53,
0,1,0,14,28399.9,4,0,4,1696.05,13844.1,
0,1,0,14,4717.74,1,0,1,17233.9,18276.8,
1,2,1,15,153324,24,7,17,7926.08,21196.9,
3,4,3,15,86832,28,20,8,11991.8,24880,
0,1,0,15,14112.2,2,0,2,23897,30590.7,
1,2,1,17,113597,13,1,12,6779.29,3325.42,
1,2,1,17,22726.9,4,2,2,12676,6647.28,
3,4,3,19,62760.1,1071,1065,6,14964.4,9231.52,
0,1,0,20,45568.6,5,0,5,28286.3,773.137,
0,1,0,21,20642.7,2,0,2,13006.9,28142.5,
0,1,0,21,31791.6,3,0,3,3545.39,19966.1,
3,4,3,23,173824,32,12,20,32222,17514.6,
0,1,0,23,18426.1,2,0,2,12962.8,22341.4,
1,2,1,24,40691.5,9,4,5,18601.4,26877.9,
4,5,4,25,165533,31,11,20,19455.8,21755.9,
0,1,0,25,18688.2,2,0,2,9368.67,16227.5,
0,1,0,25,70234.4,7,0,7,22228.4,25747.4,
0,1,0,27,36212.4,4,0,4,18660.1,29326.9,
0,1,0,31,14552.6,2,0,2,18901.9,31511.6,
6,7,6,32,413473,76,26,50,977.397,801.094,
0,1,0,34,16259.9,2,0,2,7696.37,17945.7,
1,2,1,34,34070.8,5,1,4,17361,16902.3,
0,1,0,34,11078.8,2,0,2,10074.6,20975.6,
1,2,1,36,62293.3,16,9,7,2050.29,11675.5,
1,2,1,37,57480.1,10,2,8,23649.1,10816,
2,3,2,38,60920.4,16,7,9,27676.1,4896.07,
8,9,8,38,221002,1267,1242,25,4360.3,19225.7,
0,1,0,42,37901,5,0,5,11319.7,28642.2,
0,1,0,42,47960.1,6,0,6,32244.9,21922.3,
1,2,1,43,95987.7,13,1,12,27544.5,31007,
0,1,0,45,29029.9,4,0,4,3640.44,28364.2,
3,4,3,46,65428.1,13,5,8,16418.1,17536.1,
2,3,2,47,58087.3,26,19,7,26691.9,24364.8,
1,2,1,47,17948.4,3,1,2,9768.87,30447,
0,1,0,50,49551.6,6,0,6,10123.8,4590.65,
0,1,0,50,13767.7,2,0,2,23935.7,21813.2,
2,3,2,51,86153.7,14,5,9,29343.6,6332.71,
1,2,1,51,17125,5,3,2,11851.5,17729.9,
3,4,3,54,118140,33,19,14,2138.18,25674.2,
0,1,0,56,10794.9,1,0,1,17353.3,10482,
0,1,0,57,46448.8,4,0,4,3352.2,17815.7,
3,4,3,58,72878.9,25,15,10,9387.78,1945.37,
3,4,3,58,138544,24,8,16,14215.5,31477.7,
1,2,1,59,27351.3,4,1,3,16456,17720.6,
0,1,0,61,14572.1,2,0,2,11769.5,8438.79,
0,1,0,64,9695.51,2,0,2,31830.1,20095.4,
0,1,0,66,4814.11,1,0,1,2387.47,20459,
0,1,0,68,21095.2,2,0,2,24943.5,28629.6,
1,2,1,69,31567,679,675,4,11610.5,25459,
1,2,1,70,29990.2,5,2,3,13503.4,17288.6,
4,5,4,70,191499,38,16,22,11956.7,13886.7,
1,2,1,71,27764.9,5,2,3,16654.9,6148.28,
5,6,5,71,137503,30,13,17,10739.9,13204.9,
0,1,0,75,101455,10,0,10,26052,22712.4,
1,2,1,76,54360.9,8,2,6,9451.97,8669.74,
1,2,1,78,39622.5,6,2,4,2007.69,12247,
0,1,0,79,16477.7,2,0,2,1472.61,24573.5,
5,6,5,79,269185,48,17,31,13876.8,31727,
1,2,1,81,49904.9,10,4,6,20886.4,17469.3,
1,2,1,84,56675.1,12,6,6,1124.68,1852.56,
0,1,0,90,21390.3,2,0,2,11987.2,20474.3,
0,1,0,92,10793.8,1,0,1,21996.6,18902.3,
1,2,1,93,59721.5,10,3,7,4309.96,19921.2,
0,1,0,93,13107.2,2,0,2,28890.2,23901.4,
0,1,0,94,62405.3,7,0,7,12854.4,13053.3,
1,2,1,94,103220,13,2,11,25874,10914.3,
1,2,1,96,73176.1,1882,1875,7,8531.06,26075.3,
5,6,5,97,145208,1019,1003,16,2878.83,12066,
1,2,1,97,122594,17,4,13,14990.1,17147.3,
3,4,3,98,155071,23,6,17,4086.16,8600.23,
0,1,0,99,30001.7,3,0,3,2369.26,15588.2,
0,1,0,102,21767.7,2,0,2,18380.3,26643.1,
1,2,1,103,76117.2,13,4,9,25808.3,27087.1,
0,1,0,104,34221.8,4,0,4,26219.8,6938.59,
2,3,2,105,28127.7,23,20,3,7364.13,19807.6,
0,1,0,106,34405.9,4,0,4,4091.97,15775.1,
0,1,0,107,62351.6,7,0,7,24931.9,26515.3,
0,1,0,109,89268.9,9,0,9,17585.3,12503.2,
3,4,3,109,282837,38,7,31,15647.7,2754.81,
2,3,2,109,98287.5,25,15,10,18895.3,28467.4,
0,1,0,112,7875,1,0,1,13021.2,26282.6,
0,1,0,113,58573.5,7,0,7,26289.5,10920,
3,4,3,113,155409,26,8,18,29688,8131.21,
2,3,2,116,85696,11,2,9,21662.2,20479,
1,2,1,117,102091,17,5,12,6882.55,29148.4,
4,5,4,117,149267,823,807,16,4954.86,16577.5,
2,3,2,118,151354,1247,1231,16,21430.2,12665.2,
0,1,0,119,57477,6,0,6,29344.6,16024.9,
2,3,2,119,104889,14,3,11,26711.3,25886.7,
5,6,5,119,141094,2957,2941,16,17958.7,6631.12,
0,1,0,121,23026,3,0,3,15227.3,16981,
1,2,1,121,89529.2,13,3,10,32166.9,18740.4,
0,1,0,121,63248.2,7,0,7,13238.9,24703.8,
0,1,0,122,31069.8,3,0,3,23989.7,20406.5,
0,1,0,122,42183.3,4,0,4,3558.09,4289.39,
1,2,1,123,23020.3,15,12,3,17538,1960.73,
1,2,1,124,95530.7,13,1,12,21376.9,10647.7,
1,2,1,126,31008.7,7,4,3,8934.52,31789.3,
0,1,0,126,57381.4,6,0,6,9846.66,16957.4,
0,1,0,127,12838.6,1,0,1,5893.79,849.998,
1,2,1,127,147670,21,5,16,9901.73,23401.3,
0,1,0,129,27194.8,4,0,4,14286,25763.5,
2,3,2,130,38638.2,9,4,5,6511.57,5709.35,
2,3,2,130,61950.7,26,19,7,11977.8,31823.8,
1,2,1,131,83923.9,11,1,10,27960.5,2715.17,
0,1,0,132,27952.6,3,0,3,13078.3,9686.18,
0,1,0,133,19288.3,2,0,2,18096.8,3128.59,
1,2,1,133,50159.5,557,551,6,22064.1,19262.7,
0,1,0,135,55400.1,7,0,7,7681.03,18368.8,
0,1,0,135,29391.1,3,0,3,7443.22,7556.09,
1,2,1,135,65073.1,15,9,6,18649.2,23649.6,
0,1,0,135,8853.97,1,0,1,14788.4,22556.3,
0,1,0,136,15088,1,0,1,28577.2,21543.2,
5,6,5,136,231613,651,628,23,14058.4,29449.3,
3,4,3,140,159302,23,6,17,29166.4,11830.1,
1,2,1,140,56946,2513,2506,7,14572.1,7001.54,
2,3,2,140,111151,13,2,11,5805.06,27703.4,
0,1,0,140,10043.7,1,0,1,5484.35,28843.4,
3,4,3,141,90767.1,26,15,11,13231.7,18637.4,
0,1,0,142,9702.89,1,0,1,23801.9,1090.21,
1,2,1,143,174772,2090,2072,18,12379.6,6986.48,
0,1,0,144,172870,18,0,18,21558.9,9093.13,
0,1,0,145,7996.63,1,0,1,16093.9,15313.4,
2,3,2,145,32138.5,7,3,4,30165,13174.6,
4,5,4,147,421685,2136,2090,46,28568.6,6305.58,
1,2,1,151,29628,8,5,3,22995.3,10847.8,
0,1,0,153,83961.5,9,0,9,19974.6,12464.5,
1,2,1,153,18238.3,16,14,2,18419.6,4686.15,
0,1,0,158,4970.04,1,0,1,30164.8,16832.5,
0,1,0,158,52550.3,7,0,7,20736.2,16815.5,
3,4,3,161,181483,28,6,22,10360,16779.7,
1,2,1,161,41886.6,7,2,5,25923.7,20219.5,
0,1,0,162,19036,3,0,3,27577.7,14211.8,
1,2,1,165,176764,24,4,20,4037.52,24852.8,
0,1,0,166,8341.05,1,0,1,10596.4,903.826,
0,1,0,167,12691.3,2,0,2,29787.5,23168.6,
0,1,0,168,5161.36,1,0,1,23463.8,16256.7,
2,3,2,168,52901,10,4,6,13943.1,18111.5,
0,1,0,168,37003,4,0,4,10816.5,28837.6,
2,3,2,169,62300,12,5,7,20618.8,24310.3,
5,6,5,170,117827,1992,1976,16,21018.6,10231.9,
0,1,0,171,29122.4,3,0,3,21993.2,28895.7,
0,1,0,171,57258.3,7,0,7,12465,9537.74,
1,2,1,171,17930,5,3,2,19713.3,28489,
0,1,0,172,8586.65,1,0,1,19002.8,21262.3,
0,1,0,173,32193.6,4,0,4,17444.8,2379.65,
0,1,0,177,23107.8,2,0,2,5820.76,20798.2,
3,4,3,177,127733,24,10,14,20628.5,2784.59,
1,2,1,178,55401.7,11,4,7,18745.1,5076.05,
6,7,6,178,205356,64,41,23,16298.9,32185.2,
0,1,0,182,39013.9,4,0,4,6461.74,17925.3,
4,5,4,182,252186,49,22,27,25862,2581.82,
1,2,1,183,57307.4,8,1,7,2866.18,32109.3,
0,1,0,185,26781.5,3,0,3,21244.6,10744.8,
2,3,2,187,32856.7,10,5,5,18727,1479.08,
3,4,3,188,218254,29,5,24,21227.4,7299.9,
0,1,0,190,24017.6,3,0,3,1738.25,15848.6,
6,7,6,192,151824,35,19,16,18888.6,6621.87,
1,2,1,195,37908,9,5,4,19991.4,723.307,
0,1,0,198,3608.72,1,0,1,11593.7,23509.9,
3,4,3,199,95618.5,22,9,13,2126.65,7477.15,
4,5,4,200,242573,37,9,28,14598.9,28957.5,
0,1,0,202,28026.9,3,0,3,2626.77,29149.4,
3,4,3,202,206989,52,28,24,2576.95,31578.5,
0,1,0,203,11762.7,1,0,1,14886.6,7216.95,
2,3,2,203,98825.9,3978,3968,10,20576.5,31936.8,
0,1,0,204,15121.8,2,0,2,10103.6,4273.61,
1,2,1,204,56629.8,7,1,6,10305.6,5844.91,
1,2,1,204,75146,18,9,9,24803.1,18993.2,
0,1,0,204,15193.4,2,0,2,17313.8,3485,
2,3,2,205,77524.8,14,5,9,24994.5,25794.8,
4,5,4,211,125449,241,227,14,23368.4,22103.3,
0,1,0,212,116174,13,0,13,4491.87,16002.5,
0,1,0,213,11730.4,1,0,1,18829.2,5619.68,
1,2,1,213,31285.9,6,2,4,6683.43,23805.4,
0,1,0,213,12582,1,0,1,22543.9,27598.5,
1,2,1,217,61403.4,16,9,7,4086.24,25131.1,
6,7,6,217,308532,46,13,33,12273.2,22521,
0,1,0,217,39665.6,4,0,4,17190.2,11763.5,
7,8,7,220,610025,88,25,63,22143.6,3134.44,
1,2,1,221,54716.9,10,4,6,2419.13,1697.67,
0,1,0,223,40353.9,4,0,4,31534,2818.86,
0,1,0,223,10229.5,1,0,1,18958.1,4436.22,
2,3,2,226,30739.2,5,2,3,26503.1,12747.2,
1,2,1,226,42316.9,8,3,5,18545.4,27312.8,
1,2,1,226,35232,5,2,3,9943.33,32324.3,
1,2,1,227,80697.2,15,5,10,8999.11,9854.57,
12,13,12,228,298633,1426,1390,36,21634.6,11031.8,
0,1,0,228,39454.5,4,0,4,22662.4,22263.4,
3,4,3,229,175404,21,5,16,3211.53,23131.1,
1,2,1,230,199121,4195,4177,18,18444,26374,
2,3,2,234,79690.4,12,3,9,2589.83,24065.5,
0,1,0,234,52594.4,4,0,4,17189.4,24102,
0,1,0,237,20482.5,2,0,2,16133.7,13208.1,
1,2,1,237,103959,15,4,11,5346.11,31919.3,
1,2,1,239,74508.8,7,1,6,19303,16939.9,
0,1,0,239,51066.6,5,0,5,8174.8,15177.9,
0,1,0,239,13947.7,1,0,1,13807.4,13428,
1,2,1,242,93759.8,17,4,13,9790.79,7244.16,
1,2,1,244,25240,5,1,4,26970.4,16509.1,
0,1,0,244,5855.14,1,0,1,21725,13037.2,
0,1,0,245,9836.72,1,0,1,27807.5,24754,
0,1,0,246,58314.3,7,0,7,31094.2,13636.7,
0,1,0,247,97017.6,11,0,11,17774.3,20718.3,
1,2,1,248,36890.4,889,885,4,27066.1,24945.7,
4,5,4,249,84609.1,23,14,9,17330.5,28055.1,
2,3,2,250,83628.7,11,2,9,19473.8,20485.2,
1,2,1,251,28372.2,5,1,4,14823.1,21222.9,
0,1,0,251,46644.5,5,0,5,15416,19887.5,
0,1,0,252,17588.2,2,0,2,24011.6,6616.81,
1,2,1,254,118024,14,1,13,23486.7,14235.8,
0,1,0,254,23312.7,3,0,3,26653.1,11124.8,
0,1,0,254,14138.5,2,0,2,18607.8,26193,
3,4,3,256,145537,2699,2681,18,28710.6,5559.01,
2,3,2,257,185775,22,2,20,19361.9,13390.3,
1,2,1,258,99297.9,15,4,11,11847.9,15123.7,
2,3,2,259,70307.3,2714,2706,8,6498.72,24296.8,
2,3,2,260,52311.4,24,18,6,22685.9,24228.2,
3,4,3,261,172838,29,8,21,901.82,26923.2,
2,3,2,264,133778,21,6,15,6069.88,10263.7,
0,1,0,264,12063.2,1,0,1,3365.15,16830.9,
0,1,0,264,46697.2,6,0,6,14739,11684.3,
0,1,0,265,39055.6,5,0,5,12762.2,2305.21,
0,1,0,265,149438,19,0,19,31858.4,7681.62,
0,1,0,267,14233.7,2,0,2,12862,22648.5,
0,1,0,267,20601.7,2,0,2,30127.8,32288.6,
1,2,1,269,33314.3,6,2,4,19628.1,6444.7,
0,1,0,269,92249.6,10,0,10,13727.2,14768.4,
0,1,0,271,16873.7,2,0,2,8709.62,9248.99,
1,2,1,271,40825.4,5,1,4,12921,21019.3,
0,1,0,274,3968.83,1,0,1,8298.26,4348.47,
3,4,3,275,135416,20,4,16,29458.6,24920.5,
0,1,0,277,30296.3,3,0,3,22854.9,18310.7,
2,3,2,279,198188,33,13,20,15175.2,3254.14,
0,1,0,281,32363.2,4,0,4,5282.25,20119.7,
1,2,1,282,23062.1,2388,2385,3,30693.3,22557.7,
0,1,0,283,12355.6,2,0,2,14379.7,15003.7,
0,1,0,283,19188.8,2,0,2,7459.8,11434.4,
2,3,2,283,280526,39,7,32,28518.9,29634.6,
3,4,3,284,139511,42,26,16,1825.4,25900,
0,1,0,286,49582.4,5,0,5,27128.4,27516.2,
2,3,2,287,68061.5,17,10,7,27974.9,8102.53,
0,1,0,290,17514,2,0,2,7252.87,15217.7,
1,2,1,291,87311.5,10,1,9,4958.53,29803.2,
1,2,1,292,65664.7,10,4,6,6216.36,16559.9,
0,1,0,292,22653.3,2,0,2,3231.41,24243.8,
5,6,5,293,202563,39,16,23,30906.8,19154.5,
0,1,0,294,7790.7,1,0,1,31932.9,7718.23,
2,3,2,294,97898.6,19,8,11,26484.6,7630.94,
3,4,3,294,156961,4272,4256,16,20104.5,28138.3,
1,2,1,295,50662.8,6,1,5,23943.5,25268.9,
3,4,3,296,83179.7,13,4,9,27547.2,31502,
0,1,0,297,26624.8,3,0,3,16619.3,27206.6,
3,4,3,297,125580,24,10,14,16867.7,29704,
1,2,1,299,71827,10,2,8,6212.59,8828.75,
0,1,0,301,65154.4,6,0,6,2112.95,5755.36,
0,1,0,301,18477.8,2,0,2,17192.5,2836.55,
0,1,0,302,30259.4,3,0,3,16991.2,18617.9,
1,2,1,304,48089.2,16,11,5,26603.1,758.342,
1,2,1,304,48519,6,1,5,2752.05,24430.9,
1,2,1,304,16774.1,4,2,2,17346,13939.5,
0,1,0,304,8160.26,1,0,1,13955.6,22626.3,
0,1,0,305,35277.1,4,0,4,14776.1,3024.4,
5,6,5,306,200339,37,14,23,23825.3,22024.3,
5,6,5,307,302368,56,23,33,9019.36,17220.7,
2,3,2,307,56442.7,9,3,6,5353.97,3963.96,
3,4,3,308,147316,42,25,17,28432.8,23917.8,
3,4,3,309,138665,22,6,16,6398.75,8567.31,
4,5,4,310,107097,24,12,12,29128.8,19861.8,
0,1,0,311,4487.32,1,0,1,11820.6,27426.9,
0,1,0,317,21535.4,3,0,3,16202.2,14416.3,
0,1,0,323,29588.1,3,0,3,16782.6,15417.2,
0,1,0,324,34667.3,5,0,5,952.393,3640.95,
1,2,1,324,49468.7,5,1,4,1307.29,21670.9,
2,3,2,325,97253.1,14,3,11,13909.2,29741.6,
0,1,0,326,32765.4,4,0,4,19046.7,20304.2,
1,2,1,328,112940,15,4,11,10624.7,19065,
0,1,0,331,61957.1,7,0,7,25250.5,12672.4,
7,8,7,333,273469,53,21,32,30448.7,1013.55,
1,2,1,335,56698.5,8,2,6,23172.4,11147.2,
1,2,1,336,96200.9,13,2,11,14198.9,28642.4,
1,2,1,336,105064,14,2,12,1141.78,27980.6,
1,2,1,339,166960,23,5,18,5108.95,5934.72,
2,3,2,339,59932.4,12,6,6,8878.36,2313.79,
1,2,1,339,85910.1,13,4,9,26531.1,24062,
0,1,0,340,51733.9,7,0,7,22795.2,27118.4,
1,2,1,344,45985.3,7,2,5,27044,5407.78,
1,2,1,344,258542,42,12,30,24897.2,4109.9,
0,1,0,344,7896.48,1,0,1,20971.5,24638,
0,1,0,345,62516.8,6,0,6,20862.1,28641.1,
2,3,2,351,102014,14,3,11,6596.89,13189,
1,2,1,353,101860,12,2,10,28768.2,15839.3,
0,1,0,353,26589.7,3,0,3,10558.8,6500.37,
1,2,1,356,16318.5,898,896,2,11454.2,20146.9,
1,2,1,356,76118,2491,2483,8,20470.2,18519.7,
1,2,1,358,56602.1,9,2,7,5691.5,21283.7,
6,7,6,360,220004,414,390,24,1490.93,32096.6,
0,1,0,361,17076.2,2,0,2,6011.34,12188.6,
3,4,3,361,134233,22,7,15,9278.66,26685.7,
3,4,3,361,121235,16,3,13,7251.88,26829.6,
4,5,4,362,190687,4352,4331,21,24193.2,21539,
1,2,1,362,24883.3,5,2,3,23387.8,4597.55,
0,1,0,363,30875.1,3,0,3,13336.7,23962.2,
1,2,1,364,82535.6,10,2,8,26347.3,11988.9,
0,1,0,366,41598.8,4,0,4,29888.6,11566.8,
1,2,1,366,15755.8,3,1,2,13235.3,7184.96,
0,1,0,366,73410.1,9,0,9,2029.13,10809.8,
0,1,0,366,125610,14,0,14,13668.1,15606.2,
0,1,0,367,17630.5,2,0,2,27388.1,15180.1,
3,4,3,367,188276,34,13,21,7302.88,19334.4,
0,1,0,371,8903.66,1,0,1,11646.2,17321.5,
0,1,0,372,53239.6,7,0,7,19376.9,1867.17,
1,2,1,372,72118.6,12,4,8,27685,30160.5,
3,4,3,373,261622,46,15,31,29756.9,22598.6,
0,1,0,373,20946.8,2,0,2,2827.62,27018,
3,4,3,373,99773.3,25,12,13,18541.8,12714.3,
2,3,2,375,72067.1,13,5,8,21576.3,2126.31,
5,6,5,375,118316,30,16,14,18458.5,23273.5,
3,4,3,376,171031,25,4,21,9806.69,24672.3,
1,2,1,380,88803.4,13,3,10,24589.5,28593.8,
0,1,0,381,20669.9,2,0,2,27349.5,16190.5,
6,7,6,382,367256,64,22,42,25430.5,3158.7,
0,1,0,382,11159.5,1,0,1,12970.2,19457.9,
0,1,0,382,35559.5,4,0,4,6391.43,17060.1,
0,1,0,383,23309.4,3,0,3,8360.96,13651.6,
1,2,1,384,65684.1,10,3,7,10385.2,2761.43,
0,1,0,389,46788.4,5,0,5,8777.32,20189.1,
1,2,1,395,40981.7,9,4,5,11766.6,12156.1,
2,3,2,397,35532.4,8,3,5,27846.3,12294.2,
5,6,5,398,124120,29,15,14,21778.1,30160.2,
0,1,0,399,19548.7,2,0,2,4963.09,6909.96,
1,2,1,399,27752.9,5,1,4,14492,22836.1,
3,4,3,401,158107,30,12,18,4183.22,12592.5,
1,2,1,405,56325.4,2422,2414,8,14221.2,27576.5,
0,1,0,405,11769.5,2,0,2,10431.5,17525.7,
4,5,4,405,50548.8,3448,3441,7,17757.8,9242.73,
0,1,0,405,42685.4,5,0,5,28192.5,20290,
2,3,2,405,101796,29,15,14,25955.9,16175.7,
1,2,1,406,218257,27,1,26,4714.83,22439.1,
0,1,0,406,15598.5,2,0,2,29683.8,26127.5,
0,1,0,407,41793.7,5,0,5,8960.51,19524,
2,3,2,407,286310,38,6,32,31159.3,27188.3,
1,2,1,408,35521.3,5,1,4,16863.2,15279.6,
4,5,4,408,121484,22,8,14,22539,29052.9,
2,3,2,409,194714,22,2,20,2247.9,21534.4,
3,4,3,411,69687.8,25,15,10,7335.69,18458.9,
1,2,1,414,41667.1,9,3,6,1172.08,11893.7,
0,1,0,415,57310,8,0,8,28071.4,922.375,
2,3,2,415,70877.7,12,3,9,29878.9,29008,
2,3,2,416,46828.6,13,7,6,18003.1,18316.5,
4,5,4,417,166444,1882,1861,21,18009.9,4437.56,
0,1,0,421,63178.8,7,0,7,13329.4,26484.3,
1,2,1,421,65643.8,9,2,7,12003.6,3362.9,
1,2,1,421,61110.5,12,6,6,20528.2,16678.7,
0,1,0,421,39186.2,4,0,4,9195.21,11560,
0,1,0,424,55325.8,6,0,6,10779.4,3459.31,
2,3,2,424,96999.6,16,5,11,2741.39,10350.7,
2,3,2,426,113707,19,7,12,14099,15396.3,
0,1,0,427,4147.16,1,0,1,30361.1,28019.3,
5,6,5,428,322866,4095,4059,36,25677.6,30826.2,
0,1,0,433,46563.5,5,0,5,21196.1,5682.75,
3,4,3,436,133702,20,4,16,3434.52,26157.7,
4,5,4,437,211002,38,14,24,1464.05,30327.6,
0,1,0,438,34891.5,4,0,4,5805.96,4434.16,
1,2,1,440,71413.1,10,1,9,17099.5,3043.33,
1,2,1,441,90278.5,15,5,10,7945.06,3919.79,
1,2,1,441,62367.8,11,4,7,24808.5,4407.21,
0,1,0,442,6808.39,1,0,1,4131.11,20091.3,
2,3,2,443,103793,14,2,12,30611.2,9456.57,
1,2,1,445,42014.2,7,1,6,16409.1,10160.4,
3,4,3,447,94674.8,17,7,10,8948.14,26303.9,
2,3,2,447,121967,19,5,14,18892.8,25582.7,
1,2,1,448,27157.4,8,5,3,21300.7,14495.6,
0,1,0,449,40079.3,4,0,4,27094,27739.6,
0,1,0,449,8279.1,1,0,1,23390.4,22212.9,
0,1,0,451,11635.1,1,0,1,19190.4,19148.1,
0,1,0,454,4617.95,1,0,1,23869.8,4573.73,
1,2,1,455,81617.7,12,3,9,17400.2,18055.3,
0,1,0,457,61244.7,6,0,6,14333.1,2079.89,
3,4,3,459,141200,24,6,18,25778.4,18074.6,
0,1,0,462,17488.1,2,0,2,5110.45,18404.6,
9,10,9,464,485320,77,19,58,6911.41,29785.9,
1,2,1,464,46787.6,8,2,6,2506.56,3254.19,
2,3,2,468,152397,26,9,17,3026.43,2768.09,
0,1,0,468,9143.58,1,0,1,23774.2,20246.5,
1,2,1,470,30570.6,6,2,4,15847.9,2143.18,
3,4,3,476,71285.9,14,7,7,26974.6,21475.4,
0,1,0,478,19649.3,2,0,2,16582.5,28538,
2,3,2,481,93161.3,2825,2816,9,24697,947.118,
0,1,0,482,8317.65,1,0,1,7150.33,6850.65,
0,1,0,490,50563.9,5,0,5,16663.9,27986.6,
3,4,3,491,189780,1948,1928,20,10027.5,24269.6,
0,1,0,492,35628.9,4,0,4,20457.2,15894.2,
0,1,0,492,22176.4,2,0,2,19720.6,9329.41,
0,1,0,497,83366.6,9,0,9,7895.17,10452.8,
1,2,1,501,107246,15,2,13,7222.47,21699.9,
0,1,0,502,30435,3,0,3,17703.7,11221.1,
1,2,1,504,56822.3,7,1,6,2115.23,9578.65,
5,6,5,506,163471,33,14,19,31066.3,22587.3,
0,1,0,507,62353.1,7,0,7,27700.6,1799.84,
3,4,3,507,67248.3,355,347,8,24335.1,19282.4,
1,2,1,508,81818.5,10,1,9,17001.4,1718.91,
0,1,0,508,29162,3,0,3,32273.1,22560.2,
0,1,0,512,28062.8,3,0,3,11682.3,15411.3,
0,1,0,514,14109,2,0,2,29824.6,10334.8,
3,4,3,515,34931.1,17,12,5,4498.24,4046.63,
1,2,1,521,39906.1,5,1,4,10282.9,27456.1,
0,1,0,522,58994.5,6,0,6,22719.7,3771.19,
1,2,1,522,69322.1,13,5,8,22800.1,29993.5,
2,3,2,523,72855.9,19,11,8,5789.38,10027.2,
0,1,0,524,32703.1,3,0,3,21011,26221,
1,2,1,524,108015,23,11,12,6975.41,15689.1,
5,6,5,527,319500,53,16,37,19278.9,22811.9,
0,1,0,527,7732.17,1,0,1,17011.9,21125.9,
0,1,0,527,24689.6,3,0,3,25519.8,17168.2,
1,2,1,528,37136.7,8,4,4,17128.6,15427.3,
2,3,2,530,27500.1,14,11,3,6501.56,9958.56,
11,12,11,533,561613,109,40,69,28625.9,3196.83,
1,2,1,533,97156.4,1472,1460,12,11077.8,15265.9,
2,3,2,534,167063,25,4,21,25241,11956.9,
0,1,0,535,48229.3,5,0,5,29930,4346.54,
0,1,0,536,50855.9,7,0,7,6461.13,27314.4,
1,2,1,537,25642.8,5,2,3,21148.6,11573,
0,1,0,537,8364.13,1,0,1,6096.4,13019.5,
0,1,0,538,45537.4,6,0,6,14899,24238.3,
0,1,0,538,35461.1,4,0,4,29424.1,3010.71,
3,4,3,539,82276.3,13,4,9,31671.6,21886,
0,1,0,539,9363.41,1,0,1,26087.4,27259.5,
2,3,2,540,112691,19,7,12,29850.2,25260.1,
7,8,7,542,230387,46,18,28,8759.95,26265.8,
0,1,0,545,21969.4,2,0,2,26118.3,12036.5,
7,8,7,545,297022,3258,3225,33,7393.87,2312.59,
0,1,0,549,8326.89,1,0,1,27325.5,4011.9,
0,1,0,551,11059.7,1,0,1,7302.23,4328.6,
0,1,0,555,10316.8,1,0,1,1120.81,20348.3,
4,5,4,555,141260,447,430,17,4907.85,22813.1,
0,1,0,558,37752.8,5,0,5,3416.9,14094.9,
3,4,3,559,165598,969,951,18,16340.2,18367.5,
0,1,0,560,17303.1,2,0,2,26999.6,8145.38,
2,3,2,560,90131.9,17,5,12,21117.5,7863.09,
0,1,0,561,54243.3,6,0,6,22930.6,927.309,
4,5,4,561,86437.9,22,10,12,19877.6,22128.3,
1,2,1,562,16064.1,4,2,2,10999,14750.8,
0,1,0,566,31619.9,4,0,4,19831.1,15430.1,
2,3,2,567,176761,23,3,20,1111.03,31052.6,
0,1,0,568,39427.6,5,0,5,11120.5,26904.5,
0,1,0,569,22961.5,3,0,3,11160.4,13971.2,
1,2,1,571,58196.1,9,3,6,9162.61,14931.1,
3,4,3,572,79669.1,13,3,10,29032.4,18954.5,
0,1,0,575,70765.9,7,0,7,18084.8,8054.82,
0,1,0,575,30122.8,3,0,3,31279.8,961.088,
1,2,1,576,62439.6,10,4,6,14634.1,17368.3,
2,3,2,579,123771,19,6,13,9348.91,29633.8,
1,2,1,579,191592,25,5,20,8731.29,30507.2,
3,4,3,584,79666,21,11,10,18581.8,9846.61,
5,6,5,586,284362,59,28,31,1801.52,26233.6,
0,1,0,586,10673.8,2,0,2,2240.45,29878.2,
0,1,0,588,10468.4,1,0,1,10401.1,25176.1,
0,1,0,591,17778.9,2,0,2,30442.6,9600,
0,1,0,592,44642,5,0,5,32320.5,30133.2,
0,1,0,595,11083.6,2,0,2,14297.9,6891.18,
0,1,0,598,27264.8,4,0,4,4765.69,4719,
0,1,0,599,12690,1,0,1,6145.58,2875.96,
2,3,2,602,99864.4,15,4,11,1324.59,5493.38,
0,1,0,604,74300.1,8,0,8,10237,17842.1,
0,1,0,605,10218.1,1,0,1,3629.05,3830.97,
1,2,1,607,83843.8,23,12,11,26294.6,1824.81,
1,2,1,609,21315.9,5,2,3,23827,8736.65,
0,1,0,613,8758.57,1,0,1,29607.3,12937.6,
3,4,3,615,170864,31,10,21,28747.7,32061.3,
0,1,0,616,15414.6,2,0,2,6817.92,2491.18,
6,7,6,616,293439,48,13,35,19209.6,14665.8,
1,2,1,618,86538.1,10,1,9,5415.35,23317.3,
0,1,0,620,6720.42,1,0,1,24708.3,31328,
0,1,0,620,23643.3,3,0,3,12088.5,29940.6,
1,2,1,621,74979.2,2043,2035,8,1469.76,24856.5,
0,1,0,624,19420.6,2,0,2,20093.7,20908.4,
1,2,1,627,11325.9,438,436,2,21186.3,15828.5,
0,1,0,632,62990.7,8,0,8,20715.3,1803.5,
0,1,0,634,6887.1,1,0,1,2658.94,28161.9,
1,2,1,635,18052.3,4,2,2,32176.8,6868.95,
0,1,0,637,21068.4,3,0,3,5285.26,28974.6,
7,8,7,637,182804,44,22,22,17508.9,23617,
0,1,0,641,29636.3,4,0,4,24457.3,22650.6,
0,1,0,642,4312.28,1,0,1,20419.8,22518.9,
4,5,4,643,168066,46,27,19,18409.1,24744.3,
0,1,0,646,28864.1,3,0,3,4682.49,23303.3,
6,7,6,647,101879,48,33,15,28296.9,4245.1,
2,3,2,649,81438.9,22,12,10,31690.6,2804.59,
0,1,0,649,39308.8,4,0,4,1273.3,24708.2,
1,2,1,649,47397.9,6,1,5,8081.52,26280.4,
1,2,1,651,120713,16,2,14,29901.4,3719.54,
1,2,1,652,21697.3,6,3,3,31631.9,10818.3,
0,1,0,653,19337.5,2,0,2,32337,28330.1,
0,1,0,654,22478.7,3,0,3,10033,31912.7,
0,1,0,655,5271.62,1,0,1,28652.4,23952.7,
0,1,0,657,60423.2,7,0,7,32029.9,1039.91,
2,3,2,657,154303,21,4,17,2790.97,10133.4,
2,3,2,660,29874.9,10,6,4,19909.7,16834.4,
0,1,0,664,40529.3,5,0,5,20297.6,15328.3,
1,2,1,665,56608.2,13,6,7,1425.66,7714.88,
3,4,3,665,147409,27,11,16,11010.2,30683.2,
0,1,0,666,32512.8,3,0,3,13240.2,23599,
0,1,0,666,22877.6,2,0,2,25360.5,12460.7,
3,4,3,666,61746.9,12,5,7,4768.74,15485,
0,1,0,666,14670.6,2,0,2,11016.9,26115.4,
1,2,1,669,15476.4,11,9,2,10922.3,19000.9,
0,1,0,669,31482.1,4,0,4,15823.4,18066.5,
1,2,1,669,155033,25,6,19,14245.9,16712.9,
0,1,0,671,41675,4,0,4,24439.8,19154.6,
3,4,3,672,108036,21,9,12,27426.5,24028.9,
0,1,0,676,6158.49,1,0,1,13695.9,19047.9,
0,1,0,677,14300.7,2,0,2,2323.4,13332,
3,4,3,679,177669,25,7,18,23033.5,30240.1,
1,2,1,679,63982.7,8,1,7,25978.3,20966.5,
0,1,0,680,9090.1,1,0,1,922.511,13093.8,
1,2,1,680,53094.9,7,1,6,26274.2,20180.8,
0,1,0,682,9732.39,1,0,1,17826.9,9380.83,
0,1,0,683,22566.4,2,0,2,12803,8794.98,
2,3,2,684,47316.9,9,3,6,11203.2,9746.51,
0,1,0,684,8450.78,1,0,1,6431.26,20405.7,
0,1,0,685,26612.4,3,0,3,29041.6,12256.9,
4,5,4,686,45274.4,17,12,5,32127.1,13570.5,
0,1,0,686,17683,2,0,2,31980.8,1458.38,
3,4,3,687,72439.9,18,9,9,26340.6,11712.9,
1,2,1,687,102650,15,4,11,10801.7,1711,
0,1,0,689,32856.1,3,0,3,4600.5,18994.2,
0,1,0,690,104212,13,0,13,31732.6,28557.9,
0,1,0,693,5252.76,1,0,1,9652.01,19146.6,
0,1,0,693,82525.9,10,0,10,18264.9,6594.32,
0,1,0,695,11645.5,1,0,1,13378.8,7970.15,
1,2,1,699,36639.3,6,2,4,23425.3,2532.87,
6,7,6,703,308467,1258,1223,35,5556.64,24731.5,
2,3,2,703,97636.6,21,11,10,30571.3,22899.1,
1,2,1,703,79550,2708,2699,9,23726,14438.6,
3,4,3,708,167634,2998,2980,18,16192.6,18137.8,
0,1,0,708,9700.59,1,0,1,28923,21978.7,
0,1,0,709,20522.4,3,0,3,20013,6440.27,
4,5,4,710,218848,40,18,22,29389.7,1380.16,
4,5,4,712,148519,23,7,16,988.99,21264,
0,1,0,715,8122.4,1,0,1,26728,24706.2,
1,2,1,718,39239.6,7,2,5,18409.1,10589.8,
0,1,0,718,24492.7,2,0,2,6180.69,19561.5,
0,1,0,719,37980.8,4,0,4,30226.1,920.952,
1,2,1,719,47548.7,10,5,5,4765.99,20405,
2,3,2,720,73144.6,20,10,10,8027.62,27771.1,
0,1,0,722,16443.6,2,0,2,31712.1,20797,
0,1,0,724,32447.3,3,0,3,12472,15973.5,
2,3,2,726,64522.5,16,8,8,23517.2,12966.9,
1,2,1,727,27105.6,14,11,3,26757.6,2513.53,
0,1,0,727,33151.7,3,0,3,21207.7,21105.3,
0,1,0,730,12746.6,1,0,1,16559.9,7858.89,
1,2,1,733,13148.3,3,1,2,2990.05,17699.9,
1,2,1,736,62524.5,8,1,7,22081.7,17616.7,
0,1,0,737,45671,5,0,5,27701.6,18778.6,
0,1,0,738,70373.8,8,0,8,11681.1,25501.1,
6,7,6,741,276820,55,24,31,18253.7,14621.4,
0,1,0,741,19661.7,2,0,2,29838,1644.54,
1,2,1,741,56421.5,7,1,6,8174.78,26129.5,
0,1,0,741,21679.1,2,0,2,11405.4,27227.5,
3,4,3,742,48411.2,30,23,7,26108.3,1318.63,
0,1,0,744,20419,2,0,2,24258.7,29815.6,
1,2,1,744,53424.8,12,6,6,13029.1,22746,
0,1,0,746,20863,2,0,2,5096.55,10673.2,
0,1,0,746,21097.6,2,0,2,26194,26217.5,
0,1,0,746,25105.9,3,0,3,14072.9,29475.7,
1,2,1,749,71677.5,15,7,8,8179.12,13520.7,
1,2,1,750,65958.3,16,7,9,25247.1,11292.8,
0,1,0,750,32467.2,4,0,4,20772.3,5629.08,
2,3,2,752,33046.3,8,3,5,7818.95,7636.39,
0,1,0,752,24810.3,3,0,3,7965.27,20110.8,
1,2,1,759,113315,14,1,13,27780,22708.7,
0,1,0,759,65867.8,7,0,7,17479.5,1681.56,
1,2,1,759,108900,15,3,12,21876.3,31469,
0,1,0,760,13129,2,0,2,27891.7,30674.8,
0,1,0,761,5788.84,1,0,1,1727.79,30094.1,
4,5,4,761,264588,36,6,30,26884.2,23432.3,
2,3,2,762,123340,19,6,13,16370.7,5043.07,
0,1,0,764,45924.3,5,0,5,9352.12,7347.31,
2,3,2,764,100362,13,3,10,15782.7,1790.93,
0,1,0,766,43980,4,0,4,20153.1,30044.3,
1,2,1,766,16016.8,3,1,2,9473.12,30997.7,
0,1,0,769,43164.1,5,0,5,4205.77,14371.8,
1,2,1,770,60032.5,14,7,7,6339.56,27638,
0,1,0,774,69085.4,8,0,8,31254.6,12153.6,
1,2,1,774,32466.8,7,3,4,16684.4,3659.81,
0,1,0,774,27047.8,4,0,4,5097.91,31077.3,
0,1,0,775,57425.4,5,0,5,10014.1,32124.7,
0,1,0,776,92761.3,10,0,10,27264,25686.2,
1,2,1,777,63173.7,9,2,7,15716.9,5757.94,
1,2,1,778,95316.3,19,8,11,12217.2,2016.67,
0,1,0,778,15565.4,2,0,2,15005.6,13526.9,
1,2,1,782,38182.1,12,8,4,25260,6661.35,
3,4,3,782,287274,38,8,30,14312.2,20312.1,
0,1,0,786,51600.4,5,0,5,23535,24224.1,
0,1,0,786,19023.5,2,0,2,25754,16463,
0,1,0,787,9185.83,1,0,1,24010.9,10232.1,
4,5,4,787,149440,33,16,17,29661.7,13214.4,
0,1,0,789,10111.4,1,0,1,25249.9,20362.9,
9,10,9,789,411687,82,38,44,30715,4367.36,
0,1,0,792,10714.1,1,0,1,26494.2,2753.57,
1,2,1,794,154392,36,17,19,30933.2,1002.17,
0,1,0,794,80010.9,9,0,9,9356.51,27358.5,
1,2,1,798,34346,14,10,4,4920.15,29977.8,
0,1,0,799,30711.8,3,0,3,27821.4,9212.23,
0,1,0,799,7855.96,1,0,1,28755.9,26785.7,
2,3,2,802,111709,17,5,12,6904.52,32209.1,
0,1,0,806,84325.1,8,0,8,10905.5,15461.8,
0,1,0,806,19667.5,2,0,2,30915.8,11925.8,
0,1,0,806,8757.11,1,0,1,17373.8,8508.96,
1,2,1,815,66077,12,4,8,22063.4,8284.08,
2,3,2,816,111623,1362,1349,13,16604.9,16102.2,
3,4,3,819,183331,156,136,20,13350.9,29483.1,
1,2,1,820,71791.2,10,3,7,14467.1,8445.64,
1,2,1,822,52936.1,8,2,6,21855.2,4696.33,
0,1,0,823,18340.2,3,0,3,26086.8,22524.8,
5,6,5,826,267312,48,18,30,5213.88,1402.69,
0,1,0,829,28333.6,3,0,3,6651.94,11806.9,
0,1,0,832,18665.4,2,0,2,13781,6600.51,
0,1,0,837,10842.4,2,0,2,30350.2,23945.4,
0,1,0,837,6814.5,1,0,1,4224.25,19678.2,
0,1,0,837,96693.6,11,0,11,23839.4,28286.5,
0,1,0,839,8441.8,1,0,1,20355.8,10719,
1,2,1,840,98612.8,21,10,11,20441.3,26459.1,
1,2,1,844,13058.4,4,2,2,13029.1,10794,
1,2,1,847,58947.2,11,5,6,22533.5,12117.3,
2,3,2,849,79291.4,12,3,9,23842.8,2941.71,
0,1,0,854,7820.28,1,0,1,5110.27,17818.5,
3,4,3,855,114500,30,16,14,22617.9,26551.3,
1,2,1,855,138320,1351,1336,15,25673.9,15351.9,
1,2,1,856,29354.5,17,12,5,26529.1,15294.1,
0,1,0,863,20161.1,3,0,3,19550.4,18277.1,
0,1,0,864,30720.2,3,0,3,14011.7,18327.1,
2,3,2,865,39956,259,254,5,10834.6,14523.4,
3,4,3,869,138880,20,4,16,15093.8,7390.45,
3,4,3,869,131294,29,14,15,27197.4,24643.9,
3,4,3,871,117464,19,6,13,18399.9,1761.38,
0,1,0,872,29749.5,3,0,3,24174.7,15473.4,
2,3,2,872,46677.3,14,8,6,8275,19217.3,
0,1,0,873,9716.39,1,0,1,12544.5,11949.5,
2,3,2,875,103166,20,8,12,5661.46,16341.5,
2,3,2,875,72107.5,16,6,10,1439,10193,
0,1,0,876,9471.22,1,0,1,20809.9,18399.9,
1,2,1,877,79221.8,14,5,9,23871.7,19855.4,
2,3,2,879,169458,21,3,18,12360.7,8190.13,
0,1,0,879,44520.1,5,0,5,4052.7,18178.1,
2,3,2,883,65225.6,16,9,7,28628,12409.5,
0,1,0,884,9220.45,1,0,1,5279.37,29209.3,
1,2,1,885,35262.3,6,2,4,19535.6,8078.48,
2,3,2,892,45553.1,22,16,6,26399.4,25439.5,
6,7,6,892,146706,36,17,19,9349.2,9201.64,
7,8,7,895,390273,63,19,44,19676.1,21968,
0,1,0,899,44923.6,5,0,5,2852.23,16749,
0,1,0,903,31569.4,4,0,4,15342.1,6901.01,
0,1,0,903,17981.1,2,0,2,24287.2,10635.5,
0,1,0,908,38689.8,4,0,4,13918.5,3535.3,
1,2,1,908,29597.5,5,2,3,24114.7,16850.1,
1,2,1,910,81032.7,15,5,10,2876.66,15673.2,
1,2,1,910,70351.5,10,2,8,17196.7,10226.3,
0,1,0,910,55939.5,6,0,6,26476.2,23799.9,
0,1,0,911,15033.9,2,0,2,27197.1,9131.51,
0,1,0,912,9254.82,1,0,1,15835.6,24166.1,
0,1,0,916,57642.3,7,0,7,31739.9,12017.8,
0,1,0,917,41408.4,5,0,5,14729.1,29658.3,
1,2,1,921,164301,20,1,19,3577.75,4806.33,
3,4,3,921,112595,21,10,11,20005.4,24298.3,
6,7,6,922,154296,60,42,18,5361.47,1479.51,
0,1,0,924,40508.1,6,0,6,14860.4,9507.65,
0,1,0,924,59815.9,7,0,7,24439.4,28354.9,
0,1,0,925,11415.5,1,0,1,22562.3,29630.9,
1,2,1,925,23827.5,5,2,3,8557.66,29328.1,
0,1,0,928,15294.6,2,0,2,5652.81,14721.6,
0,1,0,928,9660.86,1,0,1,20103.1,10762.9,
0,1,0,928,31300.2,5,0,5,11035.2,29288.9,
1,2,1,928,31581.1,6,3,3,6463.42,29261.3,
1,2,1,929,47567.7,9,3,6,16096.3,21696.7,
4,5,4,930,192111,33,11,22,6181.86,2211.44,
0,1,0,934,10344,1,0,1,16509.6,23410.3,
2,3,2,942,35802.4,1329,1324,5,32108.6,19492.5,
1,2,1,943,138005,18,3,15,2996.7,4947.66,
8,9,8,943,192309,160,138,22,12396.3,12964.3,
1,2,1,951,21102.6,3,1,2,17229.8,2027.55,
3,4,3,952,166068,24,6,18,30420.6,20118.5,
4,5,4,956,193358,34,12,22,1909.58,20819.1,
0,1,0,956,3538.8,1,0,1,13422.7,10138,
6,7,6,958,287881,57,27,30,6280.65,29669.1,
0,1,0,958,86824.6,10,0,10,1963.26,17922.8,
1,2,1,959,65783.6,10,2,8,21154.1,14251.7,
0,1,0,962,10673.7,1,0,1,21764.3,27486.7,
1,2,1,965,48104.9,7,1,6,6174.75,1296.04,
3,4,3,965,105521,26,14,12,2524.27,15192.3,
1,2,1,966,74018.7,14,4,10,1651.4,13562.5,
2,3,2,967,25727.8,13,10,3,17268.5,27403.4,
0,1,0,967,22843.1,2,0,2,8814.86,18427,
0,1,0,971,11126.7,2,0,2,26037.4,21713.3,
0,1,0,973,3565.25,1,0,1,29891.6,17917.9,
0,1,0,974,110500,12,0,12,28604.2,1414.64,
3,4,3,975,114655,2566,2554,12,2182.2,17409.1,
1,2,1,977,58489.5,15,10,5,15581.2,967.731,
1,2,1,978,44135.7,9,4,5,23384.6,19674.6,
0,1,0,981,31351,4,0,4,24905.9,10145,
0,1,0,982,30405.3,3,0,3,16214.4,27461.3,
1,2,1,986,143244,22,7,15,1396.09,30086.8,
2,3,2,987,91541.5,12,2,10,32116,14721.2,
0,1,0,988,57014.4,6,0,6,3695.15,17798,
1,2,1,988,66497.2,1027,1020,7,13368.1,29035.4,
3,4,3,988,56269.5,17,10,7,17968.4,22217.8,
0,1,0,997,30150.7,4,0,4,3470.93,22798.7,
1,2,1,998,26455.2,5,2,3,4087.32,23775.9,
1,2,1,1000,89027.1,15,5,10,12937,1102.66,
0,1,0,1006,26635.8,3,0,3,8351.57,12580.8,
2,3,2,1008,69845.3,3786,3778,8,11147.4,19885.4,
0,1,0,1014,66452.6,6,0,6,15190.3,18673.2,
0,1,0,1015,48707.6,5,0,5,11675.1,5111.12,
0,1,0,1015,22412.3,2,0,2,12899.4,3505.78,
2,3,2,1026,50996.7,1501,1496,5,13155.2,14867.6,
1,2,1,1028,26500.6,6,3,3,25236.9,5166.01,
3,4,3,1029,180625,30,11,19,21734.4,1305.07,
0,1,0,1030,76151,8,0,8,1121.85,25236.2,
0,1,0,1034,25316.5,3,0,3,12941.8,1589.35,
0,1,0,1036,14330.2,1,0,1,24763.4,24128.1,
3,4,3,1036,98954.6,14,4,10,13790.2,8794.12,
2,3,2,1037,67065.9,11,4,7,813.237,24739.9,
0,1,0,1039,7592.64,1,0,1,4655.27,11407.3,
0,1,0,1045,26349.3,3,0,3,18501.6,11730.3,
3,4,3,1047,82427.8,27,19,8,24619,12694,
4,5,4,1049,70890,32,23,9,19246.4,28274.2,
1,2,1,1050,72551.1,10,2,8,24062.6,9181.53,
0,1,0,1053,26287,3,0,3,9313.6,6583.54,
2,3,2,1057,31302.7,19,15,4,17614.3,3323.23,
0,1,0,1057,6478.83,1,0,1,19173.9,26589.4,
0,1,0,1059,13520.4,2,0,2,13985,8023.48,
0,1,0,1059,9162.79,1,0,1,24023.9,15299.2,
0,1,0,1063,69926,7,0,7,5534.73,13055.7,
3,4,3,1065,86558.8,25,16,9,20668.1,31197.2,
0,1,0,1069,111444,13,0,13,5623.96,29636.5,
0,1,0,1070,20516.2,3,0,3,4800.06,3294.21,
1,2,1,1070,44570.5,6,1,5,15030.1,6743.31,
1,2,1,1071,18137.8,4,2,2,24962.3,17547.8,
0,1,0,1074,9447.77,1,0,1,22926.6,15003.8,
2,3,2,1076,117589,18,4,14,26962.6,5789.73,
0,1,0,1076,9137.02,1,0,1,13262.7,26908.9,
0,1,0,1076,53512.7,6,0,6,23757,16797.8,
1,2,1,1079,33611.9,7,2,5,31735.4,30893.8,
0,1,0,1082,44323.6,5,0,5,11624.9,20984.5,
0,1,0,1082,11377.7,2,0,2,27833.9,8817.65,
0,1,0,1082,69880.4,8,0,8,20454.2,28396,
0,1,0,1083,13350.4,1,0,1,9455.05,28473.8,
0,1,0,1084,63931.2,7,0,7,30848.9,13884.3,
2,3,2,1084,103345,20,9,11,30950.1,7024.73,
3,4,3,1085,93818.9,18,9,9,12462.5,18704.1,
1,2,1,1086,78561,15,6,9,27326.7,13256.8,
0,1,0,1087,104836,11,0,11,17591.3,26960.2,
0,1,0,1090,19318.8,2,0,2,13375.6,15183.5,
3,4,3,1091,164355,50,35,15,29147.2,1528.11,
3,4,3,1092,140430,17,5,12,23324.7,3201.54,
3,4,3,1092,97610.2,22,10,12,12291.9,27236,
3,4,3,1095,81325.8,23,14,9,14010.6,23576.3,
1,2,1,1096,56815.4,8,2,6,21906,26405.4,
1,2,1,1097,34069.5,8,4,4,24700.8,9584.13,
3,4,3,1098,107704,605,594,11,31881.5,20681.9,
0,1,0,1099,34719.4,4,0,4,2338,10864.8,
0,1,0,1099,4487.15,1,0,1,12423.6,13102.9,
2,3,2,1100,170676,26,5,21,20410.7,18755.6,
2,3,2,1100,188851,26,3,23,10667.9,15278.7,
8,9,8,1103,312025,1624,1588,36,2038.54,30420.9,
1,2,1,1103,26297.4,6,3,3,14901.5,31043.2,
0,1,0,1105,12018.5,2,0,2,16577.2,2229.49,
0,1,0,1107,13322.9,2,0,2,32191.3,12094.1,
2,3,2,1110,72233.6,13,3,10,15295.1,31680.4,
1,2,1,1112,56255.3,8,1,7,4387.87,3445.25,
0,1,0,1113,3860.13,1,0,1,15785.6,16486.9,
0,1,0,1117,15239.4,2,0,2,22709.4,17019,
0,1,0,1117,55599.9,6,0,6,26148.1,10702.2,
2,3,2,1117,70960.7,12,3,9,22068.5,22165.8,
0,1,0,1121,39339.2,4,0,4,10406.1,24777.6,
4,5,4,1122,188264,32,12,20,7242.3,7548.57,
0,1,0,1124,18597,2,0,2,25377.1,24995.5,
0,1,0,1125,98749,12,0,12,29536.5,23799.2,
1,2,1,1126,38688.6,8,4,4,27041.4,24908.6,
1,2,1,1126,20412.3,12,10,2,17532.8,22178.2,
0,1,0,1126,61399.8,7,0,7,21743.1,18463.5,
1,2,1,1129,31665.5,7,4,3,16279.1,3240.15,
2,3,2,1131,77346.9,13,4,9,22393.3,2093.2,
0,1,0,1131,25822.8,4,0,4,22218.7,19237,
0,1,0,1131,9254.21,1,0,1,3756.73,26670.3,
1,2,1,1132,70332.4,9,1,8,29274.7,16328,
4,5,4,1135,150004,28,8,20,22491.7,3276.05,
0,1,0,1135,59744.4,7,0,7,25752.9,17111.6,
0,1,0,1135,15535.3,2,0,2,9691.22,23547.4,
0,1,0,1140,29541.4,4,0,4,22206.5,11263.2,
1,2,1,1142,41406.4,6,1,5,29602,22592,
3,4,3,1143,63004.9,12,5,7,29267.9,5886.8,
0,1,0,1147,10500.1,2,0,2,29250.3,1264.05,
2,3,2,1148,109965,22,7,15,7545.49,23466,
4,5,4,1152,155538,28,10,18,25622.9,15888.8,
2,3,2,1152,114641,22,9,13,1029.38,15277.1,
0,1,0,1152,43689,5,0,5,21934.5,14733.3,
1,2,1,1154,110715,13,1,12,32133.5,23060,
0,1,0,1155,15563.8,3,0,3,12157.6,8247.63,
1,2,1,1157,9823.17,4,2,2,10630.7,5170.02,
0,1,0,1157,17412.3,2,0,2,12584.5,20484.5,
3,4,3,1160,214904,34,11,23,20199.8,6543.46,
1,2,1,1170,53960.3,7,2,5,25566.1,15739,
1,2,1,1173,101341,11,2,9,6668.88,14163.8,
4,5,4,1176,128362,32,18,14,27608.8,5291.58,
5,6,5,1180,246232,33,7,26,29971.9,31791.1,
1,2,1,1181,21377.6,8,5,3,25638,15920.4,
0,1,0,1183,25078.4,3,0,3,31672.8,31542.8,
3,4,3,1184,61543.6,11,4,7,18183,15626.8,
1,2,1,1184,66959.5,11,4,7,7277.11,13540,
1,2,1,1192,62084.3,11,5,6,15997.1,2829.61,
1,2,1,1192,50543.5,11,5,6,15421.3,5447.28,
1,2,1,1193,47398.1,6,1,5,21466.9,4119.56,
3,4,3,1196,261089,1221,1191,30,24246.9,1911.17,
0,1,0,1201,85735.1,10,0,10,31109.1,27625.1,
1,2,1,1202,113818,13,1,12,28274.8,28108.7,
0,1,0,1205,8073.07,1,0,1,29005.6,15342.3,
2,3,2,1206,62393.1,10,2,8,19831.5,20875.2,
0,1,0,1206,17446.7,2,0,2,12829.9,24311.1,
0,1,0,1207,43181.8,5,0,5,3570.58,19232.2,
2,3,2,1211,91765.5,22,9,13,1216.18,16727.6,
6,7,6,1212,240248,56,29,27,27584.7,29931.6,
0,1,0,1219,21687.3,3,0,3,24619.7,32062.9,
0,1,0,1219,6860.64,1,0,1,20147.5,17786.5,
0,1,0,1219,28861.6,3,0,3,11422.8,13885.5,
0,1,0,1223,8881.46,1,0,1,6097.69,3298.01,
0,1,0,1223,56499.3,6,0,6,13305.4,10791.6,
1,2,1,1226,55525.3,17,11,6,9061.2,4764.95,
0,1,0,1228,168885,19,0,19,9269.35,25058.2,
0,1,0,1228,66166.8,7,0,7,30465.3,3412.54,
0,1,0,1230,48641.4,5,0,5,1299.78,28855.8,
0,1,0,1234,26369.6,3,0,3,10063,14106.3,
0,1,0,1238,12251.6,1,0,1,13709.1,26330.4,
0,1,0,1243,46044.9,6,0,6,12997.8,11939.9,
3,4,3,1246,49131.9,32,25,7,28612.3,16312.9,
1,2,1,1250,16421.5,3,1,2,11478.6,20230.5,
7,8,7,1250,287569,716,684,32,5503.04,29984.8,
0,1,0,1256,5320.38,1,0,1,8917.67,29450.7,
6,7,6,1257,188214,37,15,22,9659.49,23207.3,
0,1,0,1257,21780.3,2,0,2,24131.8,15780.7,
0,1,0,1258,70863.4,8,0,8,7272.3,2061.51,
0,1,0,1260,49515.8,5,0,5,25755.5,7057.97,
0,1,0,1268,10339.7,1,0,1,6604.16,10121.5,
2,3,2,1268,82392.5,13,3,10,24281.9,5827.29,
2,3,2,1272,43967.7,14,9,5,1279.88,32016.7,
0,1,0,1272,38509.5,4,0,4,17787.6,20932.1,
2,3,2,1273,224103,30,5,25,31868.7,30816.1,
0,1,0,1273,23370.7,3,0,3,27373.8,8793.85,
2,3,2,1275,114703,20,8,12,29074.3,29393.3,
0,1,0,1277,88189.4,9,0,9,2429.71,29065.3,
0,1,0,1279,73264.4,8,0,8,9583.46,4515.4,
1,2,1,1279,50610.6,7,1,6,15774.9,23174.7,
2,3,2,1283,202374,33,8,25,12994.3,25006.8,
2,3,2,1286,140880,20,3,17,10500.5,18495,
1,2,1,1289,86424.4,18,7,11,4672.85,10248.1,
3,4,3,1295,152041,35,18,17,30052.4,5095.82,
0,1,0,1298,20739.3,2,0,2,16211.8,11824.4,
0,1,0,1299,7912.6,1,0,1,29520.7,2611.47,
0,1,0,1301,47481.4,5,0,5,28035.6,11461.3,
2,3,2,1305,141661,22,4,18,19876.1,18635.1,
1,2,1,1310,75445.2,11,3,8,11116.4,7311.92,
2,3,2,1311,112151,16,3,13,3618.43,29193.3,
1,2,1,1314,40511.9,9,4,5,26573.7,13182.7,
0,1,0,1315,18943.6,2,0,2,11515.2,15357.5,
2,3,2,1316,145752,22,6,16,17894.2,1499.8,
0,1,0,1318,38482.5,4,0,4,23641.8,23473.2,
0,1,0,1320,16000.4,2,0,2,29245.8,12093.2,
2,3,2,1324,76903.4,23,16,7,21490.2,30608.5,
2,3,2,1327,140083,19,2,17,22093,31819.7,
2,3,2,1330,80928.7,13,4,9,7991.56,25608.3,
0,1,0,1331,10973.6,1,0,1,26575.3,26553.2,
2,3,2,1332,111981,23,10,13,26326.6,7362.14,
0,1,0,1335,24215.1,3,0,3,25922.7,32234.4,
5,6,5,1335,193400,34,13,21,24825.6,28899.6,
0,1,0,1335,19814.6,2,0,2,5670.01,19990.7,
1,2,1,1336,33299.2,6,3,3,10290.8,21054.5,
2,3,2,1338,57451.8,19,12,7,20958.7,30696.7,
0,1,0,1339,73163.5,8,0,8,16422.7,13440,
0,1,0,1343,19990.1,2,0,2,23807.6,7700.93,
1,2,1,1346,69747,13,6,7,28398.1,3999.75,
1,2,1,1347,55220,9,2,7,18461.9,29631.4,
0,1,0,1353,23302,3,0,3,2588.19,10832,
3,4,3,1353,115095,33,17,16,5274.34,16572.8,
0,1,0,1354,32577.8,4,0,4,21918.4,5911.68,
6,7,6,1358,194311,41,18,23,20007.8,14298.4,
5,6,5,1367,140808,37,21,16,21910.9,21082,
0,1,0,1371,18593.6,2,0,2,26275.6,28284.2,
0,1,0,1371,38026.8,4,0,4,1853.38,18831.3,
2,3,2,1378,129240,3316,3302,14,27805.5,17668.5,
3,4,3,1379,89575.6,17,7,10,8409.18,29003.2,
3,4,3,1379,80312.6,20,11,9,12108.5,4749.62,
1,2,1,1382,75406,14,6,8,5942.24,6293.11,
3,4,3,1382,61662.6,12,6,6,6594.35,21568.1,
0,1,0,1387,23920.4,3,0,3,17169.6,2549.01,
0,1,0,1390,9416.79,1,0,1,4318.93,12683.7,
1,2,1,1390,47549,7,2,5,1016.6,16999.5,
1,2,1,1393,34096.3,8,3,5,17866.7,4096.95,
0,1,0,1394,104280,13,0,13,7993.59,8957.29,
0,1,0,1396,8770.32,1,0,1,828.535,5065.7,
0,1,0,1396,6611.9,1,0,1,746.571,31761.2,
2,3,2,1400,105236,24,12,12,18501.7,28891.8,
1,2,1,1400,41892.7,7,2,5,16917.7,31889.4,
3,4,3,1400,118518,42,28,14,4294.72,23656.8,
0,1,0,1400,51998,6,0,6,5384.26,16201.3,
1,2,1,1403,56849.9,8,2,6,31932.5,22439.1,
0,1,0,1410,28975.7,3,0,3,17577.1,29091.4,
1,2,1,1415,36012.8,6,2,4,13397.5,11556.1,
0,1,0,1417,27308.2,3,0,3,23144.2,9502.82,
2,3,2,1418,59673,15,9,6,30532.6,16791.6,
1,2,1,1419,51078.9,8,2,6,28239.1,29174.4,
2,3,2,1420,55212.7,9,3,6,28106,12730,
5,6,5,1422,273960,48,18,30,11680.4,2467.14,
1,2,1,1422,107735,14,3,11,17713,31766,
0,1,0,1423,46071.5,5,0,5,1988.58,24676.7,
0,1,0,1424,6943.17,1,0,1,6649.03,9963.14,
1,2,1,1425,44581.6,7,2,5,20252.2,15564,
3,4,3,1427,93075.6,17,6,11,11156,19261.3,
1,2,1,1428,126417,15,1,14,28214.3,21545.1,
0,1,0,1432,7963.44,1,0,1,3395.73,9012.77,
1,2,1,1432,47914.2,11,5,6,25517.8,12062,
0,1,0,1433,39504.5,5,0,5,3377.31,10423.6,
1,2,1,1433,47421.9,933,927,6,13306.2,8625.53,
0,1,0,1433,33687.5,6,0,6,21446.7,8236.9,
0,1,0,1435,55068.8,7,0,7,28663.8,30773.7,
1,2,1,1438,157494,19,2,17,13383.1,31257.1,
1,2,1,1438,104851,15,3,12,12938.8,9217.17,
0,1,0,1438,23868.2,3,0,3,27818.9,10851.1,
2,3,2,1445,93159.8,13,3,10,21371,23365.8,
0,1,0,1451,19636.5,2,0,2,25715.8,7676.44,
3,4,3,1455,127467,25,10,15,16564,31837.6,
0,1,0,1457,89157,10,0,10,21714.2,7043.06,
2,3,2,1458,85836.3,20,10,10,15939.7,7539.39,
1,2,1,1460,32014,10,7,3,1906.29,2061.17,
0,1,0,1460,49994.6,6,0,6,30802.1,9677.38,
0,1,0,1461,31915.4,3,0,3,22293.1,20571.1,
0,1,0,1468,40551.1,4,0,4,6991.3,16336.4,
2,3,2,1469,90197.2,26,16,10,1054.8,15920.4,
0,1,0,1470,16393.9,2,0,2,22885.6,13146.5,
1,2,1,1470,61413.9,9,1,8,32193.9,7980.92,
3,4,3,1475,188779,62,39,23,23141,31646.9,
1,2,1,1479,27614.4,8,4,4,25086.6,31168.2,
6,7,6,1484,322376,414,378,36,15455.1,24691.3,
0,1,0,1487,29229.2,3,0,3,22724.5,23272.8,
2,3,2,1489,95782,14,3,11,29172.7,12582.8,
0,1,0,1492,59287.8,6,0,6,923.055,23270.6,
5,6,5,1492,148892,40,23,17,7461.87,30313.3,
0,1,0,1493,60378.8,6,0,6,14155.7,19460.5,
0,1,0,1500,43758.9,5,0,5,7102.19,6254.44,
1,2,1,1501,33601.7,5,1,4,19926.6,11536.9,
3,4,3,1501,137327,26,11,15,4331.69,4337.93,
0,1,0,1501,67104.1,8,0,8,20758.9,8507.42,
4,5,4,1506,206374,46,21,25,26427.3,17221.8,
1,2,1,1508,78231.3,11,2,9,30257.2,31539.1,
0,1,0,1509,10967,1,0,1,27137,1669.58,
0,1,0,1511,112977,12,0,12,927.236,1374.19,
0,1,0,1512,8638.07,1,0,1,28418.2,2910.58,
0,1,0,1513,31150.8,3,0,3,787.661,9052.7,
2,3,2,1514,193230,32,11,21,12320.7,31006.2,
0,1,0,1514,23491.1,2,0,2,7553.69,21531.2,
3,4,3,1520,80396.6,24,14,10,5336.08,7126.15,
0,1,0,1521,9599.29,1,0,1,16377.2,18463.5,
1,2,1,1527,69821.5,13,5,8,2447.58,19315.2,
1,2,1,1530,29539.5,6,2,4,13377.8,3206.21,
2,3,2,1531,65922.6,16,9,7,6550.54,15801.4,
0,1,0,1538,10098.9,1,0,1,2735.75,12099.3,
1,2,1,1539,82623.6,11,2,9,17518,30059.7,
1,2,1,1540,27752.8,4,1,3,5149.36,12604.9,
0,1,0,1541,80798.7,10,0,10,31850.3,8119.35,
1,2,1,1545,46650.1,8,2,6,17850.8,14725.4,
1,2,1,1546,59695.6,8,1,7,4050.42,14061.6,
4,5,4,1547,287364,44,12,32,19407.9,854.275,
3,4,3,1548,68718.6,14,5,9,26284,30359.8,
3,4,3,1550,55679.4,14,7,7,8364.09,28503.4,
1,2,1,1551,93429.7,15,4,11,13064.2,2321.91,
0,1,0,1554,10424,1,0,1,4714.53,9393.37,
1,2,1,1556,97760.6,10,1,9,17270,1310.49,
0,1,0,1557,10237.3,1,0,1,4860.28,32293.3,
1,2,1,1559,103552,12,1,11,13579.2,20022.5,
2,3,2,1560,113152,13,2,11,30688.2,13867.2,
0,1,0,1562,22961.8,2,0,2,25642.9,2755.98,
0,1,0,1567,25131.2,3,0,3,23295.9,4272.8,
0,1,0,1572,20280.7,3,0,3,22248.3,8471.78,
2,3,2,1575,103808,17,5,12,9460.21,19778.9,
0,1,0,1576,25759.3,3,0,3,30041.9,17223.5,
1,2,1,1586,89207.7,11,1,10,4691.59,31348.3,
0,1,0,1587,10940.1,1,0,1,21619.4,11030.5,
2,3,2,1589,49344.8,16,10,6,5144.56,1034.57,
3,4,3,1592,160506,34,17,17,18140.1,1892.27,
0,1,0,1599,9295.68,1,0,1,735.073,27821,
2,3,2,1602,29601.4,6,2,4,20097.5,15107.4,
1,2,1,1604,45838,9,4,5,3947.57,31726.5,
1,2,1,1605,18654.5,4,2,2,5561.14,26473.7,
1,2,1,1609,28611.8,11,6,5,7125.68,14137.5,
1,2,1,1617,36449.9,6,2,4,26015,24378.2,
3,4,3,1617,171999,32,11,21,22973,4458.55,
2,3,2,1621,119483,15,2,13,16736.3,16526.7,
0,1,0,1621,9748.88,1,0,1,10470.4,31508.5,
0,1,0,1625,9558.85,1,0,1,13335.3,3914.58,
0,1,0,1625,42528.2,5,0,5,26215,10199.3,
3,4,3,1627,84066.1,24,14,10,2063.54,4282.56,
1,2,1,1631,106917,13,1,12,20739.3,14388.7,
0,1,0,1632,15942.6,2,0,2,7825.43,17118.7,
0,1,0,1640,78533.4,10,0,10,4522.82,6828.64,
2,3,2,1643,79277.8,17,8,9,17360.4,26812.3,
3,4,3,1644,119353,31,18,13,28218.7,31843.2,
0,1,0,1645,16720.3,3,0,3,8016.25,13362.7,
0,1,0,1646,154605,19,0,19,16545.7,5092.94,
0,1,0,1651,109087,11,0,11,12684.3,9650.75,
3,4,3,1652,133806,22,7,15,4641.77,20489.4,
0,1,0,1656,114915,15,0,15,2529.11,3926.61,
1,2,1,1657,24110.3,7,4,3,2918.81,12690.5,
1,2,1,1658,42879.8,8,3,5,12770.8,22017,
0,1,0,1659,48806.4,5,0,5,4740.99,10732.5,
5,6,5,1659,167738,32,14,18,12730.4,16298.9,
4,5,4,1661,192381,34,12,22,27343.1,21309.5,
0,1,0,1664,39400,5,0,5,25921.2,22135.8,
1,2,1,1666,74575.2,10,1,9,17561.2,6137.5,
0,1,0,1669,52677.2,6,0,6,28703.7,30234.9,
3,4,3,1679,51164.1,13,6,7,11703.4,16825.3,
0,1,0,1679,44413.5,5,0,5,30466,29746,
0,1,0,1684,19231.4,3,0,3,13350.5,11255.2,
0,1,0,1685,14954.8,2,0,2,27447.6,10816.1,
1,2,1,1686,97553.8,14,2,12,28940.1,29160.9,
0,1,0,1687,81640.2,11,0,11,11934.1,25638.6,
7,8,7,1688,349829,924,887,37,9133.74,1119.17,
0,1,0,1689,14178.8,2,0,2,19159.8,12862.8,
0,1,0,1690,55177.2,6,0,6,18309.6,19269.1,
4,5,4,1690,196744,38,15,23,17457,27972.3,
2,3,2,1691,67915,13,3,10,13181.1,19564.7,
0,1,0,1692,26796.3,3,0,3,15054.3,18260.7,
1,2,1,1692,162272,20,1,19,18895,26515.8,
5,6,5,1695,82179.8,37,28,9,23225.5,17582.3,
2,3,2,1697,111846,24,12,12,27409.7,6470.6,
1,2,1,1697,62655,10,2,8,12351.3,29575.5,
1,2,1,1700,91234.5,14,4,10,31234.9,22245,
2,3,2,1705,45393.5,10,5,5,4497.08,4570.45,
2,3,2,1708,108473,16,4,12,24694.2,24478.7,
0,1,0,1710,19878.9,2,0,2,30400,5282.72,
1,2,1,1712,66136.4,8,1,7,17540.6,26583,
1,2,1,1713,20426.1,4,2,2,15059.8,30383.1,
2,3,2,1717,117698,14,2,12,7167.08,12504.2,
0,1,0,1722,41054.4,5,0,5,20730.2,31675.5,
0,1,0,1724,35056,4,0,4,18231.1,15824.4,
2,3,2,1724,179391,24,4,20,11809.6,5973.38,
0,1,0,1727,8962.04,1,0,1,31946.3,29135.6,
1,2,1,1728,22700.9,7,5,2,22653.8,13210.8,
0,1,0,1730,21712.2,2,0,2,16212.5,27720.3,
0,1,0,1731,44718.2,5,0,5,5606.46,3787.52,
0,1,0,1735,37491.5,4,0,4,26454.8,16329.4,
1,2,1,1738,88917.7,12,2,10,8505.58,32063.2,
1,2,1,1738,74641.5,15,6,9,9909.77,25977.8,
0,1,0,1739,43011.5,5,0,5,23059,9361.7,
0,1,0,1743,23443.3,2,0,2,31480.4,8536.56,
4,5,4,1746,296546,46,13,33,29119.6,30284.6,
0,1,0,1746,60454.7,7,0,7,12783.2,9842.82,
0,1,0,1747,45515.2,6,0,6,16015.9,4976.11,
0,1,0,1748,48326.3,5,0,5,16573.5,23019.4,
1,2,1,1754,47625.9,10,5,5,8566.65,21083.2,
0,1,0,1757,17929,2,0,2,24646.4,29571.2,
1,2,1,1761,59932.9,13,7,6,10285.2,28825,
0,1,0,1761,11481.7,2,0,2,31909.2,16672.2,
1,2,1,1764,89350.6,11,1,10,19752.9,22581.2,
1,2,1,1766,137596,16,1,15,10003.5,31140.1,
0,1,0,1770,4217.79,1,0,1,15879.8,5935.16,
0,1,0,1772,10965.9,1,0,1,17122.9,20352.2,
3,4,3,1775,145759,2086,2070,16,28242.5,31091.8,
1,2,1,1775,29252.7,6,3,3,17931.2,16414,
0,1,0,1777,8748.74,1,0,1,2151.84,12421.7,
2,3,2,1782,86342,19,9,10,4256.97,24623.9,
0,1,0,1783,16539.5,2,0,2,9748.08,5632.93,
2,3,2,1786,60208,11,4,7,3845.55,16260.4,
7,8,7,1786,419049,81,35,46,28151.7,4107.48,
2,3,2,1787,76080.9,12,3,9,3487.73,17919.1,
2,3,2,1788,66417,11,4,7,16162.2,11152.4,
0,1,0,1788,30120.8,3,0,3,18937.9,22464.7,
6,7,6,1788,145848,39,23,16,6866.9,2775.72,
1,2,1,1791,38014,6,1,5,29874.9,6380.99,
1,2,1,1791,38457.5,6,1,5,18173.2,6148.29,
0,1,0,1800,35736.4,5,0,5,16546.8,26212.7,
3,4,3,1803,160424,32,11,21,10997.7,10111.9,
0,1,0,1806,4890.33,1,0,1,25294,18474.2,
1,2,1,1807,22181.9,14,11,3,1112.46,28602.9,
5,6,5,1809,265302,43,10,33,28983.4,8305.81,
0,1,0,1810,54487.6,7,0,7,24234.5,31529.4,
0,1,0,1814,12203.8,1,0,1,19171.4,23041.8,
1,2,1,1829,54024.5,8,2,6,5255.57,31688.4,
3,4,3,1831,151985,22,3,19,21002.8,16481.1,
1,2,1,1833,51730.2,7,1,6,3123.11,9234.61,
1,2,1,1837,77159.8,11,2,9,11363.2,6264.29,
0,1,0,1842,46910.1,5,0,5,17261.5,17154.4,
1,2,1,1844,129320,15,2,13,7917.34,20573.4,
1,2,1,1845,25989,4,1,3,4382.77,30381.4,
0,1,0,1845,11871.2,1,0,1,19812.7,10770.4,
2,3,2,1849,97815.7,14,3,11,10046.5,24541.4,
0,1,0,1853,15093.7,2,0,2,19975,28609.4,
2,3,2,1862,217836,37,11,26,4620.69,28946.2,
4,5,4,1866,157303,32,14,18,30761,29740,
1,2,1,1870,26217.7,4,1,3,19078.5,21779.2,
1,2,1,1873,11898.9,2953,2951,2,5573.43,25410.6,
0,1,0,1876,38338.7,4,0,4,1791.37,11167.5,
0,1,0,1878,22828.7,2,0,2,16597.9,8542.87,
0,1,0,1879,57667.1,6,0,6,10379.9,14333.5,
1,2,1,1885,53298.7,7,1,6,11211.2,29672.5,
1,2,1,1889,111128,1951,1939,12,22553.1,23918.4,
1,2,1,1890,52384.8,12,6,6,27378.1,24793.4,
3,4,3,1890,193836,39,17,22,7911.07,24198.3,
2,3,2,1890,87846.8,17,8,9,1666.72,26076.6,
3,4,3,1893,109137,40,27,13,27568.3,25006.5,
1,2,1,1894,30051.7,6,3,3,18836.4,7242.89,
1,2,1,1904,92374.4,12,1,11,4074.19,23137.4,
0,1,0,1905,60374,7,0,7,23619.4,30715.1,
0,1,0,1907,10696.2,1,0,1,21001.9,25171.4,
0,1,0,1908,18236.7,3,0,3,18107.2,4219.17,
1,2,1,1909,113893,15,3,12,6374.23,14720.7,
2,3,2,1910,141791,22,7,15,24536.8,32328.6,
0,1,0,1912,6746.48,1,0,1,14826.1,14625.3,
0,1,0,1912,3746.07,1,0,1,16816,7142.21,
1,2,1,1914,36299.6,8,3,5,25194.1,24902.4,
8,9,8,1916,190007,44,22,22,27092.4,29172,
0,1,0,1919,12391.5,1,0,1,19780.4,12285.7,
2,3,2,1921,127609,1800,1785,15,11004.1,1987.27,
0,1,0,1924,28287.5,3,0,3,20814,5130.27,
0,1,0,1925,72948.5,8,0,8,22813.7,8152.71,
0,1,0,1935,18939.5,2,0,2,15212.9,2941.59,
3,4,3,1937,77996,22,13,9,28071.5,6630.2,
0,1,0,1942,19903.7,2,0,2,12094.7,7500.04,
0,1,0,1946,6534.5,1,0,1,15690.4,9628.66,
5,6,5,1947,139880,37,20,17,30926.7,29815.8,
1,2,1,1957,72590,14,6,8,25693.5,18360.9,
0,1,0,1959,34216.2,5,0,5,29528.3,22207.8,
2,3,2,1962,87098.2,15,5,10,723.744,29430.9,
0,1,0,1965,37071.3,4,0,4,7031.89,24007.8,
2,3,2,1978,94243.7,18,8,10,3113.34,11033.7,
0,1,0,1986,11134.8,1,0,1,9239.63,21448.1,
0,1,0,1987,9319.48,1,0,1,20964.8,1752.56,
1,2,1,1987,74654,10,1,9,17254.4,22356.3,
1,2,1,1987,107389,16,2,14,24387.8,7212.82,
0,1,0,1989,10061.3,1,0,1,28472.3,21341.6,
3,4,3,1991,130336,25,10,15,13257.2,1214,
1,2,1,2003,58926.7,10,2,8,4146.22,7667.21,
0,1,0,2004,37649.6,5,0,5,9780.28,31995.6,
0,1,0,2007,22217.4,2,0,2,21123.5,3524.39,
0,1,0,2007,10276.7,2,0,2,25883.7,2166.36,
0,1,0,2012,13063.7,2,0,2,13375.1,28907.5,
1,2,1,2012,17521,8,6,2,30640.1,26913.7,
0,1,0,2021,40389.1,5,0,5,25996.4,31400.7,
0,1,0,2027,16465.6,3,0,3,30216.8,19323.2,
0,1,0,2029,99911.8,11,0,11,13643.2,16984.1,
6,7,6,2032,184158,51,29,22,1627.49,22718.2,
5,6,5,2033,273049,56,27,29,5676.95,9439.94,
1,2,1,2036,96826.5,14,4,10,11887.2,3827.32,
0,1,0,2038,38777.7,5,0,5,29671.7,16611.6,
1,2,1,2045,114762,14,1,13,7148.01,11287.8,
0,1,0,2047,31208.3,3,0,3,7112.3,15828.5,
0,1,0,2052,44865,5,0,5,6017.15,16036.2,
0,1,0,2060,18629.6,2,0,2,2545.63,19792.7,
1,2,1,2060,110996,12,1,11,30703.7,30228.1,
0,1,0,2063,25786,3,0,3,26007.2,9905.13,
3,4,3,2063,127445,38,26,12,20481.7,21982.5,
1,2,1,2066,151109,19,2,17,8913.42,14529.8,
2,3,2,2067,87729.5,12,2,10,24868.4,29628.9,
1,2,1,2069,169049,27,5,22,27371.6,16389.8,
4,5,4,2070,201132,43,21,22,11091.6,2537.56,
1,2,1,2071,47579.1,7,2,5,31217.3,4304.73,
1,2,1,2073,126820,17,2,15,8900.79,9978.8,
2,3,2,2074,135401,20,4,16,30526.3,30940.1,
3,4,3,2075,147994,38,23,15,4653.69,29855.7,
3,4,3,2080,173890,25,6,19,4749.82,1484.25,
4,5,4,2083,116379,182,170,12,9794.61,14443.2,
2,3,2,2088,36152.6,7,3,4,26582.9,8649.29,
0,1,0,2095,20749.5,2,0,2,13800.6,6820.85,
0,1,0,2096,46508.2,5,0,5,8583.95,12589.4,
1,2,1,2114,44358.1,9,4,5,5332.44,15582.4,
0,1,0,2114,52781.6,5,0,5,30272.5,27024.8,
7,8,7,2115,303003,50,19,31,31870.6,9029.53,
2,3,2,2115,29781.3,2843,2839,4,6189.35,24531.7,
5,6,5,2116,87502.4,28,17,11,31621.6,16049.2,
3,4,3,2117,104205,38,24,14,31020.7,11345,
2,3,2,2120,55687.1,12,6,6,7835.43,22175.6,
3,4,3,2124,100977,26,15,11,16450.4,21342.3,
0,1,0,2128,9798.88,1,0,1,10432.3,1099.03,
2,3,2,2132,94832,12,2,10,29084,27675.6,
6,7,6,2132,149023,50,33,17,17217.7,26185.1,
0,1,0,2143,21199.8,3,0,3,24439.3,3048.61,
0,1,0,2145,108612,13,0,13,16002.6,17758.5,
0,1,0,2146,54842.2,8,0,8,31196.9,6068.7,
8,9,8,2149,294513,71,38,33,3981.05,32293,
1,2,1,2156,58056.3,10,3,7,16557.8,16114.2,
2,3,2,2169,155169,18,2,16,17931,10819,
1,2,1,2178,56359,7,1,6,6962.25,10920.2,
1,2,1,2178,127906,2162,2148,14,27357.5,27434.3,
0,1,0,2181,7526.62,1,0,1,28216.8,5008.19,
0,1,0,2185,19114.7,2,0,2,29042.8,20600.2,
1,2,1,2186,23394.4,6,3,3,17697.5,11581,
1,2,1,2188,50680.2,7,2,5,21829.8,20708.1,
3,4,3,2189,123707,21,9,12,1500.56,8041.2,
2,3,2,2195,136474,26,9,17,16074.5,20869.6,
9,10,9,2197,378368,67,24,43,26198,6194.95,
1,2,1,2198,36316.9,8,4,4,27826.7,5081.11,
0,1,0,2206,26448.8,3,0,3,2143.12,27976,
0,1,0,2207,74027.1,8,0,8,15153.4,1098.89,
0,1,0,2207,10619.6,1,0,1,4230.57,14097.7,
0,1,0,2207,76521.3,9,0,9,28796.1,3213.01,
0,1,0,2208,49654.4,6,0,6,27125.2,13147,
0,1,0,2221,6164.49,1,0,1,16437.5,8597.84,
0,1,0,2222,15546.7,2,0,2,3447.5,6817.72,
0,1,0,2225,4281,1,0,1,6689.31,21138.1,
0,1,0,2227,19001.2,3,0,3,27150.5,30816.7,
1,2,1,2231,136696,26,12,14,19311.3,29196.3,
3,4,3,2237,113013,25,11,14,17994.3,14714,
0,1,0,2245,11019.9,1,0,1,3908.94,12606.7,
2,3,2,2245,64112.7,15,7,8,2101.66,2673.46,
2,3,2,2249,76462.2,12,4,8,27657.6,6147.72,
0,1,0,2255,26642.2,3,0,3,7947.18,6393.33,
0,1,0,2255,10438.7,1,0,1,21836.6,25027.7,
0,1,0,2256,50392,6,0,6,16690.9,22069,
2,3,2,2258,58363.4,24,18,6,18112.2,25491.9,
0,1,0,2258,17569,2,0,2,20941.1,22986,
2,3,2,2259,30483,10,6,4,15345.6,29992.8,
0,1,0,2271,10067,1,0,1,1419.06,22810.1,
1,2,1,2272,38052.5,10,6,4,3174.56,31070.5,
0,1,0,2273,19150.9,2,0,2,8675.06,27027.9,
0,1,0,2273,10856.7,1,0,1,973.701,8778.46,
0,1,0,2279,107820,13,0,13,31955.8,31117.5,
0,1,0,2281,8376.25,1,0,1,18060.6,4462.79,
0,1,0,2282,44697.4,5,0,5,19571.9,9605.67,
0,1,0,2284,19412.4,2,0,2,28007.1,18157,
2,3,2,2284,128511,17,2,15,12155.9,2572.33,
1,2,1,2287,68786.1,12,3,9,19283,6318.45,
0,1,0,2289,15608.6,2,0,2,31464.9,24423.5,
0,1,0,2292,64738.9,7,0,7,16051.1,28964.6,
0,1,0,2298,32359.8,4,0,4,1461.86,2837.27,
1,2,1,2303,100510,12,1,11,14212.6,24671.4,
2,3,2,2310,63112.3,15,8,7,31951,28094.9,
0,1,0,2320,29606.8,3,0,3,10459.2,7661.54,
1,2,1,2322,102481,12,1,11,6154.19,7167.78,
2,3,2,2328,159015,21,3,18,29064.5,3311.39,
2,3,2,2328,95213.7,12,2,10,17939.8,16786,
1,2,1,2340,28046.8,5,1,4,30585.5,2593.44,
1,2,1,2347,111868,17,4,13,3956.28,8843.6,
0,1,0,2353,63880.6,6,0,6,19095.6,3499,
0,1,0,2354,31243.7,4,0,4,6837.37,16998.1,
0,1,0,2362,10490,1,0,1,13297.4,8737.69,
1,2,1,2363,25996.1,8,5,3,9062.4,2920.57,
1,2,1,2372,50410.9,6,1,5,21198.2,17943.3,
0,1,0,2373,20997.4,2,0,2,10696.2,18847.7,
0,1,0,2376,35912.1,4,0,4,3442.14,2240.09,
1,2,1,2380,179566,23,1,22,26575.5,20686.8,
0,1,0,2381,4712.71,1,0,1,15988,20402.4,
2,3,2,2382,42476.9,11,6,5,23128.2,3925.43,
0,1,0,2388,30484.1,4,0,4,28135,30100.1,
2,3,2,2392,58645.3,12,4,8,1240.76,9651.5,
1,2,1,2398,33073.7,5,1,4,17237.3,7803.46,
0,1,0,2400,10206.1,1,0,1,10291.1,30620.3,
0,1,0,2403,4605.91,1,0,1,9427.28,4255.02,
1,2,1,2404,61246.5,9,1,8,16083.8,18547.3,
1,2,1,2408,59983.2,8,1,7,22445.3,11429.6,
10,11,10,2414,219954,1869,1846,23,2666.19,26273.2,
2,3,2,2418,106589,14,3,11,16250.3,4167.08,
4,5,4,2421,76356.8,24,15,9,23925.3,13521.6,
2,3,2,2422,56185.3,11,5,6,26255.2,30104.5,
0,1,0,2425,16450.2,2,0,2,17780.9,29119.7,
0,1,0,2431,33882.6,4,0,4,11169.3,2780.78,
0,1,0,2435,9689.74,1,0,1,1188.38,2278.19,
1,2,1,2435,61523.8,16,8,8,27801.8,11214.5,
0,1,0,2435,18619.6,2,0,2,12205.5,14905,
5,6,5,2437,238687,45,22,23,11921,17486.1,
0,1,0,2440,11834.7,1,0,1,30935.2,6871.49,
0,1,0,2442,42035.8,4,0,4,25189.6,4286.51,
0,1,0,2447,17254.8,3,0,3,25455.5,5209.52,
1,2,1,2460,25264.4,6,3,3,31498.4,6774.44,
0,1,0,2462,105282,11,0,11,5143.94,23746.3,
2,3,2,2462,87452.4,13,4,9,9816.98,28787.7,
0,1,0,2465,57121.3,6,0,6,21421.5,7413.36,
1,2,1,2475,79152.2,9,1,8,29903.7,29474.3,
0,1,0,2488,13028.1,2,0,2,16511.7,15707.4,
0,1,0,2505,22525.7,2,0,2,14105.3,20562.5,
9,10,9,2510,358461,78,39,39,27394.8,28033.8,
0,1,0,2513,86122.4,9,0,9,13181.7,14839,
5,6,5,2515,96990.6,23,12,11,25400.5,26927.7,
2,3,2,2516,95687.1,13,2,11,28891.4,26188.2,
0,1,0,2517,6153.67,1,0,1,15971.8,16184.7,
1,2,1,2524,14898.8,10,8,2,6717.11,19025.7,
1,2,1,2527,32943,5,1,4,23165.6,5257.25,
1,2,1,2530,77443.8,10,1,9,27400.8,29209.1,
1,2,1,2531,17263.6,7,4,3,30751.8,3589.29,
0,1,0,2534,38410.2,5,0,5,4516.04,23554.8,
2,3,2,2548,55172.8,9,3,6,21843.7,22458.2,
2,3,2,2549,74722.1,13,4,9,7823.82,10839,
1,2,1,2555,87778.5,15,5,10,2084.66,22243.9,
0,1,0,2557,23413.1,4,0,4,26802.4,12292.6,
0,1,0,2562,7256.61,1,0,1,12636.6,5040.39,
0,1,0,2570,9696.89,1,0,1,15519.9,15962.1,
0,1,0,2572,18340.9,2,0,2,18242.3,8367.99,
3,4,3,2578,253416,45,15,30,22200.6,7378.75,
0,1,0,2581,33834.9,3,0,3,14086.9,31238.2,
1,2,1,2584,57970.3,7,1,6,7230.46,30369.2,
0,1,0,2584,42096,4,0,4,790.271,15380.8,
6,7,6,2588,209351,42,15,27,20424.2,11151.1,
5,6,5,2596,97850.6,35,23,12,21348.9,5816.29,
2,3,2,2601,144157,17,2,15,25949.9,15881.1,
5,6,5,2603,80247.8,32,22,10,16186.2,16160.9,
3,4,3,2613,221784,31,5,26,7402.16,9418.98,
0,1,0,2619,17570.4,2,0,2,31399.1,16579.5,
0,1,0,2622,46112.8,5,0,5,22115.7,22331.9,
5,6,5,2626,89211.6,25,14,11,31292.1,17921.9,
0,1,0,2632,37122.3,4,0,4,19503.8,30355,
0,1,0,2635,30420.3,3,0,3,27008.4,18973.4,
3,4,3,2636,59079.7,17,10,7,30513.2,19103.5,
0,1,0,2637,45709.2,5,0,5,7579.67,27061.5,
6,7,6,2640,166391,40,24,16,23286.2,23471.9,
0,1,0,2642,103406,10,0,10,31316.2,30842.1,
0,1,0,2644,13118.5,1,0,1,7433.16,13754.8,
0,1,0,2650,10624.4,1,0,1,14556.1,7093.93,
0,1,0,2658,19836.3,2,0,2,22463.5,4207.33,
1,2,1,2673,88330.5,11,1,10,28615,19049.4,
0,1,0,2680,10146.8,1,0,1,2072.49,14591.4,
1,2,1,2683,27660,4,1,3,18846.8,17108.3,
2,3,2,2687,128145,16,2,14,23606.1,17497.6,
0,1,0,2688,23190,2,0,2,16420.4,28475.6,
0,1,0,2695,16912.9,2,0,2,25560.7,4653.66,
4,5,4,2698,146345,31,15,16,2919.68,27863.3,
1,2,1,2699,23397.4,5,2,3,25435.1,12752.3,
0,1,0,2700,91143.4,10,0,10,3951.46,1628.85,
1,2,1,2714,172165,21,3,18,8841.85,6775.61,
1,2,1,2717,88750,17,7,10,22620.8,28167.6,
6,7,6,2727,175003,39,21,18,21179.6,29683.3,
1,2,1,2737,50248.6,7,1,6,25973.7,1698.34,
1,2,1,2737,46397.1,6,1,5,32150.4,28073,
0,1,0,2739,51508.3,6,0,6,28690.2,17131.5,
0,1,0,2774,82589.8,9,0,9,31654,4896.8,
0,1,0,2780,37755.6,4,0,4,6749.72,12381.9,
7,8,7,2782,280494,45,16,29,24181.5,15208.1,
0,1,0,2783,8587.24,2,0,2,25293.5,19604,
0,1,0,2784,14558.1,2,0,2,32019.6,21122.8,
1,2,1,2791,99326.4,20,9,11,13798.3,15382.2,
1,2,1,2797,54132.2,10,2,8,15113.6,19054.9,
0,1,0,2806,12211.3,1,0,1,11169.8,18604,
0,1,0,2806,101436,10,0,10,22175.5,6602.9,
1,2,1,2807,63238.4,8,1,7,30545.2,2128,
1,2,1,2814,27755.4,12,9,3,8042.63,12130.9,
0,1,0,2817,11747.3,2,0,2,19490.8,18649.6,
3,4,3,2820,68527.8,19,9,10,15223.4,6228.04,
6,7,6,2821,243178,51,21,30,9205.94,5374.88,
0,1,0,2823,65520.2,7,0,7,6877.56,22138.6,
1,2,1,2831,27996.6,4,1,3,23061.2,16707,
3,4,3,2835,190950,31,9,22,12771.3,10126.6,
3,4,3,2846,186466,38,19,19,32147.2,14279.1,
0,1,0,2854,32366,3,0,3,11616.5,16018,
0,1,0,2855,9123.23,1,0,1,30949.9,10591.8,
0,1,0,2865,10386,1,0,1,25214.9,1872.49,
2,3,2,2876,78202.4,11,2,9,6445.22,25398.7,
3,4,3,2877,62941.7,14,6,8,30873.2,22528.8,
0,1,0,2879,10447.2,2,0,2,24196.5,10254.2,
0,1,0,2879,65232.2,7,0,7,15529.3,14613.3,
0,1,0,2883,61048,5,0,5,7714.9,15227.2,
0,1,0,2898,15922.3,2,0,2,21438,30755.1,
0,1,0,2899,12357,1,0,1,7264.57,23862.9,
0,1,0,2909,8553.67,1,0,1,6095.46,22701.1,
1,2,1,2920,127845,16,1,15,19103.5,25038.4,
2,3,2,2922,133345,21,8,13,24789.5,17298.4,
0,1,0,2927,14509,2,0,2,7026.54,3850.77,
4,5,4,2928,127948,35,19,16,2000.78,28346.8,
0,1,0,2947,20086.1,3,0,3,29233.5,3817.12,
0,1,0,2959,30147.4,3,0,3,14116.6,4452.6,
1,2,1,2973,58112.1,9,2,7,26710.5,2718.79,
2,3,2,2973,199628,28,6,22,10280.6,3736.17,
6,7,6,2974,258084,43,15,28,2223.18,18022.2,
4,5,4,2979,199883,38,13,25,16863,13224.5,
1,2,1,2980,30108.2,31,28,3,727.1,8247.92,
0,1,0,2984,26677.2,3,0,3,29856.1,1955.39,
0,1,0,2984,19149.9,2,0,2,19893.9,2251.63,
2,3,2,2996,163536,30,11,19,4397.12,16351.9,
0,1,0,3006,5982.59,1,0,1,22058,12256.6,
0,1,0,3015,18092.9,2,0,2,28841.3,10417.9,
1,2,1,3042,90356.8,10,1,9,4346.75,9715.44,
0,1,0,3056,29133.2,4,0,4,18112.6,26770.4,
0,1,0,3058,34568.9,4,0,4,17700.2,13813.3,
0,1,0,3060,36111.1,4,0,4,31995.8,11898.4,
0,1,0,3071,108793,11,0,11,31330.5,7655.51,
1,2,1,3071,48315.1,10,4,6,26307.2,21988.5,
0,1,0,3077,21580.1,3,0,3,13632.8,12770.7,
0,1,0,3080,32669.4,3,0,3,10160.4,25938.1,
0,1,0,3082,30296,4,0,4,2550.59,23762.3,
2,3,2,3111,138555,26,11,15,5586.5,12113.6,
1,2,1,3115,105162,17,6,11,14744,11025,
2,3,2,3131,64163.2,11,3,8,22102.9,11619.4,
1,2,1,3132,43967.3,21,16,5,2849.46,4477.23,
5,6,5,3135,340277,51,9,42,3898.84,5700.21,
0,1,0,3138,36356.2,4,0,4,31811.9,6101.35,
0,1,0,3143,51915.1,6,0,6,28429.3,5351.31,
1,2,1,3161,22841.9,4,1,3,24532.7,8870.68,
1,2,1,3165,48116.8,11,6,5,30508.1,11635.8,
0,1,0,3182,37670.1,4,0,4,9327.89,11127.8,
0,1,0,3185,29428.1,4,0,4,24840.1,17725.2,
2,3,2,3192,150053,27,9,18,6258.99,14044.7,
0,1,0,3193,8643.58,1,0,1,25770.9,20845.4,
2,3,2,3195,97906.4,29,20,9,26023.4,31029.1,
0,1,0,3195,10436.6,1,0,1,22677.2,17159.9,
0,1,0,3202,96736.7,9,0,9,30150,23628,
2,3,2,3207,51442.1,11,6,5,25328.6,7858.24,
1,2,1,3210,45487.7,7,2,5,1408.05,8551.44,
3,4,3,3211,86741.6,19,7,12,23188.2,20214.7,
1,2,1,3213,109213,18,3,15,14434,25064,
2,3,2,3227,53007.6,15,9,6,5751.64,17630.7,
1,2,1,3236,57058.8,18,9,9,12081.6,14265.4,
0,1,0,3253,5746.71,1,0,1,27927.2,4351.14,
0,1,0,3257,7572.91,1,0,1,31300.1,10288.4,
0,1,0,3260,61356.3,9,0,9,2319.11,21396.2,
2,3,2,3262,27271.4,7,4,3,27991.2,31506.8,
7,8,7,3265,196304,50,27,23,16001.9,7806.93,
1,2,1,3275,34948.2,14,11,3,2838.09,20336.9,
2,3,2,3279,47737.8,14,10,4,10822,5353.39,
0,1,0,3280,10609,1,0,1,16362.4,28950.5,
1,2,1,3288,27037,232,229,3,6837.07,10315.1,
3,4,3,3300,44110.8,11,6,5,3632.58,28196.7,
0,1,0,3305,31256,3,0,3,20390.5,14109.7,
1,2,1,3305,54999.7,8,1,7,8861.33,29171.7,
0,1,0,3311,24340.1,2,0,2,4200.1,11842.8,
0,1,0,3312,17517.6,2,0,2,3849.72,17669.8,
0,1,0,3316,7232.54,1,0,1,3991.77,28586.2,
0,1,0,3322,14030.7,1,0,1,32188.9,4215.68,
1,2,1,3323,24777.5,5,2,3,4597.83,1929.6,
4,5,4,3323,171978,27,8,19,15895.7,12536.8,
1,2,1,3342,135070,18,1,17,7569.11,14904.7,
0,1,0,3346,17875.2,2,0,2,6919.8,1607.78,
3,4,3,3350,210065,39,15,24,1734.53,2478.4,
1,2,1,3351,18571.2,3,1,2,28925.7,28523.9,
0,1,0,3352,4565.4,1,0,1,6342.77,7091.88,
1,2,1,3356,21568.1,6,2,4,21838.6,1541.37,
0,1,0,3376,41849.2,6,0,6,7798.89,29237.3,
0,1,0,3380,17419.8,2,0,2,7243.68,31248.1,
9,10,9,3382,352213,88,49,39,30970.5,1212.62,
0,1,0,3387,35560.9,4,0,4,21344.5,3600.1,
0,1,0,3389,48501.7,5,0,5,28800.3,6756.53,
0,1,0,3396,98922.1,14,0,14,11004.2,16453,
0,1,0,3405,39499.6,5,0,5,20972.7,27832.6,
1,2,1,3406,74032.5,12,3,9,18287.1,1555.32,
1,2,1,3410,191581,23,1,22,26004.8,2255.03,
0,1,0,3411,30990.2,3,0,3,30834.4,24733.7,
1,2,1,3413,60709.6,9,1,8,21772.2,14760,
0,1,0,3416,19379.5,2,0,2,6347.27,4923.7,
4,5,4,3418,90230.1,37,27,10,32217.6,10859.3,
0,1,0,3433,21867.6,2,0,2,19778.3,23670.9,
3,4,3,3441,143504,19,4,15,12304.1,1698.29,
0,1,0,3446,16188.5,2,0,2,17646.1,28583.8,
0,1,0,3449,19328.3,2,0,2,30087.3,6950.36,
2,3,2,3455,28143.9,7,4,3,8921.65,1748.76,
0,1,0,3456,16329.8,2,0,2,14317.9,738.721,
1,2,1,3457,67571.2,10,2,8,26818.3,7215.92,
1,2,1,3470,50222.7,7,1,6,11114.2,6972.67,
6,7,6,3489,175265,37,16,21,20721.5,6999.17,
1,2,1,3493,64476.8,10,2,8,27821.7,17947.8,
0,1,0,3507,15909.8,2,0,2,16459.8,2877.74,
0,1,0,3523,26126.9,3,0,3,27955.8,24218.2,
2,3,2,3528,95338.7,14,3,11,7129.28,23211.2,
2,3,2,3531,192434,30,8,22,6062.4,5428.78,
0,1,0,3534,20073.5,2,0,2,13931,11622.5,
0,1,0,3546,45218.7,5,0,5,8716.76,10730.3,
0,1,0,3562,24342.1,2,0,2,25258.8,13866.3,
0,1,0,3562,48254.1,5,0,5,12496.4,24382.9,
4,5,4,3567,157571,34,18,16,3547.12,26629,
1,2,1,3568,101256,382,371,11,28377,6638.23,
1,2,1,3572,90736.8,13,2,11,14560.6,19813.6,
0,1,0,3586,5116.79,1,0,1,21866.6,9404.99,
0,1,0,3598,8279.36,1,0,1,24179.6,5032.79,
0,1,0,3599,16831.3,3,0,3,8688.55,15211,
1,2,1,3602,34670.9,8,3,5,21834.4,21259.8,
2,3,2,3603,51245.2,11,5,6,7748.59,26930,
0,1,0,3611,17094.5,2,0,2,7049.47,12135.5,
3,4,3,3639,79566.5,20,11,9,30889.8,5093.05,
5,6,5,3653,134662,31,14,17,9183.06,18901.4,
0,1,0,3654,28243.1,3,0,3,28544.7,22013.8,
0,1,0,3658,92397.6,11,0,11,1742.75,4583.36,
0,1,0,3660,15441.1,3,0,3,5124.18,14622.9,
0,1,0,3661,10795.5,1,0,1,10857.2,10051.6,
3,4,3,3667,251829,41,9,32,26574.8,3495.77,
1,2,1,3682,58992.1,8,1,7,20625.8,26702.4,
0,1,0,3699,51820,6,0,6,25227.6,28575.1,
0,1,0,3702,60713.9,6,0,6,27708.2,17055,
2,3,2,3708,108963,21,8,13,27520.4,28727.8,
0,1,0,3714,19121.1,2,0,2,20685.3,21052.7,
0,1,0,3715,30061,4,0,4,2313.88,26315,
1,2,1,3715,16558.9,5,3,2,10885.4,1922.86,
1,2,1,3732,49988.8,7,2,5,23443.2,26930.6,
0,1,0,3735,8648.04,1,0,1,31247.3,8408.06,
1,2,1,3736,95494.3,12,1,11,4107.94,7098.86,
0,1,0,3746,18970.7,2,0,2,4999.2,4927.7,
0,1,0,3759,7462.74,1,0,1,17997.4,6399.37,
0,1,0,3762,10426.9,1,0,1,9685.02,11459.1,
0,1,0,3773,59060.1,5,0,5,7132.02,22838.9,
0,1,0,3777,9380.07,1,0,1,7439.81,2234.72,
0,1,0,3800,12069.6,2,0,2,6254.96,10592.7,
0,1,0,3808,34044.2,4,0,4,1834.3,23539.5,
0,1,0,3819,23234.6,2,0,2,1745.01,22303.7,
0,1,0,3828,16693.9,2,0,2,10617.3,727.977,
1,2,1,3839,49781.4,6,1,5,23197.9,25683.2,
3,4,3,3845,172838,23,4,19,27134.2,3827.42,
4,5,4,3854,237387,40,13,27,27821.7,19079.3,
3,4,3,3862,117476,22,10,12,3376.69,7323.54,
1,2,1,3874,16276.1,3,1,2,5326.67,31481.8,
2,3,2,3877,76986.4,14,6,8,19584.9,22418.3,
1,2,1,3883,24142.3,4,1,3,15633.9,17656.2,
1,2,1,3888,14611.7,4,2,2,6557.05,7661.72,
3,4,3,3892,162875,29,10,19,10277.8,22373.8,
1,2,1,3897,46408,565,559,6,8794.77,21638.1,
2,3,2,3913,132353,27,13,14,11158.8,16895,
0,1,0,3920,27282.8,3,0,3,30350.6,3757.57,
2,3,2,3922,68622.5,13,4,9,8330.56,31021.4,
2,3,2,3942,82670.5,12,2,10,10233.7,1609.4,
1,2,1,3947,52478.7,11,5,6,24458.6,21935.2,
1,2,1,3962,36050.5,5,1,4,13316.9,1763.94,
3,4,3,3975,158717,23,5,18,19588.4,15336.7,
0,1,0,3991,30835.7,4,0,4,12455.3,7948.03,
0,1,0,4009,3837.44,1,0,1,23146.7,13409.1,
2,3,2,4013,48213.7,10,4,6,26754.9,27961.7,
1,2,1,4014,36121.8,5,1,4,3619.97,8295.04,
3,4,3,4018,175981,24,5,19,7659.33,20708.8,
2,3,2,4020,41894.7,9,3,6,17431,4261.79,
1,2,1,4027,125898,15,1,14,30404,4951.38,
0,1,0,4030,10283.9,1,0,1,14650,25782,
0,1,0,4034,5285.76,1,0,1,28655.6,29388.2,
0,1,0,4045,26336.4,3,0,3,27684.5,23084,
1,2,1,4065,60369.4,8,3,5,19962.2,21771.4,
0,1,0,4075,24877.8,2,0,2,3936.83,14260.8,
0,1,0,4102,37903.9,4,0,4,3774.12,31234.4,
0,1,0,4111,31208.8,3,0,3,10836.7,14956,
1,2,1,4114,46286.9,9,4,5,26799.8,23568.5,
1,2,1,4125,74967.6,8,1,7,30289.6,27668.8,
0,1,0,4161,37549.8,6,0,6,19540.2,11637.7,
0,1,0,4165,17933.8,2,0,2,6224.36,16264,
6,7,6,4167,108803,38,24,14,21797.2,24401.1,
4,5,4,4170,145657,30,13,17,891.681,8188.33,
0,1,0,4172,62002.2,7,0,7,18062.9,23309.2,
0,1,0,4172,19364.9,2,0,2,942.225,29995.8,
0,1,0,4178,82060.3,9,0,9,26063.4,23404.7,
0,1,0,4188,30707.5,3,0,3,8261.98,26579.9,
1,2,1,4200,72366.8,10,2,8,19203.1,16434.9,
2,3,2,4203,126677,19,4,15,13057.5,23770.3,
0,1,0,4216,33979.2,3,0,3,29953.3,9461.68,
0,1,0,4241,38235.5,4,0,4,10248.4,14113.6,
1,2,1,4261,38361.9,12,7,5,871.982,6320.79,
1,2,1,4268,58885.1,10,3,7,32204.8,11116.5,
3,4,3,4291,73108.3,21,11,10,17332.7,19239.5,
0,1,0,4310,33530.8,4,0,4,2858.65,27299.6,
0,1,0,4360,28282.3,3,0,3,9960.89,12195.9,
0,1,0,4370,9983.72,1,0,1,25781,10204.2,
2,3,2,4383,103340,18,6,12,9866.62,29128.6,
0,1,0,4385,11098.4,2,0,2,25710.2,5193.76,
2,3,2,4399,122710,19,5,14,12260.3,17156.1,
0,1,0,4416,7922.16,1,0,1,1969.73,5905.29,
2,3,2,4426,157256,22,5,17,868.799,7386.47,
3,4,3,4429,68233.8,12,4,8,16591.1,11828.8,
0,1,0,4440,32085.5,4,0,4,5972.77,28543.3,
0,1,0,4441,9028.89,1,0,1,13237.9,10534.3,
1,2,1,4458,58494.7,8,2,6,26833.2,2927.75,
1,2,1,4459,35031,11,7,4,16344.9,6491.51,
2,3,2,4470,77084,10,2,8,1053.87,19658.2,
0,1,0,4476,19372.6,2,0,2,27684.4,7659.97,
1,2,1,4504,51723.6,8,1,7,19557.8,18815.1,
4,5,4,4518,284888,53,20,33,30620.5,17704.6,
0,1,0,4527,62244.5,6,0,6,31969.2,15172,
1,2,1,4551,33900.8,6,2,4,6935.87,3621.13,
0,1,0,4587,57506.8,5,0,5,3048.3,7041.59,
2,3,2,4626,178018,25,4,21,17534.9,17320.6,
0,1,0,4627,20902.9,3,0,3,9855.68,11709.6,
0,1,0,4627,6724.29,1,0,1,25482.6,28592.9,
0,1,0,4639,32263.5,3,0,3,14356.1,12036.8,
0,1,0,4646,10468.9,1,0,1,15315.6,8853.01,
2,3,2,4667,112645,30,16,14,26759.6,31300.6,
0,1,0,4695,6221.15,1,0,1,22463.9,31468.6,
1,2,1,4720,92069.2,10,1,9,4965.22,30325.9,
1,2,1,4728,43856.5,6,2,4,5017.66,31384,
1,2,1,4744,73697.3,14,4,10,15946.7,9211.47,
3,4,3,4750,67920.3,28,19,9,29098.4,14632.9,
0,1,0,4754,23913,2,0,2,17345.5,31897.1,
1,2,1,4766,44670.3,6,2,4,32047.1,15705.7,
0,1,0,4773,8410.08,1,0,1,21601.8,14759.6,
0,1,0,4782,11717.5,1,0,1,29090.5,19093.7,
0,1,0,4784,30799.8,4,0,4,25642.2,10950.1,
1,2,1,4810,93791.2,10,1,9,15659.4,14467.4,
0,1,0,4844,23198.6,2,0,2,32236.4,29770.3,
1,2,1,4852,58024.8,9,3,6,27269.3,10853.4,
3,4,3,4855,77075.3,28,19,9,9487.71,8833.56,
0,1,0,4861,6341.13,1,0,1,29615.7,21636.1,
2,3,2,4862,84942.1,18,9,9,7930.08,29453.4,
3,4,3,4870,125639,26,12,14,6056.79,14143.3,
3,4,3,4882,290411,39,6,33,22090,23715.7,
4,5,4,4885,124890,25,13,12,7244.99,15707.4,
4,5,4,4886,236359,41,17,24,11321,16129,
1,2,1,4887,57093.9,7,1,6,18689,6265.34,
0,1,0,4903,10188,1,0,1,24048.1,10839.1,
1,2,1,4905,129240,18,5,13,30413.5,10023.1,
0,1,0,4936,53764,7,0,7,24445.2,30430.1,
2,3,2,4938,111438,19,4,15,2278.03,30326.7,
5,6,5,4953,152616,29,11,18,7484.25,27534.6,
0,1,0,4953,10118.6,1,0,1,6221.05,24566.9,
0,1,0,4953,46093.9,6,0,6,30666.4,12452.7,
2,3,2,4987,85771.8,14,5,9,23904.8,6084.1,
