# seq OFF,# seq ON,blinks,frame,intensity,lifetime,total OFF,total ON,x,y,
7,8,7,1,320656,177,117,60,25469.7,9552.12,
27,28,27,1,843885,1122,974,148,17567.8,21823,
4,5,4,1,545397,220,120,100,18081.8,2988.05,
93,94,93,1,824013,2856,2692,164,24777,7342.48,
1,2,1,1,107923,42,21,21,28413,4327.18,
1,2,1,1,145060,38,11,27,3270.72,11760,
62,63,62,1,837162,2005,1853,152,14845.8,28934.9,
18,19,18,1,738800,227,91,136,28190.2,13880.9,
4,5,4,1,58761.2,81,69,12,38068.4,15859,
1,2,1,1,35106.3,39,33,6,11078.8,14638.1,
2,3,2,1,190836,125,91,34,15446.1,8771.09,
20,21,20,1,726658,220,111,109,39144.7,5880.52,
11,12,11,1,372209,216,143,73,9018,9518.31,
522,524,523,1,1.27404e+07,3000,662,2338,39179.7,31152.9,
4,5,4,1,98745.2,66,47,19,10852.6,1108.53,
679,681,680,1,5.39195e+06,3000,1991,1009,16042.5,4151.37,
4,5,4,1,172853,100,64,36,4066.82,3761.7,
21,22,21,1,327442,476,415,61,19674.6,2876.09,
11,12,11,1,1.0334e+06,358,170,188,3079.61,21513,
14,16,15,1,1.61677e+07,3000,15,2985,24505.6,19933.1,
31,32,31,1,1.26067e+06,475,235,240,33694.4,28532.7,
46,47,46,1,606650,434,322,112,25068,33489.8,
5,6,5,1,351451,238,172,66,15323.9,5771.09,
12,13,12,1,116908,345,321,24,26690.5,32970.4,
22,23,22,1,489056,168,71,97,22266.8,32115.6,
0,1,0,1,57770.4,10,0,10,23519.9,20630.9,
10,11,10,1,431858,258,174,84,4225.62,1868.73,
4,5,4,1,160512,98,68,30,13920.2,6896.44,
1,2,1,1,16359.1,23,21,2,6334.43,9867.82,
4,5,4,1,28413.4,432,426,6,29659.3,34437.8,
19,20,19,1,585828,560,446,114,20769.4,10424.5,
4,5,4,1,221896,118,78,40,12781.2,8825.34,
6,7,6,1,179736,54,19,35,10415.7,20145.6,
0,1,0,2,8995.76,3,0,3,38496.9,17810.6,
19,21,20,2,720354,2999,2855,144,7187.73,10021,
16,17,16,2,131104,460,434,26,24250.6,35017.1,
23,24,23,2,138599,1353,1328,25,27262.7,38618.3,
21,22,21,2,295012,306,248,58,8976.43,7622.5,
9,10,9,2,67928,161,150,11,7360.23,17508.8,
14,15,14,2,210396,207,172,35,39921.5,27563.4,
2,3,2,3,24777.8,131,127,4,22457.4,32137,
6,7,6,3,31294.3,323,316,7,24802.7,32366.9,
97,98,97,3,1.33402e+06,741,484,257,37106.1,37422.6,
36,37,36,3,231300,836,789,47,10738.9,21377.2,
14,15,14,3,570104,357,242,115,30591.1,17959.2,
31,32,31,4,238257,272,231,41,9700.89,34926.2,
55,56,55,4,306097,2833,2776,57,34226,36735.6,
42,43,42,4,296187,714,658,56,2546.53,16531.6,
20,21,20,4,155265,736,705,31,14879.5,14935.5,
25,26,25,5,724350,408,265,143,16469.5,19496.8,
6,7,6,5,151396,66,41,25,37355.8,19861.5,
32,33,32,5,583571,457,344,113,34282.7,25018.5,
41,42,41,5,613632,343,237,106,9731.36,33369.9,
4,5,4,6,485712,164,76,88,32702.1,3865.14,
2,3,2,6,29113.9,27,21,6,2972.1,14810.3,
3,4,3,6,290973,1840,1791,49,15178.8,6671.43,
11,12,11,6,502861,287,188,99,11132.8,2979.54,
53,54,53,6,315174,822,758,64,1096.68,38926,
7,8,7,6,235474,174,130,44,40132.7,1315.4,
1,2,1,6,22193.6,50,46,4,18482.3,6094.13,
0,1,0,7,2672.56,1,0,1,29196.9,31840.3,
1,2,1,8,37081.7,34,26,8,3875.22,14522,
2,3,2,8,21840.5,30,26,4,9281.57,26355.4,
24,25,24,9,318499,226,164,62,28416.8,33321.2,
64,65,64,9,715816,733,592,141,9851.39,12206.8,
0,1,0,9,5494.37,1,0,1,33900.9,38339.3,
7,8,7,9,157511,144,112,32,13444.5,35568,
86,87,86,9,709609,847,712,135,36824.7,33423.6,
2,3,2,9,11474.5,89,86,3,24158.8,35086.2,
13,14,13,9,122281,239,214,25,30401.6,23431,
0,1,0,10,48147.4,8,0,8,5205.45,4106.22,
20,21,20,10,143790,992,962,30,35652.7,19178,
55,56,55,10,667218,2220,2090,130,28665,33167.8,
4,5,4,11,36712.7,16,7,9,11705.8,10619.1,
8,9,8,11,405206,173,89,84,10378,15547.3,
14,15,14,11,1.46804e+06,382,107,275,19125.5,10726.4,
3,4,3,12,128490,30,5,25,4826.56,5220.57,
3,4,3,12,60846.7,27,16,11,24944.2,29023.9,
5,6,5,12,33791.3,206,199,7,28865.1,23025.7,
0,1,0,14,9882.5,1,0,1,29112.9,31692.5,
4,5,4,14,148050,72,43,29,7326.34,18596.4,
1,2,1,14,86052,25,8,17,16548.4,21324.7,
22,23,22,14,727108,672,551,121,21035.5,28143.5,
1,2,1,15,10079.5,532,530,2,29581.5,13019.6,
25,26,25,15,151612,2893,2867,26,16112.8,4119.79,
53,54,53,15,371809,385,316,69,32001.4,39559.1,
11,12,11,16,309013,219,158,61,35959.3,10020.4,
0,1,0,18,4064.69,1,0,1,32039,39603.6,
46,47,46,18,322906,952,886,66,3774.55,9014.77,
0,1,0,18,9512.25,2,0,2,4831.12,5219.42,
0,1,0,19,4249.28,1,0,1,3302.64,7239.06,
40,41,40,19,1.13729e+06,521,297,224,14642.9,30537,
0,1,0,20,5124.4,1,0,1,4241.69,3159.98,
4,5,4,20,43187.3,707,699,8,1883.23,13232.3,
29,30,29,20,312036,1670,1603,67,29301.5,31183.4,
22,23,22,20,183104,356,320,36,15411.5,31525.1,
70,71,70,20,533712,437,331,106,1793.25,36314.1,
4,5,4,20,55774.6,42,32,10,38665.2,1090.32,
32,33,32,21,262164,221,166,55,7736.48,34022.4,
4,5,4,21,30808.6,56,50,6,14699.2,35842.6,
3,4,3,21,20729.2,54,49,5,27942.1,4846.42,
0,1,0,21,4570.28,1,0,1,29360.8,31342.9,
6,7,6,21,42354.3,66,58,8,32946.7,39352.1,
0,1,0,22,6244.64,1,0,1,14885.3,14827.7,
5,6,5,22,533043,160,52,108,29224.8,9119.65,
0,1,0,22,3879.34,1,0,1,4217.46,1669.61,
2,3,2,23,21432.5,391,388,3,25008,33414.6,
0,1,0,23,6556.58,1,0,1,20971.1,21398.6,
24,25,24,24,262023,212,162,50,9609.05,38402.4,
13,14,13,25,108310,133,114,19,1971.92,33096.6,
4,5,4,29,19395.6,188,183,5,32643.3,27350.8,
2,3,2,29,14739.7,780,777,3,36677.7,33549.8,
3,4,3,30,53280.8,14,4,10,34848,24721.1,
0,1,0,31,4684.3,1,0,1,30571.9,7360.91,
2,3,2,31,31448,151,146,5,27546.3,34352,
1,2,1,31,10439.4,517,515,2,36958.7,37365.7,
0,1,0,31,4776.49,1,0,1,32727.2,27548.1,
0,1,0,32,5203.61,1,0,1,9613.93,38563.4,
3,4,3,32,130582,39,14,25,11659.3,27176.6,
13,14,13,33,90311.1,389,374,15,29695.8,34397.7,
4,5,4,33,25044.9,412,407,5,7364.58,32243.9,
1,2,1,36,8106.74,22,20,2,24372.4,19739.9,
44,45,44,36,297513,842,781,61,15098,9757.12,
6,7,6,38,36295.3,67,60,7,35665.2,38353.7,
51,52,51,39,385238,2874,2798,76,19841,32993.7,
9,10,9,39,226231,201,158,43,24356.9,8069.42,
40,41,40,39,1.0137e+06,449,260,189,24905.9,24744.8,
0,1,0,40,5338.14,1,0,1,39103.8,5746.09,
10,11,10,41,188313,2544,2502,42,21001.3,19926.9,
0,1,0,41,5213.48,1,0,1,11698.3,33798,
29,30,29,43,230381,1453,1408,45,23786.9,18520.3,
0,1,0,43,3978.71,1,0,1,34463.7,6187.81,
7,8,7,44,67684.5,164,149,15,29982.1,34865.7,
0,1,0,44,7745.81,2,0,2,14572.1,35251.8,
10,11,10,46,252011,1299,1246,53,32503.9,20596.1,
14,15,14,47,96026.2,2831,2812,19,25345.6,27967,
1,2,1,49,11958.7,169,167,2,20743.2,10342.8,
1,2,1,50,10324,329,327,2,31978.3,39405.4,
0,1,0,50,5209.72,1,0,1,2605.01,29768.7,
7,8,7,51,63024.1,24,12,12,35494.4,5638.75,
15,16,15,51,79814.2,420,404,16,1850.17,39777.8,
17,18,17,52,126496,254,226,28,24676.6,26991.3,
1,2,1,52,14402.7,4,2,2,33517.7,23182.2,
0,1,0,52,8496.49,1,0,1,18416.6,6100.65,
1,2,1,55,58412.3,16,4,12,28312.7,16142.9,
0,1,0,56,2992.45,1,0,1,31871.4,39636.4,
15,16,15,58,468715,269,180,89,17491.1,17164.3,
2,3,2,58,298679,113,50,63,30363.5,5288.63,
1,2,1,58,79946.7,25,23,2,21002.6,1798,
36,37,36,60,1.27916e+06,2592,2348,244,12505.4,6518.52,
3,4,3,60,452622,98,9,89,30570.6,8275.93,
16,17,16,61,180722,162,128,34,8020.4,12241.8,
0,1,0,61,3581.86,1,0,1,19117.7,9534.26,
25,26,25,62,454204,247,155,92,13344.8,12930.3,
0,1,0,64,5463.29,1,0,1,9115.99,951.773,
12,13,12,64,59510.9,2747,2734,13,28675.1,11986.4,
1,2,1,67,8300.77,59,57,2,7211.47,32286.5,
20,21,20,68,576254,214,100,114,8709.54,21730.2,
0,1,0,68,6943.1,1,0,1,1983.49,13094.7,
51,52,51,68,652329,1328,1197,131,14663,33851.6,
0,1,0,72,6038.77,1,0,1,18212.5,5789.91,
95,96,95,72,2.43128e+06,692,226,466,8504.72,24733.1,
1,2,1,72,12987.3,39,37,2,19748.8,2747.15,
0,1,0,74,4725.68,1,0,1,20374.1,28340.7,
18,19,18,76,652497,786,655,131,11871.6,8075.32,
39,40,39,76,363018,1146,1075,71,20611.5,38724.2,
2,3,2,78,24427.7,25,20,5,38307.6,12374.9,
0,1,0,79,7542.99,1,0,1,38192.4,15747.6,
39,40,39,83,538353,461,355,106,8400.9,25511.6,
26,27,26,85,334137,173,110,63,28922.9,36645.7,
3,4,3,86,23908.7,1229,1224,5,3963.93,8996.79,
13,14,13,87,174294,77,45,32,2881.46,24858.7,
0,1,0,89,5120.06,1,0,1,21048.5,7790.14,
0,1,0,90,6287.42,1,0,1,39390.9,8205.7,
8,9,8,90,147570,665,639,26,24302.2,4760.81,
0,1,0,90,5742.53,1,0,1,6569.65,9651.4,
4,5,4,90,24605,109,103,6,18889.6,27505,
31,32,31,91,339820,757,694,63,30572.4,36975.3,
32,33,32,91,378487,512,446,66,37768.3,34367.8,
0,1,0,92,3855.41,1,0,1,35513.6,38302.2,
43,44,43,92,283084,2407,2355,52,8506.82,26875.3,
31,32,31,94,1.35859e+06,1187,933,254,10988.9,12824.7,
0,1,0,94,3227.55,1,0,1,30568,37038.5,
0,1,0,95,3466.24,1,0,1,21092.6,35756.1,
8,9,8,95,40186.7,2606,2597,9,2132.47,32826.1,
0,1,0,96,6015.96,1,0,1,7677.87,33871.7,
0,1,0,96,3823.57,1,0,1,19192.3,10864.1,
0,1,0,97,4427.88,1,0,1,35567.5,38536.6,
25,26,25,97,452259,260,175,85,19963.4,33707,
0,1,0,98,4296.71,1,0,1,25477.1,26665.3,
17,18,17,98,122008,170,148,22,4373.53,32349.3,
30,31,30,99,203491,433,390,43,32853,5786.25,
27,28,27,101,146188,2856,2825,31,30415.9,17698.8,
0,1,0,103,10245.7,1,0,1,18050,5934.28,
23,25,24,105,808872,2896,2773,123,34097.5,16516.2,
0,1,0,106,3912.22,1,0,1,12612.5,523.437,
0,1,0,106,4838.46,1,0,1,21001.5,10505.2,
5,6,5,107,164783,51,20,31,8947.39,13026.8,
0,1,0,108,8647.18,1,0,1,8885.61,12857.8,
17,18,17,111,110267,333,312,21,9016.75,39619.7,
6,7,6,111,58938.2,42,30,12,4387.74,27406.2,
1,2,1,113,5217.11,970,968,2,11018.1,12937.4,
1,2,1,113,11565.1,148,146,2,8563.77,25440.6,
6,7,6,113,63713.9,121,108,13,30664,21954.3,
100,101,100,113,955666,1691,1501,190,5523.5,31812.3,
0,1,0,116,2765.7,1,0,1,25675.9,6379.13,
10,11,10,117,102331,135,116,19,39056.6,32082.2,
4,5,4,118,43831,63,55,8,30653.6,22032.7,
23,24,23,121,202559,175,133,42,29064.5,33066.1,
16,17,16,124,142481,280,253,27,25732.7,24251.5,
40,41,40,128,386448,238,164,74,9599.39,1230.39,
0,1,0,129,8645.97,1,0,1,33762.3,28450.1,
0,1,0,131,7241.69,1,0,1,12287,793.722,
0,1,0,132,5770.44,1,0,1,9451.57,38253.5,
2,3,2,134,19066.6,926,922,4,27800.2,22133.7,
15,16,15,135,747690,385,253,132,27810.4,4416.87,
0,1,0,136,3881.6,1,0,1,36815.7,25814.4,
0,1,0,138,24107.8,1,0,1,12210.3,998.447,
8,9,8,139,449287,132,48,84,37082.5,1188.65,
30,31,30,141,767446,1154,1006,148,22273.6,8370.3,
11,12,11,144,100457,184,165,19,40180.7,33310.5,
0,1,0,146,3311.5,1,0,1,29143.1,33224.6,
1,2,1,150,53746.5,11,1,10,18639.3,30305.8,
10,11,10,150,238034,76,32,44,12772.9,32615.7,
0,1,0,152,3136.02,1,0,1,16304.2,4095.29,
6,7,6,152,44051.1,1820,1812,8,1195.57,40244.5,
10,11,10,154,73419.8,2236,2225,11,39073.6,31133.7,
0,1,0,155,4747.57,1,0,1,23062,35966.6,
22,23,22,155,198183,618,587,31,30023.5,13788.8,
5,6,5,156,132972,89,63,26,10061,26909.7,
14,15,14,156,306176,244,182,62,30844.3,22477.4,
4,5,4,156,48802.6,83,73,10,9180.44,17188,
0,1,0,161,4474.79,1,0,1,3043.87,24918.5,
0,1,0,161,4745.41,2,0,2,30392.7,23534.6,
17,18,17,164,936223,484,311,173,13008.1,10136.5,
1,2,1,166,13603.7,20,17,3,9750.91,28210.9,
0,1,0,167,5317.19,1,0,1,4389.29,32487.8,
17,18,17,168,442724,208,125,83,12544.8,8098.96,
1,2,1,169,12440.5,17,14,3,22434.1,23033.1,
1,2,1,169,14665.2,1695,1693,2,28871.3,33233.6,
6,7,6,170,36713.5,2780,2773,7,5997.64,29037.2,
4,5,4,170,32832.6,14,8,6,30763,22202.2,
1,2,1,171,10440.8,220,218,2,30801.1,22355.6,
0,1,0,173,6300.02,1,0,1,9719.96,34716.2,
2,3,2,173,22601.2,11,7,4,12122.6,22467.8,
0,1,0,173,7261.49,1,0,1,25978.6,15769.3,
0,1,0,180,5102.1,1,0,1,28790.4,36588.9,
19,20,19,182,206717,456,417,39,33009.2,29315.7,
10,11,10,185,84625.4,2780,2763,17,18738.5,4292.79,
13,14,13,186,152297,530,502,28,19278.1,18391.5,
0,1,0,192,4916.9,1,0,1,9437.46,11377.7,
2,3,2,192,13264.5,76,73,3,19404.7,18245.1,
0,1,0,192,6204.8,1,0,1,17729.3,21842.3,
13,14,13,194,274581,892,841,51,3647.45,13222.7,
8,9,8,197,400801,232,169,63,20757.9,9634.25,
0,1,0,198,3860.18,1,0,1,39292.7,18148.4,
10,11,10,200,408875,617,535,82,39983.6,5858.28,
0,1,0,200,4626.13,1,0,1,39177,32147.1,
47,48,47,200,282272,1626,1574,52,3222.41,26006.7,
8,9,8,201,303354,171,119,52,10989.1,1737.75,
1,2,1,203,16414.9,5,1,4,9539.8,27506.3,
4,5,4,204,154262,88,56,32,22491.1,20042.8,
0,1,0,205,5397.87,1,0,1,34054.6,16512.8,
0,1,0,207,4879.39,1,0,1,8766.83,21891.7,
0,1,0,207,6915.52,1,0,1,24222.9,25375.5,
0,1,0,209,5367.93,1,0,1,4305.41,32210.5,
0,1,0,209,5348.1,1,0,1,12230.2,514.752,
6,7,6,209,35693.1,125,118,7,1716.33,29843.9,
82,83,82,212,1.05587e+06,1439,1234,205,7475.46,3259.53,
0,1,0,221,5256.44,1,0,1,9456.01,38507.9,
11,12,11,224,82215.2,91,74,17,18171.2,16102.8,
1,2,1,224,12630,1615,1613,2,24844.8,7545.57,
0,1,0,225,2549.17,1,0,1,11062,1883.3,
0,1,0,228,5487.94,1,0,1,37096.4,1357.21,
0,1,0,230,3445.96,1,0,1,7618.19,34072,
0,1,0,230,9847.37,1,0,1,24408.9,8303.3,
8,9,8,231,40464,2170,2161,9,15956.7,4084.13,
0,1,0,235,4201.17,1,0,1,13400.1,12686.7,
1,2,1,236,10921,295,293,2,14704.5,30441.1,
9,10,9,236,90534.5,143,126,17,17682.3,2345.32,
101,102,101,237,1.5442e+06,676,374,302,15988.9,30815.8,
2,3,2,238,25500.2,11,7,4,4169.3,18576.8,
0,1,0,239,6190.88,1,0,1,9523,12911.2,
0,1,0,240,13202.9,2,0,2,10365.5,23839.2,
16,17,16,241,759375,342,185,157,28478.6,20255.9,
0,1,0,241,5003.41,1,0,1,7204.37,32117.1,
31,32,31,241,276677,312,262,50,29186.2,25522.6,
71,72,71,242,573613,1187,1079,108,15744.1,38007.7,
0,1,0,243,2814.12,1,0,1,4273.46,8993.41,
0,1,0,243,3466.61,1,0,1,38597.6,16452.9,
0,1,0,245,3915.59,1,0,1,3338.35,30353.6,
1,2,1,246,10504.1,28,26,2,15875.5,30893,
0,1,0,246,4560.17,1,0,1,36098.6,28965.4,
17,18,17,247,131008,437,412,25,18463.8,29460.3,
2,3,2,248,16768.2,250,247,3,15762.9,37934.4,
4,5,4,249,24698.3,40,34,6,21743,1076.16,
12,13,12,249,173491,2744,2710,34,8416.52,21881.9,
6,7,6,251,31885.6,1568,1561,7,39312.6,31244.2,
2,3,2,251,18625.5,615,612,3,31575.8,8195.99,
2,3,2,256,57219,34,22,12,25599.6,23482.7,
0,1,0,256,2343.16,1,0,1,38612.2,17303.2,
0,1,0,259,7325.56,1,0,1,10729,12709.1,
0,1,0,260,9075.49,1,0,1,1578.15,24471,
0,1,0,261,4262.8,1,0,1,1427.57,6505.16,
10,11,10,263,351767,272,204,68,31991.3,8115.69,
0,1,0,271,3917.77,1,0,1,9822.83,1158.11,
0,1,0,274,5545.62,1,0,1,9788.36,34984.8,
0,1,0,276,3124.01,1,0,1,9582.2,34799.5,
1,2,1,276,16871.2,469,466,3,16707.5,21029.5,
0,1,0,277,3555.94,1,0,1,11554.2,26735.5,
3,4,3,277,131145,42,13,29,11235.1,11517,
2,3,2,279,83457.8,28,10,18,36310.2,4822.41,
1,2,1,283,11895.8,3,1,2,10984.5,11931.3,
0,1,0,284,4542.45,1,0,1,11103.9,11966.4,
0,1,0,285,5157.59,1,0,1,19742.8,33838.2,
2,3,2,285,42708.2,1550,1540,10,4451.58,24187.5,
0,1,0,286,5761.38,1,0,1,16229,30905,
0,1,0,286,4332.44,1,0,1,34852.6,34748,
6,7,6,287,32055.9,93,85,8,6173.16,30258.7,
63,64,63,288,1.30239e+06,1074,828,246,10454.2,29810.4,
0,1,0,290,4768.77,1,0,1,17727.3,2447.47,
1,2,1,291,9065.46,273,271,2,16056.3,30976.9,
16,17,16,293,338389,90,25,65,18218,31946.9,
30,31,30,294,403817,407,334,73,9712.43,30458.1,
0,1,0,297,3135.71,1,0,1,1672.2,29965.7,
85,86,85,299,1.11699e+06,1161,935,226,32044.5,21121.8,
3,4,3,301,115845,69,42,27,21325.1,17588.1,
1,2,1,301,9246.74,1157,1155,2,3395.4,26083,
97,98,97,301,1.70855e+06,1356,1007,349,18923.6,17585.9,
3,4,3,303,20941.1,776,771,5,28357.1,19988.3,
0,1,0,303,3413.86,1,0,1,10471.6,29493.3,
4,5,4,306,21344.8,600,595,5,4626.91,39105,
0,1,0,307,4699.78,1,0,1,6999.07,18783.7,
2,3,2,309,49062.2,54,45,9,17542.1,21080.1,
2,3,2,310,12574.3,8,5,3,896.784,37073.2,
0,1,0,310,3552.14,1,0,1,9692.33,30293.3,
1,2,1,311,46191.6,9,1,8,6344.76,7580.74,
8,9,8,316,391270,238,157,81,23704.1,12985.5,
0,1,0,317,6960.72,1,0,1,37898.3,34419,
7,8,7,319,44720.1,1399,1390,9,18342.4,1715.82,
10,11,10,320,239316,198,150,48,3632.15,20294.2,
15,16,15,321,329036,333,268,65,35473.3,6695.98,
1,2,1,326,7849.59,134,132,2,9143.91,7126.58,
1,2,1,327,32755.4,1280,1273,7,13990,12059.9,
36,37,36,330,335670,1295,1230,65,31203.1,24056.7,
33,34,33,333,315683,545,480,65,20595.2,38741,
8,9,8,337,408193,131,52,79,9439.36,6891.75,
1,2,1,338,25777.9,6,1,5,24071,12086.6,
29,30,29,340,558244,558,444,114,11299,25207.4,
7,8,7,341,74031.5,343,327,16,5252.48,29005.2,
14,15,14,344,108731,229,205,24,9190.46,31703.5,
17,18,17,348,652910,312,182,130,18265.6,4854.94,
1,2,1,349,8519.19,341,339,2,37096.4,37578.1,
0,1,0,350,2795.92,1,0,1,18365.9,32011,
1,2,1,352,9772.92,6,4,2,40316.7,4878.8,
3,4,3,352,120855,54,29,25,6691.47,20996.8,
0,1,0,352,7833.31,2,0,2,30682.9,18008.6,
5,6,5,352,41713.7,47,38,9,10580.8,23662.2,
1,2,1,353,8168.38,30,28,2,6092.97,30379.8,
2,3,2,355,13874.5,1056,1053,3,30853.5,6391.48,
16,17,16,355,246046,259,214,45,12647.8,28625.9,
0,1,0,358,6315.45,1,0,1,29674.5,17091.1,
17,18,17,359,79858.5,2608,2590,18,32816.5,2591.87,
18,19,18,359,203860,212,169,43,24773,4684.77,
12,13,12,360,104480,100,80,20,14283.2,37610.2,
38,39,38,361,1.55311e+06,853,534,319,9174.75,12700.3,
0,1,0,362,1940.67,1,0,1,27733.7,29712.1,
8,9,8,362,64536.8,80,68,12,35647,23450.9,
0,1,0,362,4702.48,1,0,1,9259.18,12799.5,
3,4,3,364,26132.2,1992,1987,5,6543.6,21127.9,
17,18,17,364,193713,207,168,39,24024.4,16083,
7,8,7,364,42658.2,2352,2343,9,16032.8,4269.9,
0,1,0,364,3362.97,1,0,1,24712.4,4542.53,
23,24,23,365,810757,849,682,167,21388.2,24275.5,
28,29,28,365,219457,424,380,44,36494,12970.2,
0,1,0,368,4834.16,1,0,1,7811.64,17581.6,
0,1,0,368,5391.36,1,0,1,20612.4,10470.4,
0,1,0,370,3597.58,1,0,1,1765.42,36196.6,
0,1,0,372,5143.75,1,0,1,35670.9,15360.9,
1,2,1,372,9556.51,43,41,2,35572.2,30191.7,
0,1,0,373,2418.28,1,0,1,10674.7,21226.4,
0,1,0,376,3383.64,1,0,1,27080.7,19331.9,
9,10,9,376,426960,193,101,92,13559.6,27521.4,
4,5,4,376,34040.6,95,87,8,26497.9,23522.9,
0,1,0,376,7084.19,1,0,1,2394.48,38623.1,
4,5,4,377,384419,155,74,81,2245.64,2916.86,
0,1,0,380,3351.62,1,0,1,14684.2,13221,
9,10,9,380,77120.5,202,186,16,2944.41,20326.4,
38,39,38,381,514197,1557,1467,90,30802,19586.1,
1,2,1,381,8078.03,11,9,2,9376.7,6910.11,
0,1,0,382,4212.79,1,0,1,17208.9,8309.67,
0,1,0,382,10471.3,2,0,2,24293.5,24905,
0,1,0,383,4469.12,1,0,1,25547.5,25862,
0,1,0,386,3303.18,1,0,1,25630,24358.6,
0,1,0,386,3370.11,1,0,1,3152.42,9205.37,
0,1,0,386,7857.27,1,0,1,20378.9,23840.2,
4,5,4,387,26535.9,2200,2194,6,22030,23074.9,
124,125,124,392,1.33735e+06,2446,2185,261,24630.9,31904.6,
18,19,18,394,416081,229,147,82,22103.2,23511.2,
12,13,12,398,81773.9,442,425,17,9373.32,19178.6,
19,20,19,403,207232,835,796,39,13712.2,21861.3,
0,1,0,404,3360.64,1,0,1,1658.94,36327.1,
0,1,0,406,2539.65,1,0,1,31001.5,25582.8,
4,5,4,406,162738,64,36,28,30811,12281.5,
8,9,8,407,109177,151,125,26,28800.9,33920.8,
54,55,54,409,1.12601e+06,504,296,208,6040.58,26266.4,
0,1,0,410,3733.65,1,0,1,29625.3,16815.6,
0,1,0,410,2722.87,1,0,1,19966.7,32517.8,
1,2,1,411,14569.6,1990,1987,3,27933,5977.77,
5,6,5,416,250533,94,50,44,8238.64,15530.6,
1,2,1,417,21763.9,337,334,3,27211.9,1503.28,
5,6,5,419,41574.9,524,516,8,32127.5,37563.8,
0,1,0,422,7653.36,1,0,1,14644,30686.3,
8,9,8,422,54984.8,168,159,9,17097.6,8984.48,
8,9,8,425,48025.5,1213,1204,9,31237.4,24328.4,
1,2,1,425,13479.3,4,2,2,12316.5,6723.09,
3,4,3,430,16437,2450,2446,4,39189.4,31006.9,
0,1,0,432,5774.32,1,0,1,28928.3,33960.4,
0,1,0,434,2914.71,1,0,1,34124.6,25053.5,
1,2,1,436,6562.47,1410,1408,2,31249.7,23868.8,
5,6,5,436,38188.7,2407,2401,6,28985.4,15886.8,
59,60,59,437,474568,1117,1032,85,3850.3,15677.2,
1,2,1,439,42557.8,14,5,9,17605.4,4030.13,
0,1,0,439,8679.02,2,0,2,13857.3,15257.3,
17,18,17,440,284758,251,197,54,39821,8832.05,
0,1,0,442,8898.15,2,0,2,14130.6,21430.7,
0,1,0,445,6041.07,1,0,1,4584.76,39233.5,
0,1,0,445,6610.49,1,0,1,9099.71,39444.4,
16,17,16,446,738735,331,191,140,14328.6,2573.54,
10,11,10,447,61950.8,769,758,11,15432,39911.7,
0,1,0,449,8552.32,2,0,2,28059,15773.1,
3,4,3,450,58087.9,207,198,9,16200.3,4666.78,
0,1,0,451,8183.01,1,0,1,8510.21,24949,
51,52,51,451,1.10214e+06,607,397,210,16380.2,33729.2,
6,7,6,452,161699,60,29,31,39642.1,19584.7,
1,2,1,454,7467.73,1750,1748,2,37452.8,8169.15,
12,13,12,455,99648.5,85,67,18,39793.5,33907.8,
0,1,0,455,5664.44,1,0,1,15178.1,29849.2,
0,1,0,456,3124.14,1,0,1,17858.1,2924.79,
8,9,8,458,43521.7,523,514,9,7535.42,3259.95,
1,2,1,459,19091.4,7,4,3,3883.43,15767,
0,1,0,465,5616.71,1,0,1,20608,29528.3,
6,7,6,466,237521,1058,1008,50,3250.88,4280.58,
3,4,3,466,20031.1,8,3,5,34267.7,24070.3,
0,1,0,466,9605.9,1,0,1,15312,40033,
1,2,1,467,6497.24,906,904,2,3293.48,4348.76,
22,23,22,467,600657,448,330,118,28302.1,6618.71,
0,1,0,470,3599.7,1,0,1,14900.3,18536.8,
19,20,19,475,412691,311,242,69,36980.6,26678.2,
0,1,0,475,23088,4,0,4,4223.75,4845.23,
0,1,0,476,5024.14,1,0,1,36850.8,33301.5,
0,1,0,478,3844.1,1,0,1,8714.49,24731.8,
60,61,60,478,464910,469,388,81,28751.4,40042.1,
0,1,0,480,4974.19,1,0,1,28452.3,20415.9,
1,2,1,481,19268.9,6,1,5,12496.7,6506.69,
2,3,2,481,18389.3,11,6,5,33868.8,30071.6,
6,7,6,482,185176,77,46,31,15450,17301.1,
4,5,4,483,46054,52,42,10,3738.51,6202.71,
3,4,3,483,44607.6,1136,1127,9,7287.8,3137.89,
1,2,1,484,28578.9,15,10,5,40087.4,5796.19,
33,34,33,491,320882,197,133,64,28719.3,35500.2,
0,1,0,492,2175.41,1,0,1,33750.8,29969.3,
0,1,0,493,4852.95,1,0,1,36258.9,12820.3,
31,32,31,500,452787,591,504,87,23019.6,24060.1,
8,9,8,501,106589,153,130,23,26383.5,3544.79,
8,9,8,502,231207,1264,1221,43,15420.4,12086.1,
0,1,0,504,5153,1,0,1,39679,19736.4,
1,2,1,505,7580.27,161,159,2,24139.2,4588.43,
0,1,0,508,23727.6,4,0,4,10922.7,10784.8,
13,14,13,510,163186,274,241,33,17747.4,8947.27,
3,4,3,511,68391.9,25,11,14,22580.6,878.644,
0,1,0,512,9136.91,2,0,2,15113.1,9277.72,
5,6,5,512,170682,72,38,34,29837.5,7083.18,
120,121,120,513,1.00262e+06,2471,2277,194,5918.84,16205,
0,1,0,514,7645.89,1,0,1,13413.6,8905.82,
0,1,0,518,4541.57,1,0,1,14923.8,9651.9,
2,3,2,523,143023,55,30,25,2495.35,7777.46,
56,57,56,523,559590,338,228,110,18844.4,26179.9,
0,1,0,524,3695.63,1,0,1,1419.43,39321.3,
1,2,1,524,11683.4,23,21,2,17065.4,1024.23,
132,133,132,526,1.29948e+06,2025,1780,245,21100.8,22747.8,
52,53,52,527,489780,1056,961,95,22926.7,28482.7,
8,9,8,528,165002,62,26,36,10412.6,13090.7,
0,1,0,532,6351.8,1,0,1,18251.3,12511.3,
1,2,1,535,8752.02,7,5,2,24881.9,4787.8,
1,2,1,537,12581.6,13,11,2,40330.3,10798.7,
9,10,9,537,158022,226,196,30,13169.8,11180.9,
1,2,1,537,11139.3,326,324,2,24457.4,31973.3,
4,5,4,540,32666.9,919,914,5,31938.7,21066.4,
2,3,2,541,38005.1,20,12,8,24239.9,27796.3,
54,55,54,543,897854,1530,1357,173,19289.9,26700.2,
0,1,0,543,6163.3,1,0,1,9315.62,19079.4,
13,14,13,544,217761,95,52,43,39907.3,22418.6,
0,1,0,545,5040.71,1,0,1,19227.4,26746.9,
0,1,0,545,3152.92,1,0,1,29321.7,25452.6,
8,9,8,545,83019.3,127,111,16,3947.57,25377.5,
2,3,2,546,18767,18,15,3,18494.9,29454.9,
16,17,16,549,119769,922,897,25,33017.6,36065.5,
3,4,3,549,19680.1,42,37,5,31468,10354.3,
9,10,9,554,455736,222,135,87,30409.5,2083.74,
1,2,1,555,10655.7,3,1,2,28473.6,15267.9,
12,13,12,557,505358,111,17,94,35024,18768,
1,2,1,558,5985.81,167,165,2,30848.8,19469.6,
42,43,42,559,497642,1706,1613,93,28571.9,32404.8,
0,1,0,559,4506.48,1,0,1,34949.1,18712.4,
1,2,1,562,15671.1,13,10,3,9995.13,12292.2,
0,1,0,563,3110.63,1,0,1,24126.7,16026,
0,1,0,563,4570.62,1,0,1,39644.1,9068.8,
1,2,1,565,11205.8,15,13,2,28678.5,32530.6,
0,1,0,567,6832.97,1,0,1,27393.8,38537.8,
2,3,2,572,19225.1,518,515,3,5532.68,31957.3,
1,2,1,574,11997.5,576,573,3,14747.5,33868,
6,7,6,578,61241.9,111,101,10,3229.67,5226.12,
0,1,0,580,3043.59,1,0,1,18335.1,1836.37,
7,8,7,582,466550,190,102,88,8361.58,16961.4,
1,2,1,587,21692.6,4,1,3,9774.08,12125,
10,11,10,587,352646,156,84,72,2677.18,2144.23,
6,7,6,589,254217,102,54,48,1412.88,22557.2,
56,57,56,589,461074,476,385,91,28034.5,23350.5,
8,9,8,591,245220,182,133,49,7087.92,6680.32,
1,2,1,595,236397,49,2,47,17490.4,7328.89,
0,1,0,595,7279.68,2,0,2,38502.6,9243.22,
33,34,33,603,519087,259,155,104,23720.2,32506.4,
57,58,57,604,461318,655,563,92,28247.9,38918.3,
6,7,6,605,224145,213,167,46,15042.8,25684.3,
13,14,13,606,111364,267,245,22,10640.9,37892.5,
0,1,0,614,13822.7,2,0,2,11178.9,26784.2,
0,1,0,616,5148.88,1,0,1,1972.01,39398.4,
24,25,24,616,176951,184,148,36,13250.2,39860,
108,109,108,617,708233,1698,1559,139,38223.4,25958.3,
4,5,4,617,323654,119,57,62,37007.3,6777.69,
0,1,0,619,4598.24,1,0,1,16457.1,33757.6,
13,14,13,624,276681,1446,1392,54,24282.7,11539,
7,8,7,625,463239,212,130,82,17480.3,20123.6,
0,1,0,628,4341.36,1,0,1,21402.8,29244.1,
0,1,0,630,3820.1,1,0,1,28355.9,30405,
33,34,33,630,387561,152,76,76,28507.3,506.586,
0,1,0,631,4196.21,1,0,1,9960.42,12489.2,
4,5,4,632,34407.6,172,167,5,39974.5,34761.4,
1,2,1,635,17327.6,395,391,4,10461,29878.6,
2,3,2,636,14847.5,218,215,3,6148.98,26368,
0,1,0,639,4001.95,1,0,1,10663,8799.82,
0,1,0,640,2725.04,1,0,1,31820.1,508.4,
0,1,0,642,5154.53,1,0,1,18904.3,26264.3,
0,1,0,642,4452.19,1,0,1,14021.8,7640.05,
41,42,41,642,417694,247,178,69,8016.07,34869.5,
16,17,16,644,89778.3,197,177,20,2358.02,25241.4,
0,1,0,644,4447.13,1,0,1,28765.8,40182.9,
0,1,0,647,7901.05,1,0,1,8022.45,34735.2,
16,17,16,652,279595,151,96,55,8070.42,7768.3,
3,4,3,652,34374.4,1073,1067,6,24637.4,7323.82,
0,1,0,657,5689.57,1,0,1,2224.93,25130,
0,1,0,660,3727.78,1,0,1,1754.12,39363,
0,1,0,661,6342.65,1,0,1,24473.3,32183.3,
23,24,23,667,524346,224,121,103,22540.3,21967.9,
64,65,64,668,609570,1597,1466,131,39935.1,27923.9,
1,2,1,671,73930,65,50,15,10213.6,14185.2,
7,8,7,671,99223.9,38,23,15,29553.4,23344.3,
2,3,2,672,115135,69,44,25,33206.4,12268.9,
0,1,0,673,5601.92,1,0,1,40001.8,8939.1,
0,1,0,673,6182.97,1,0,1,8497.98,24603.6,
5,6,5,675,498542,161,81,80,26696.1,17826.1,
0,1,0,675,6501.51,1,0,1,30687.4,19670.7,
0,1,0,677,3721.18,1,0,1,33154.1,12080.5,
0,1,0,678,4876.97,1,0,1,22489,21817.6,
20,21,20,682,250249,315,266,49,32241.7,29049.6,
2,3,2,682,19577.5,6,3,3,29616.4,23379.9,
0,1,0,685,4371.4,1,0,1,36771.3,19022.1,
1,2,1,686,121971,26,4,22,15897.3,6370.56,
4,5,4,686,39126.1,634,626,8,16037.1,21965.9,
38,39,38,689,899732,458,285,173,6718.48,20675.8,
2,3,2,694,19832.2,10,6,4,21087.8,28155.4,
1,2,1,695,8650.44,69,67,2,39209.8,19224.8,
0,1,0,700,3919.22,1,0,1,6405.04,19528.2,
2,3,2,701,11598,83,80,3,1114.69,39131.5,
2,3,2,706,36959.3,42,35,7,22475.4,28100.2,
30,31,30,707,634424,384,260,124,19545.4,34926.6,
2,3,2,711,13551.6,122,119,3,28131.5,23226.9,
0,1,0,712,2976.56,1,0,1,16011.8,6202.36,
11,12,11,713,89342.4,689,671,18,32053.1,17675.6,
10,11,10,714,132302,240,218,22,13195.2,38409.7,
16,17,16,715,263839,467,417,50,16151.5,5819.2,
0,1,0,715,9147.08,2,0,2,13417,4154.73,
0,1,0,715,5652.11,1,0,1,29938.8,13657.3,
0,1,0,720,4065.09,1,0,1,23046,24237,
20,21,20,722,565963,215,109,106,33267.7,17061.8,
0,1,0,723,4553.63,1,0,1,5973.43,11237.7,
32,33,32,724,290527,518,460,58,4990.46,37546.1,
0,1,0,727,3130.38,1,0,1,33097.3,17073.3,
0,1,0,729,5915.37,1,0,1,27752.2,4606.14,
0,1,0,729,5224.79,1,0,1,22461.8,562.675,
23,24,23,732,953445,501,308,193,30318.8,12613.3,
17,18,17,736,849065,2194,2024,170,16538.8,18885.1,
63,64,63,737,455398,1850,1765,85,23875,40162.3,
60,61,60,738,350866,1501,1430,71,27328.2,40014.9,
33,34,33,739,688769,552,412,140,12787.2,23498.8,
2,3,2,742,31188.6,1678,1672,6,10446.1,37972.6,
6,7,6,744,40976,215,207,8,12368.4,38030.1,
36,37,36,747,437416,337,256,81,3729.63,34081.2,
2,3,2,747,10777.6,128,125,3,8116,34963.7,
14,15,14,748,285993,280,228,52,20824,24054.4,
0,1,0,748,4897.26,1,0,1,21198.5,24171.6,
5,6,5,752,421527,110,23,87,13803.8,12427.9,
10,11,10,763,57275.6,903,891,12,2041.72,38411.8,
2,3,2,766,14417.8,1671,1668,3,5977.48,16352.6,
0,1,0,766,4558.74,1,0,1,1820.61,28317.9,
1,2,1,767,6237.95,489,487,2,23053.5,28423.9,
8,9,8,767,60490.6,176,163,13,2738.53,21031.1,
41,42,41,769,385022,519,441,78,639.71,28289.8,
28,29,28,772,441977,1141,1050,91,8649.56,28127.3,
0,1,0,772,11822.8,1,0,1,32019.5,17589.1,
0,1,0,773,3621.11,1,0,1,20679.1,24006.6,
18,19,18,776,247634,128,80,48,34531.5,31956.3,
6,7,6,777,160251,44,12,32,36960.9,9305.86,
23,24,23,789,587417,544,427,117,18184.9,27597.6,
0,1,0,792,3585.73,1,0,1,16719.6,19101.7,
0,1,0,798,4913.49,1,0,1,28103.3,38980.5,
8,9,8,799,48806.8,1510,1500,10,38200.5,25992.4,
4,5,4,800,112091,1857,1834,23,17157.3,27475.1,
5,6,5,802,97586.1,42,23,19,7790.53,14978.6,
20,21,20,806,1.15399e+06,351,119,232,20083.9,9924.32,
3,4,3,816,15403.8,22,18,4,21850.4,19537.6,
14,15,14,816,361282,187,122,65,18087,35783.6,
2,3,2,817,17535.6,43,40,3,7866.41,31462.3,
1,2,1,818,50210.8,12,1,11,27596.9,8074.9,
2,3,2,819,17266.5,150,147,3,20927.8,24074.1,
2,3,2,821,12342.1,407,404,3,30449.2,12659.6,
6,7,6,823,87143.6,99,80,19,4403.01,7528.09,
14,15,14,824,323233,512,444,68,22657.2,29334.5,
5,6,5,825,43599.8,109,100,9,8181,16715.7,
3,4,3,826,21126.5,13,9,4,3524.93,28103.3,
22,23,22,829,144915,333,303,30,11409.3,32626.2,
0,1,0,832,7218.14,1,0,1,4618.15,7546.45,
0,1,0,833,5858.52,1,0,1,30054.1,1413.38,
0,1,0,835,5360.97,1,0,1,1001.43,38862.4,
26,27,26,836,504708,2164,2065,99,27775.9,1117.07,
1,2,1,840,11204,760,758,2,21222.8,22843.4,
12,13,12,842,235948,239,194,45,1527.12,16936.9,
0,1,0,842,6825.97,1,0,1,1134.51,5813.01,
0,1,0,843,3798.38,1,0,1,12495.1,37895.6,
3,4,3,843,329717,128,58,70,2468.1,782.365,
1,2,1,843,11693.1,224,222,2,648.585,28129.2,
73,74,73,845,510126,2136,2032,104,35441,33707.5,
0,1,0,847,9079.23,1,0,1,27841.9,23258.7,
0,1,0,849,5078.41,1,0,1,11427.2,25269.6,
63,64,63,849,508990,1510,1406,104,37413.1,35186.6,
0,1,0,850,3868.12,1,0,1,32967.6,2447.65,
0,1,0,852,5109.06,1,0,1,5953.89,26374.1,
14,15,14,852,498655,257,160,97,10735.8,26236.4,
1,2,1,853,8347.72,193,191,2,35329.4,33754.7,
3,4,3,854,31162.8,39,32,7,25381.7,35512.2,
0,1,0,855,8280.55,1,0,1,10602.5,26279.7,
0,1,0,857,2973.76,1,0,1,18961.6,17699.6,
0,1,0,859,4705.68,1,0,1,32560.9,2622.87,
0,1,0,859,6517.36,1,0,1,2873.61,20948.6,
93,94,93,860,879112,1765,1598,167,21408,12094.6,
1,2,1,862,11886.5,4,2,2,18056.7,23181.6,
0,1,0,864,3895.25,1,0,1,3676.58,27823.7,
10,11,10,865,638715,245,120,125,21026.8,1448.65,
35,36,35,869,347958,529,464,65,7938.63,26674.4,
14,15,14,869,103850,224,204,20,2296.09,37428.7,
11,12,11,875,200019,121,82,39,12723,4245.13,
0,1,0,880,8296.07,1,0,1,23066.3,9805.37,
0,1,0,883,3155.81,1,0,1,34407.7,31870.2,
0,1,0,883,3330.84,1,0,1,17970,35915.8,
0,1,0,888,5669.59,1,0,1,32010.7,21293.9,
10,11,10,891,140827,136,110,26,23450.2,9561.15,
0,1,0,891,3648.75,1,0,1,19062.5,17548.6,
2,3,2,892,16419.4,1522,1519,3,21263.3,12170.7,
1,2,1,895,8103.2,288,286,2,23836,39991.7,
4,5,4,899,30827.4,37,32,5,6956.92,3290.44,
0,1,0,901,10966.6,2,0,2,24807.5,2329.1,
20,21,20,902,149382,640,612,28,31252.4,24478.3,
8,9,8,902,317669,112,52,60,31336.7,5748.83,
17,18,17,904,401708,217,146,71,38325.7,17164.2,
2,3,2,906,13768.2,258,255,3,28290.6,39009,
82,83,82,910,859342,1069,910,159,8489.32,7786.85,
0,1,0,911,4005.99,1,0,1,10367.3,29717.8,
28,29,28,912,197897,244,204,40,12610.5,39400.3,
7,8,7,921,527966,172,71,101,2805.71,4184.87,
4,5,4,921,509116,190,80,110,13873,988.687,
0,1,0,921,4543.36,1,0,1,36443.8,13531.3,
8,9,8,924,364527,160,87,73,32428.5,16263.3,
10,11,10,926,104173,124,101,23,16273.5,30348.8,
36,37,36,929,310826,2045,1977,68,30197.1,20616.8,
0,1,0,930,5762.02,1,0,1,35564.8,33573.1,
1,2,1,931,7519.33,334,332,2,28595.4,11860.4,
1,2,1,932,10263.8,15,13,2,1926.89,14396.7,
0,1,0,932,3773.97,1,0,1,20131.5,9765.61,
11,12,11,933,374167,224,150,74,38863.9,4618.69,
0,1,0,934,5519.15,1,0,1,12797.9,23616.8,
0,1,0,935,4509.99,1,0,1,36506.3,15127.1,
62,63,62,940,691739,1068,929,139,6139.46,29952.5,
6,7,6,946,94730.6,41,23,18,28680,19720.7,
39,40,39,947,272353,832,776,56,31903.3,13620.8,
23,24,23,948,1.11633e+06,1527,1307,220,32612.9,785.891,
23,24,23,949,145278,179,150,29,2661.46,34732.6,
22,23,22,951,331393,150,86,64,28092.9,19897.5,
92,93,92,951,1.1012e+06,669,458,211,30542.2,36313.7,
19,20,19,951,213573,556,516,40,2315.04,30263.8,
2,3,2,951,13533.5,33,30,3,21942.5,35170.3,
0,1,0,953,6701.67,1,0,1,34909.5,15341.6,
2,3,2,957,29805.6,517,510,7,28984.7,19747.4,
7,8,7,959,75834.2,179,162,17,19801.6,21106.7,
1,2,1,960,11059.5,3,1,2,27997.8,19844.1,
0,1,0,960,3279.64,1,0,1,28058.7,26081.4,
0,1,0,962,5389.06,1,0,1,28768.2,19828.6,
1,2,1,963,7934,71,69,2,21154.4,40293.9,
0,1,0,964,5482.66,1,0,1,28277.4,19790.9,
0,1,0,968,3017.05,1,0,1,37886.6,564.309,
0,1,0,969,2738.42,1,0,1,4885.86,37662.6,
0,1,0,970,19709.5,1,0,1,11323.4,32524.2,
2,3,2,971,13258.5,367,364,3,3739.62,34329.2,
1,2,1,972,9760.87,1156,1154,2,5920.79,16071.8,
135,136,135,972,1.33636e+06,1226,961,265,15618.1,13475.5,
0,1,0,982,2790.64,1,0,1,32529.6,21126.7,
0,1,0,983,4419.24,1,0,1,35627.2,19341.1,
44,45,44,986,433851,1561,1475,86,23083.5,11967.7,
0,1,0,987,4594.58,1,0,1,23143.8,11958,
24,25,24,988,635414,668,544,124,35127.2,7372.08,
0,1,0,989,11330,2,0,2,10488.2,18392.4,
0,1,0,989,5376.97,1,0,1,4289.94,12626.6,
0,1,0,990,5247.18,1,0,1,6792.91,38688,
2,3,2,992,16591.9,6,2,4,6536.54,38546,
37,38,37,994,1.15385e+06,573,365,208,9843.67,22631.8,
7,8,7,995,43567.1,137,128,9,28607.6,20081.6,
15,16,15,995,502203,336,235,101,18430,18775,
0,1,0,998,8653.24,1,0,1,14355.6,5994.28,
1,2,1,1002,11408.4,125,123,2,18265.3,27696.9,
5,6,5,1004,43555.4,54,44,10,4968.54,10697.8,
11,12,11,1004,235321,1143,1098,45,22384.9,8992.21,
14,15,14,1004,95197.7,235,212,23,9066.69,24419.8,
0,1,0,1005,25990.7,6,0,6,4956.7,35719.8,
0,1,0,1006,6479.07,1,0,1,39951.4,1316.25,
0,1,0,1006,7892.14,1,0,1,35626.6,9078.52,
0,1,0,1007,2800.77,1,0,1,34984.2,7440.93,
2,3,2,1010,23488.3,22,17,5,16678.1,19528.1,
1,2,1,1015,11672.3,310,308,2,15634.6,13317.2,
4,5,4,1016,246627,32,10,22,5653.27,35995.2,
0,1,0,1017,6329.5,1,0,1,8122.82,26866.7,
3,4,3,1017,20859.1,994,990,4,35563.7,37055,
10,11,10,1017,82832.3,187,169,18,5249.27,25277.3,
0,1,0,1017,6599.09,1,0,1,5353.12,35843.6,
3,4,3,1018,13460.7,582,578,4,30551.8,36422.5,
0,1,0,1020,6848.18,1,0,1,27627.9,740.894,
0,1,0,1026,4581,1,0,1,38208.8,16947.2,
0,1,0,1029,6992.28,1,0,1,28217.2,38759.5,
2,3,2,1030,18216.6,22,18,4,16303,2924.18,
0,1,0,1032,6604.62,1,0,1,35927.8,16103.1,
0,1,0,1033,2792.36,1,0,1,6945,20731.8,
52,53,52,1033,555607,1762,1665,97,37501.4,20719.9,
2,3,2,1038,261973,68,15,53,9483.08,3030.34,
1,2,1,1038,8911.44,13,11,2,5144.01,25344.9,
0,1,0,1040,4682.8,1,0,1,3580.68,13124.4,
0,1,0,1043,7843.72,1,0,1,29955.9,21094.4,
5,6,5,1047,181490,93,65,28,25401.2,3612.72,
0,1,0,1048,8051.54,1,0,1,6312.77,35263,
0,1,0,1048,3618.28,1,0,1,27792.1,19920.1,
0,1,0,1050,3013.17,1,0,1,28217.1,20871.7,
0,1,0,1051,8274.03,2,0,2,6550.57,36686.8,
26,27,26,1053,430967,133,45,88,7822.89,37577,
3,4,3,1058,22935,1890,1886,4,7803.25,37504.3,
0,1,0,1059,4544.75,1,0,1,29780.1,31948.1,
0,1,0,1061,20765.1,4,0,4,35884.1,33476.8,
16,17,16,1070,711759,1857,1718,139,16566.1,16073.2,
0,1,0,1072,5077.88,1,0,1,21584.6,13514.4,
26,27,26,1075,609041,862,736,126,2601.55,8541.6,
0,1,0,1079,5390.59,1,0,1,3816.39,2111.24,
7,8,7,1083,242731,224,174,50,22781,27689.9,
13,14,13,1085,129571,59,33,26,31495.6,27232,
0,1,0,1086,10964,1,0,1,15427.6,13399.8,
0,1,0,1087,5547.1,1,0,1,16222.5,25664.9,
0,1,0,1088,4056.28,1,0,1,31652.5,27138.7,
1,2,1,1089,7273.02,156,154,2,14807.8,28805.6,
4,5,4,1089,153111,80,52,28,21243.3,10729.1,
42,43,42,1092,302738,1827,1769,58,6808.51,38295.9,
1,2,1,1092,10421.8,39,37,2,30347.6,30112,
0,1,0,1092,11970,3,0,3,30682.6,37899.6,
4,5,4,1093,226006,96,53,43,32003,6403.51,
8,9,8,1094,203118,65,30,35,26066.5,22655.4,
3,4,3,1098,21459.7,487,483,4,30377.3,2999.12,
61,62,61,1100,1.44002e+06,751,471,280,2449.02,16005.1,
3,4,3,1102,44940.3,20,11,9,7397.23,27555.6,
0,1,0,1107,2604.97,1,0,1,39963.5,28022.6,
0,1,0,1112,3942.91,1,0,1,14406.8,14780.2,
26,27,26,1116,1.04414e+06,768,559,209,12936.2,7118.21,
4,5,4,1116,26184.5,1873,1868,5,34326,36802.9,
2,3,2,1119,14181.2,113,110,3,24007.8,40237.1,
33,34,33,1122,449033,1874,1787,87,1089.72,8216.78,
16,17,16,1122,150475,199,172,27,34423.7,30426.2,
0,1,0,1123,9061.36,1,0,1,7419.66,34675,
10,11,10,1124,67311.6,244,230,14,21396.6,25105.4,
1,2,1,1125,9609.29,104,102,2,32232.8,17599,
12,13,12,1127,367943,145,74,71,33511.3,18942.3,
0,1,0,1134,4419.35,1,0,1,30515,30200.5,
0,1,0,1134,2490.84,1,0,1,33791.8,7474.54,
1,2,1,1135,9316.55,1158,1156,2,37285.7,35114.2,
4,5,4,1141,89353.8,20,5,15,35961.2,19512.1,
0,1,0,1141,6056.13,1,0,1,2543.85,15903.7,
1,2,1,1142,41428,362,354,8,27520,10242.3,
0,1,0,1143,3967.74,1,0,1,8952.42,24385.3,
0,1,0,1143,2830.04,1,0,1,32285,21176.8,
0,1,0,1143,6802.21,1,0,1,4774.05,36142.6,
0,1,0,1145,5286.53,1,0,1,32150.1,21040.5,
1,2,1,1145,18588,4,1,3,13980.4,28086.1,
18,19,18,1146,150855,252,221,31,36027.5,30042.9,
0,1,0,1147,6056.5,1,0,1,10010.3,22508.9,
5,6,5,1148,142402,96,66,30,33932.8,12439.4,
4,5,4,1149,26228.1,247,241,6,27904.1,25168.5,
22,23,22,1150,204418,1287,1248,39,10990.7,35735,
0,1,0,1150,3628.05,1,0,1,28547.5,38911.6,
29,30,29,1152,1.54754e+06,755,455,300,10825.3,18433.3,
1,2,1,1152,44202,163,161,2,36055.1,30146.9,
0,1,0,1153,6021.68,1,0,1,7278.54,8015.43,
28,29,28,1154,191599,1399,1360,39,2387.32,36671.3,
5,6,5,1155,117377,874,851,23,32165.9,25161.5,
0,1,0,1156,6630.24,1,0,1,1111.6,39339.6,
2,3,2,1157,37612.3,22,15,7,27334.3,829.943,
0,1,0,1157,3642.67,1,0,1,26178.2,22529.6,
0,1,0,1162,5383.6,1,0,1,29270.1,15833.8,
28,29,28,1165,2.29506e+06,1234,793,441,880.596,7197.86,
9,10,9,1168,273697,240,189,51,8794.41,14896.2,
0,1,0,1169,4459.36,1,0,1,39841.1,27801.5,
0,1,0,1173,4975.98,1,0,1,22397.7,3622.68,
0,1,0,1174,4550.51,1,0,1,33851.5,12343.5,
2,3,2,1176,57751.4,48,39,9,29798.5,2836.95,
11,12,11,1176,427132,228,146,82,34362.2,6660.59,
25,26,25,1178,451828,302,217,85,33983.2,28184.3,
0,1,0,1179,5267,1,0,1,30346.9,11607.4,
77,78,77,1183,514737,1783,1676,107,37662.5,35836.4,
8,9,8,1185,603429,759,641,118,28650.9,5848.63,
84,85,84,1190,541404,592,484,108,33566.3,35574.5,
35,36,35,1190,926737,315,143,172,7990.8,23776.7,
0,1,0,1192,4185.13,1,0,1,5287.83,25465.6,
3,4,3,1202,46023,26,17,9,23103.5,9002.5,
72,73,72,1204,621144,1304,1196,108,37643,35716.9,
1,2,1,1207,14261.4,932,930,2,25241,34715,
49,50,49,1209,477457,388,299,89,9153.25,34995.2,
0,1,0,1218,3822.8,1,0,1,14616.5,33741.1,
2,3,2,1218,124539,41,19,22,19911.2,635.125,
24,25,24,1219,851804,477,314,163,18728.8,17173.4,
0,1,0,1219,4851.37,1,0,1,30178.8,12707.7,
42,43,42,1220,744751,393,249,144,15796.3,39535.8,
13,14,13,1220,103452,90,76,14,1864.22,17113.9,
0,1,0,1231,3544.44,1,0,1,7171.07,17302.8,
15,16,15,1231,278490,196,141,55,21783,20833.8,
0,1,0,1232,4696.62,1,0,1,7855.5,23702.9,
1,2,1,1232,6561.13,270,268,2,37601.8,35535.8,
34,35,34,1232,957543,642,455,187,3635.78,18049.2,
5,6,5,1234,46989.2,32,23,9,35058.8,38207,
0,1,0,1235,3296.82,1,0,1,12708,10170.1,
0,1,0,1237,5178.11,1,0,1,25310.6,1368.13,
4,5,4,1239,140639,194,162,32,18732,17152.7,
2,3,2,1239,17311.2,310,307,3,21041.1,22638.6,
4,5,4,1242,46885.9,51,42,9,36920,1695.35,
0,1,0,1242,5047.65,1,0,1,20972.1,22731.1,
75,76,75,1246,3.65128e+06,1407,721,686,21033.6,17877.4,
0,1,0,1247,4581.06,1,0,1,19673.7,13863.3,
16,17,16,1248,131641,115,91,24,29852.6,37405.5,
14,15,14,1248,147664,155,127,28,16008.1,24194,
16,17,16,1251,239441,240,197,43,27959.3,14202,
0,1,0,1251,13974.7,3,0,3,28113.2,16161.4,
11,12,11,1255,143659,134,107,27,2796.06,23064.1,
0,1,0,1255,2831.33,1,0,1,14407,15374,
2,3,2,1256,16878,6,2,4,40163.9,18490.7,
0,1,0,1257,4716.45,1,0,1,2250.07,27031,
0,1,0,1259,4751.08,1,0,1,23255.8,4855.35,
1,2,1,1262,12922.1,1346,1344,2,21444.6,12202.9,
2,4,3,1262,89896.3,1739,1723,16,5808.91,8851.92,
0,1,0,1263,2446.27,1,0,1,34965.3,15914.6,
75,76,75,1263,721997,856,724,132,13621.5,39532.5,
0,1,0,1266,4964.13,1,0,1,8631.52,30707.7,
92,93,92,1271,630668,874,756,118,25651.6,36829.7,
1,2,1,1277,6131.66,34,32,2,13829.5,25057.1,
11,12,11,1281,253578,189,137,52,28513.7,17507,
1,2,1,1281,6053.21,11,9,2,16411.9,12743.4,
0,1,0,1283,6018.61,1,0,1,34230.9,30396.8,
0,1,0,1284,4898.1,1,0,1,15991.3,21977,
19,20,19,1289,124053,469,445,24,21126,37670.1,
2,3,2,1289,60979.1,12,2,10,3870.85,4980.7,
0,1,0,1292,5629.8,1,0,1,15629.8,37996.3,
0,1,0,1293,3962.12,1,0,1,2777.99,23194.7,
2,3,2,1294,13590.1,384,381,3,39329,40302.9,
39,40,39,1295,355649,366,296,70,6517.07,8630.01,
21,22,21,1298,449638,324,236,88,9488.1,20046.1,
38,39,38,1299,441479,371,286,85,4929.33,31015,
2,3,2,1301,13368.2,184,181,3,4946.25,30929.4,
0,1,0,1303,7604.38,1,0,1,21326.8,19098.5,
22,23,22,1306,300071,370,312,58,3617.65,24341.3,
21,22,21,1308,363513,233,167,66,10863.9,27950.8,
0,1,0,1308,5869.96,1,0,1,2412.84,8442.37,
0,1,0,1308,9587.38,1,0,1,31246.4,24596.1,
0,1,0,1311,7207.76,1,0,1,37683.2,13909.3,
25,26,25,1311,463345,329,244,85,28215.3,27134.9,
8,9,8,1315,103833,96,77,19,13924.8,26144.8,
5,6,5,1317,100322,76,56,20,28067.8,7266.85,
0,1,0,1318,5518.49,1,0,1,28312.3,11965,
4,5,4,1319,29650.8,15,9,6,24089.6,36944.8,
0,1,0,1324,5299.68,1,0,1,17917.2,19674,
0,1,0,1324,4753.26,1,0,1,7908.94,18511.8,
9,10,9,1325,450280,197,109,88,17934.5,21476.2,
6,7,6,1326,57721.8,24,12,12,14694.6,33280.5,
24,25,24,1326,341069,306,238,68,37627.3,30991.4,
6,7,6,1328,644718,1263,1145,118,37196.8,1989.2,
1,2,1,1331,19098.7,5,1,4,4722.65,2075.47,
6,7,6,1334,145092,121,93,28,25104.4,9536.89,
3,4,3,1336,19647.6,773,769,4,13593.7,39543,
4,5,4,1337,147453,37,10,27,25240.6,25724.3,
4,5,4,1340,124743,149,126,23,18673.6,32254.2,
2,3,2,1343,26319.7,23,17,6,20084,24002.2,
20,21,20,1345,344980,172,118,54,12502.8,37136.1,
34,35,34,1347,555250,567,461,106,37995.8,4881.59,
3,4,3,1347,24616.8,51,47,4,38885.7,1581.73,
7,8,7,1350,47474.2,342,332,10,21147,37637.2,
0,1,0,1353,4533.61,1,0,1,32302.9,6661.65,
23,24,23,1354,160321,1043,1013,30,29665.2,38290.6,
4,5,4,1357,38441.1,16,9,7,31357.8,22689.5,
0,1,0,1357,4864.84,1,0,1,25127.9,9404.89,
0,1,0,1359,4390.4,1,0,1,14713.2,10792,
49,50,49,1359,412624,1074,991,83,39509.6,37152.9,
52,53,52,1361,375886,1043,971,72,35193.3,20326.7,
48,49,48,1369,418243,617,543,74,28994.1,39377.2,
5,6,5,1373,99502,42,22,20,11534.3,17879.8,
0,1,0,1373,5877.94,1,0,1,8607.27,7649.39,
0,1,0,1377,5424.28,1,0,1,30874.6,36254.3,
1,2,1,1378,10321.9,330,328,2,33585,35694.6,
0,1,0,1381,6658.29,1,0,1,6622.6,6097.24,
79,80,79,1382,1.42635e+06,832,566,266,20250.4,27061.3,
0,1,0,1382,3435.57,1,0,1,37584.8,31034.4,
4,5,4,1389,68767.7,55,41,14,39830.3,7831.83,
5,6,5,1390,293500,115,54,61,33376.5,3842.36,
0,1,0,1393,2875.14,1,0,1,37667.5,30791.8,
0,1,0,1395,29530,5,0,5,22075.5,7224.15,
0,1,0,1397,6127.05,1,0,1,14745,2721.7,
24,25,24,1397,268599,373,319,54,34013.3,25383.6,
8,9,8,1398,493613,244,151,93,2595.23,14226.8,
9,10,9,1400,93990.5,159,142,17,8442.7,35804.8,
1,2,1,1410,14152.1,219,217,2,38075.1,25920,
1,2,1,1411,10291.4,224,222,2,6537.21,8814.44,
4,5,4,1411,221998,110,70,40,32219.3,1498.25,
0,1,0,1412,3059.86,1,0,1,36664.4,8282.94,
0,1,0,1416,4242.31,1,0,1,8333.08,7865.62,
53,54,53,1419,901595,525,344,181,18376.5,39157.2,
2,3,2,1421,22800.1,292,289,3,39474.4,37010.1,
0,1,0,1421,5649.07,1,0,1,9846.6,22802.7,
2,3,2,1424,19273.6,1342,1339,3,39129.7,31294.8,
0,1,0,1425,5321.76,1,0,1,3137.86,26060.1,
7,8,7,1427,54518.9,174,164,10,798.866,4795.57,
3,4,3,1427,20662,175,171,4,18803.4,17387.5,
18,19,18,1428,217674,611,568,43,35826.7,21155.4,
0,1,0,1429,3385.9,1,0,1,31373,8300.09,
19,20,19,1430,116383,1562,1539,23,12317.6,25530,
0,1,0,1432,5395.65,1,0,1,37344.6,1944.54,
11,12,11,1433,815407,1529,1367,162,5851.97,12886.7,
0,1,0,1433,5322.13,1,0,1,10957.7,28050.7,
1,2,1,1434,11384,3,1,2,24196.2,2562.64,
0,1,0,1434,5724.23,1,0,1,28159.8,27284.8,
3,4,3,1435,21442.7,1052,1048,4,22150.2,9983.59,
9,10,9,1435,69471.3,107,92,15,1286.26,18897.3,
32,33,32,1438,458578,541,453,88,7821.48,16320.8,
4,5,4,1439,59166.9,62,52,10,31941.3,9768.91,
0,1,0,1440,2901.09,1,0,1,29076.2,19767.4,
1,2,1,1444,8669.59,670,668,2,32779.1,2775.06,
7,8,7,1449,46996.7,119,109,10,16634.1,6927.87,
101,102,101,1460,947348,1520,1334,186,4800.53,32399.7,
0,1,0,1463,6495.35,1,0,1,33874,28266,
0,1,0,1465,5183.48,1,0,1,26576.6,8462.2,
0,1,0,1468,4548.21,1,0,1,17678,19055.1,
103,104,103,1472,1.24996e+06,921,683,238,29545.6,23922.1,
0,1,0,1472,5623.52,1,0,1,17344.3,11426.9,
1,2,1,1473,9255.1,1008,1006,2,22214.5,17743.9,
6,7,6,1476,43761.7,843,835,8,29531.4,23873.4,
0,1,0,1477,4134.49,1,0,1,1443.16,18862,
14,15,14,1480,1.24768e+06,449,198,251,9948.73,9709.45,
0,1,0,1482,2941.44,1,0,1,22135.9,18176.8,
1,2,1,1483,11046.7,665,663,2,19331.8,2045.54,
22,23,22,1484,1.01735e+06,465,279,186,37294.2,8910.81,
0,1,0,1485,2513.87,1,0,1,24159.1,15194,
0,1,0,1490,7292.27,1,0,1,8645.51,26770.3,
25,26,25,1494,184317,258,227,31,33252.8,2116.51,
0,1,0,1494,6983.15,1,0,1,32056.5,13530.8,
0,1,0,1495,3220.67,1,0,1,33282.3,3661.29,
0,1,0,1496,8881.74,1,0,1,31719.7,19098.5,
0,1,0,1497,7475.48,1,0,1,28815.5,17085.4,
1,2,1,1500,9029.44,50,48,2,33238.5,2159.85,
63,64,63,1503,434907,644,559,85,22901.1,28113.2,
11,12,11,1503,111985,182,159,23,28066.4,21973,
0,1,0,1503,5651.6,1,0,1,37367.9,8877.32,
7,8,7,1504,46181,1464,1455,9,37656.2,35923.2,
9,10,9,1506,74082.3,349,336,13,25729.5,11422.7,
0,1,0,1508,3941.64,1,0,1,30339.2,36299.2,
3,4,3,1512,249068,97,46,51,17667.1,18572.1,
15,16,15,1517,661603,355,226,129,22981.6,22884.3,
12,13,12,1517,331517,103,41,62,36479.9,20931.3,
0,1,0,1517,3871.55,1,0,1,37903.7,4981.32,
0,1,0,1517,5551.45,1,0,1,32023.6,13695.7,
0,1,0,1518,8331.5,1,0,1,38376.1,27865.8,
19,20,19,1519,194433,270,232,38,28950.2,12401.8,
0,1,0,1521,5570.52,1,0,1,4870.22,32443.1,
15,16,15,1525,465803,296,203,93,20536.1,5514.86,
19,20,19,1529,922391,939,755,184,32589.1,760.614,
35,36,35,1532,547068,1449,1345,104,5243.9,21124.2,
4,5,4,1533,131812,71,46,25,24782.9,15795.9,
6,7,6,1534,435658,261,176,85,38183.2,3999.89,
17,18,17,1535,502470,483,387,96,11680.5,19695.1,
1,2,1,1535,11403.3,98,96,2,6359.42,8593.61,
0,1,0,1538,7152.07,1,0,1,12490.6,25431.5,
0,1,0,1540,7477.9,1,0,1,25551.2,31190.7,
0,1,0,1541,8711.23,1,0,1,13297.3,30090.3,
0,1,0,1544,3738.77,1,0,1,3477.09,24265,
0,1,0,1546,4410.23,1,0,1,31408.2,33140.5,
6,7,6,1547,161231,139,107,32,3977.61,794.012,
61,62,61,1548,935066,1158,984,174,25701,13165.3,
0,1,0,1549,3235.87,1,0,1,5348.28,21276.4,
11,12,11,1552,155352,962,933,29,36466.8,22018.2,
0,1,0,1556,4851.65,1,0,1,5396.97,21022.2,
3,4,3,1557,167238,41,13,28,12502.9,4430.79,
3,4,3,1557,24365.9,976,972,4,19708.4,32979.9,
20,21,20,1559,208616,431,394,37,24651.9,4880.34,
14,15,14,1561,576537,322,220,102,9742.64,13412.9,
8,9,8,1561,85780.1,47,30,17,29062.6,38537.2,
8,9,8,1562,198278,57,16,41,9267.64,22326,
0,1,0,1564,9054.02,2,0,2,9578.59,22460,
60,61,60,1565,1.46354e+06,1250,961,289,17121.6,24195.2,
0,1,0,1565,10477.7,2,0,2,27468.6,6860.99,
2,3,2,1566,10645,125,122,3,31899.4,35232.9,
0,1,0,1566,7181.16,1,0,1,2150.41,18827.3,
2,3,2,1566,12784.2,37,34,3,34269.9,25324.7,
0,1,0,1567,4278.55,1,0,1,26940.4,4560.82,
0,1,0,1568,23533.3,5,0,5,22235.1,30285,
0,1,0,1569,1983.11,1,0,1,33512.5,35404.2,
0,1,0,1570,5399.13,1,0,1,36401.8,20782.9,
15,16,15,1571,353870,138,70,68,3950.46,19861.7,
0,1,0,1572,5456.97,1,0,1,16100.6,4362.28,
0,1,0,1578,8587.05,1,0,1,30624.5,36310.8,
0,1,0,1578,6685.27,1,0,1,4669.16,32680.3,
0,1,0,1579,7075.6,1,0,1,36031,37864.9,
0,1,0,1580,5375.67,1,0,1,39630.7,37312.6,
12,13,12,1580,67005.8,449,435,14,6792.03,38415,
0,1,0,1582,28720.1,5,0,5,7355.24,8689.77,
0,1,0,1586,10813.9,2,0,2,29412.7,31132.3,
3,4,3,1587,19121.4,40,36,4,6228.32,7304.33,
0,1,0,1594,5472.42,1,0,1,6225.42,2081.95,
55,56,55,1595,1.39413e+06,851,570,281,15818.2,35663.6,
23,24,23,1597,1.02598e+06,479,270,209,20033.4,25112.3,
0,1,0,1598,4576.68,1,0,1,29118.1,38647.8,
50,51,50,1599,357182,634,563,71,6764.98,17162.7,
0,1,0,1600,5295.97,1,0,1,14076.1,12020.7,
3,4,3,1601,22476.2,537,533,4,25796.4,36947.6,
35,36,35,1601,1.44127e+06,610,328,282,15802,27229.6,
7,8,7,1603,128052,104,87,17,5019.71,11901.4,
14,15,14,1606,193633,146,108,38,33962.3,25379,
0,1,0,1607,4293.76,1,0,1,29264.2,31201.8,
0,1,0,1612,2888.67,1,0,1,14786.2,34752.9,
16,17,16,1617,943540,386,211,175,19321.7,16039.3,
1,2,1,1619,38366.2,9,1,8,35078,7163.12,
43,44,43,1622,610913,845,725,120,14362,22096.6,
0,1,0,1624,6135.14,1,0,1,32500.2,636.228,
1,2,1,1626,61686.3,23,14,9,11380.9,30987.9,
7,8,7,1628,50844.2,433,422,11,32360.4,1248.4,
4,5,4,1630,76813.6,83,68,15,25237.4,16133.1,
0,1,0,1631,2842.66,1,0,1,22800.4,28017.9,
1,2,1,1633,6518.48,126,124,2,29434,23807.9,
14,15,14,1641,96637.5,186,168,18,40269.6,35149.7,
20,21,20,1642,286684,151,95,56,7941.55,6935.67,
0,1,0,1643,52574,10,0,10,25738.3,18322.3,
0,1,0,1645,4167.93,1,0,1,10807.8,36080.2,
14,15,14,1648,321223,330,269,61,5886.11,5419.21,
11,12,11,1649,67987.7,1312,1300,12,16120.7,19168.9,
0,1,0,1649,3935.91,1,0,1,5773.53,5428.27,
1,2,1,1650,44963,15,6,9,33590.3,5571.16,
0,1,0,1650,5346.09,1,0,1,16824.9,27483.6,
0,1,0,1651,8692.82,1,0,1,15917.5,26806.1,
0,1,0,1651,3983.45,1,0,1,2393.94,15836,
48,49,48,1652,1.24314e+06,1267,1027,240,27964.9,16904,
9,10,9,1653,349931,132,68,64,19420.2,11990.3,
0,1,0,1653,5533.98,1,0,1,16425.2,30931,
106,107,106,1655,1.01555e+06,1015,808,207,39721.9,20582.1,
2,3,2,1658,16095.5,92,89,3,39679.9,20503,
98,99,98,1662,849013,1263,1091,172,4105.23,28901.1,
0,1,0,1665,5702.48,1,0,1,33455.1,35774.3,
3,4,3,1665,20795.4,140,136,4,34622.6,19405.5,
0,1,0,1667,3936.69,1,0,1,12812,39965.4,
9,10,9,1669,104900,104,86,18,9484.87,15155.9,
12,13,12,1672,496829,233,133,100,28510.7,1638.85,
4,5,4,1678,54621.1,28,18,10,26374.7,24011.3,
0,1,0,1678,8676.2,1,0,1,40046.9,1974.37,
14,15,14,1678,591211,347,239,108,2386.93,7446.88,
0,1,0,1679,3298.12,1,0,1,40258.6,35305.1,
0,1,0,1681,192422,38,0,38,27550.1,4507.44,
0,1,0,1681,5909.92,1,0,1,6233.26,29900.9,
22,23,22,1686,149343,1013,982,31,25169.3,15131.6,
4,5,4,1686,35291.5,29,21,8,7048.4,1167.85,
3,4,3,1696,231320,88,51,37,15129.6,6684.68,
0,1,0,1698,29898,6,0,6,16761.1,12962,
0,1,0,1704,3564.98,1,0,1,13139.7,36924.3,
15,16,15,1711,114223,194,168,26,3635.94,35862.1,
18,19,18,1712,198559,253,211,42,26641.2,32228.9,
27,28,27,1713,292957,949,886,63,24533.9,7766.65,
0,1,0,1714,13397.3,3,0,3,18052.2,1624.01,
7,8,7,1715,123031,111,86,25,21405.6,28023.9,
0,1,0,1718,7655.35,1,0,1,24446.7,2104,
5,6,5,1722,306404,124,68,56,24608.6,3356.01,
0,1,0,1723,5371.13,1,0,1,38685.9,11376.1,
5,6,5,1730,42858.2,156,147,9,33396.2,38775.2,
0,1,0,1736,6488.74,1,0,1,36116.7,35654.5,
4,5,4,1739,61531.8,30,15,15,16805.1,16047.3,
8,9,8,1744,229603,201,155,46,25925.1,27625.5,
0,1,0,1744,3829.64,1,0,1,39225.3,20284.9,
0,1,0,1746,6150.47,1,0,1,28921.4,12314.2,
26,27,26,1747,342386,283,226,57,24661.6,25433.2,
0,1,0,1751,8103.14,2,0,2,28291.4,30788.7,
8,9,8,1752,81587.8,46,31,15,28481.6,5498.67,
4,5,4,1753,50171.9,45,35,10,28156.9,668.504,
0,1,0,1757,4313.1,1,0,1,27477.4,13413.6,
21,22,21,1757,1.11631e+06,494,267,227,36442.3,2717.55,
65,66,65,1761,522834,725,621,104,10802.5,26566.1,
0,1,0,1772,3351.09,1,0,1,24770.4,21734.6,
24,25,24,1773,1.01118e+06,1141,941,200,31771.5,4895.38,
0,1,0,1773,5750.96,1,0,1,40150.1,12469.6,
8,9,8,1774,172012,314,283,31,20083.7,9368.52,
18,19,18,1774,491119,376,280,96,12485.9,20312.2,
0,1,0,1779,6451.14,1,0,1,20225.3,9239.61,
15,16,15,1780,291584,141,87,54,25533.4,20365.2,
8,9,8,1780,303016,187,133,54,6605.28,15514.9,
1,2,1,1780,127982,26,1,25,18845.4,3167.45,
0,1,0,1781,6909.31,1,0,1,3170.36,6359.55,
0,1,0,1784,11145.4,1,0,1,33437.9,35555.2,
29,30,29,1786,371061,342,270,72,7094.52,19289.3,
4,5,4,1791,24616.8,24,19,5,33397.4,37653.3,
12,13,12,1795,122775,218,194,24,33608.9,16849.7,
0,1,0,1796,3919.47,1,0,1,5032.56,39774.2,
1,2,1,1800,55368.6,13,2,11,26969.6,7991.33,
0,1,0,1800,2991.66,1,0,1,32623.5,1100.58,
0,1,0,1801,4620.4,1,0,1,25725.3,20307.5,
0,1,0,1805,3704.22,1,0,1,23097.8,22993.7,
1,2,1,1807,10277.7,6,4,2,3215.87,25843.5,
70,71,70,1808,1.06362e+06,1164,957,207,13757.1,13257.4,
6,7,6,1811,34851.7,305,298,7,31190.8,24043.3,
0,1,0,1814,3111.56,1,0,1,39478.6,32588.6,
15,16,15,1815,223050,522,478,44,28288.7,8207.53,
3,4,3,1819,43866.1,337,328,9,28436.3,8051.86,
0,1,0,1822,6824.5,1,0,1,28435.5,7864.89,
0,1,0,1823,3107.72,1,0,1,10932.3,22953,
0,1,0,1824,6025.59,1,0,1,2952.34,4330.22,
0,1,0,1826,4042.18,1,0,1,28525.4,12010.2,
13,14,13,1828,292589,278,222,56,13571.7,34136.3,
0,1,0,1829,6336.68,1,0,1,8015,20481.4,
14,15,14,1830,115083,290,268,22,1632.84,37974.4,
0,1,0,1831,2665.99,1,0,1,23565.4,29681.9,
6,7,6,1838,78532.5,21,11,10,12114.6,38007.8,
5,6,5,1845,39611.2,124,117,7,36704.8,10609.4,
11,12,11,1845,233190,208,165,43,34702.8,23674.2,
0,1,0,1845,6020.08,1,0,1,4633.57,32405.7,
7,8,7,1847,686766,981,853,128,5580.23,14317.6,
20,21,20,1849,191495,331,294,37,11668,5429.05,
30,31,30,1849,257122,193,146,47,4525.23,15892.5,
0,1,0,1852,3139.74,1,0,1,7003.87,19222.7,
2,3,2,1853,42742.4,581,574,7,14231.7,22265.8,
22,23,22,1860,454528,465,383,82,18877.1,16151.2,
4,5,4,1861,37831.9,15,8,7,26248.9,27351.1,
0,1,0,1863,5473.47,1,0,1,25512.1,18104.1,
5,6,5,1870,43476.3,60,51,9,34303.5,3962.36,
11,12,11,1873,235244,165,117,48,1047.73,10591.7,
0,1,0,1878,3620.65,1,0,1,33805.5,16894.4,
17,18,17,1880,232470,330,285,45,24534.8,7755.96,
12,13,12,1881,72578.9,126,111,15,19807.8,21406.5,
0,1,0,1882,5174.8,1,0,1,27523.3,35758,
15,16,15,1884,585730,694,580,114,10112.8,3847.72,
0,1,0,1884,5226.74,1,0,1,27351.8,35733.4,
18,19,18,1886,128770,1084,1058,26,15467.2,6223.54,
4,5,4,1889,18359.1,69,64,5,33957.1,30945.1,
0,1,0,1890,5083.35,1,0,1,28592.8,33232.8,
2,3,2,1892,19563,84,81,3,19118.8,16118.3,
16,17,16,1899,725764,473,324,149,31609.7,3634.28,
18,19,18,1901,511816,199,89,110,11297.5,17083.2,
9,10,9,1901,76674,96,79,17,7248.7,24800.7,
4,5,4,1908,30971.7,247,242,5,37398.6,40299.2,
36,37,36,1908,245152,427,377,50,9568.34,37191.3,
15,16,15,1909,222085,255,211,44,15597.4,28226.3,
9,10,9,1909,127030,132,105,27,26052.1,18779.3,
5,6,5,1918,375104,139,63,76,22852.5,3582.07,
1,2,1,1920,11948,107,105,2,4686.32,15876.7,
1,2,1,1921,11376.3,14,12,2,7970.28,16350.2,
1,2,1,1921,9662.79,982,980,2,16975.5,24172.1,
0,1,0,1924,4275.95,1,0,1,6223.96,30081.5,
15,16,15,1925,257665,129,78,51,25033,33060.7,
0,1,0,1925,6461.44,1,0,1,23196.3,28221.1,
9,10,9,1925,277090,1030,973,57,4119.97,7041.09,
13,14,13,1927,138729,259,225,34,35979.5,23275.4,
38,39,38,1927,486190,956,857,99,12976.5,20796.3,
12,13,12,1928,177319,146,111,35,4138.25,4080.55,
0,1,0,1928,7960.01,1,0,1,14659.7,29063.3,
1,2,1,1932,10690.4,328,326,2,29698.3,38432.3,
1,2,1,1932,13214.7,4,2,2,480.336,17723.4,
1,2,1,1935,10848.5,15,13,2,25983.3,18840.1,
1,2,1,1938,136069,37,10,27,6382.98,14039.1,
0,1,0,1941,5561.86,1,0,1,9458.1,37173.6,
9,10,9,1944,413206,312,224,88,35381.9,3206.48,
1,2,1,1948,15943.4,83,81,2,17944.4,8605.21,
0,1,0,1950,16408.7,3,0,3,29388.7,10603.3,
0,1,0,1951,4724.32,1,0,1,34154.8,30614.3,
38,39,38,1953,650261,521,390,131,17787.8,33002.3,
3,4,3,1955,43625.5,78,68,10,17795.3,32988.8,
7,8,7,1955,79969.3,85,68,17,32714.9,21864.9,
0,1,0,1957,4254.59,1,0,1,26765.6,32250.6,
0,1,0,1957,3097.3,1,0,1,7876.39,16509.5,
0,1,0,1957,5651.4,1,0,1,16157.8,4212.85,
0,1,0,1957,5659.05,1,0,1,26240.5,18766.3,
0,1,0,1968,4406.93,1,0,1,11968.7,23482.1,
15,16,15,1968,212216,879,836,43,12471.5,30484.1,
3,4,3,1969,53207.3,70,60,10,17849.2,2056.28,
0,1,0,1971,4541.77,1,0,1,6695.34,3504.16,
0,1,0,1976,54777.6,10,0,10,2525.21,3599.83,
39,40,39,1977,301769,362,301,61,39399.8,36110.3,
8,9,8,1978,42369.1,50,40,10,2340.39,37964.6,
9,10,9,1979,148068,61,31,30,30373.9,27688.4,
44,45,44,1981,1.43186e+06,1003,707,296,8701.43,19996.8,
0,1,0,1981,4491.9,1,0,1,24624.4,7628.1,
0,1,0,1982,4693.37,1,0,1,718.906,6099.62,
1,2,1,1992,6400.57,206,204,2,2456.22,37946.4,
1,2,1,1993,10605.9,342,340,2,14372.7,21907.3,
0,1,0,1998,8043.01,1,0,1,12612.1,20453.3,
4,5,4,2004,44839.6,22,13,9,30271.8,32569.8,
2,3,2,2005,11977.7,184,181,3,25809.9,13292.3,
0,1,0,2005,3163.82,1,0,1,39989.5,37511.2,
6,7,6,2007,209000,195,152,43,25038,2349.03,
0,1,0,2007,6413.81,1,0,1,37229.3,26563.1,
19,20,19,2009,311632,728,663,65,38044.5,34142.1,
0,1,0,2009,3590.19,1,0,1,4538.23,15738,
0,1,0,2010,4510.52,1,0,1,11683.8,7536.73,
4,5,4,2016,143140,45,14,31,30813.8,9974.31,
10,11,10,2016,79267.9,860,843,17,32678.1,8408.56,
0,1,0,2019,7057.24,1,0,1,8555.99,20019.9,
1,2,1,2019,8174.2,4,2,2,37130.1,40317.8,
0,1,0,2024,167140,33,0,33,34926.3,10221.4,
0,1,0,2025,17859.9,4,0,4,27524.9,2324.14,
0,1,0,2027,5151.65,1,0,1,11727.2,5353.21,
0,1,0,2032,6529.99,1,0,1,8873.7,20054.5,
0,1,0,2037,6315.16,1,0,1,1802.72,38006.8,
0,1,0,2037,3832.89,1,0,1,9189.09,30019.3,
3,4,3,2041,15137.2,242,238,4,4039.14,28807.1,
0,1,0,2046,3297.99,1,0,1,10706.4,26726.6,
0,1,0,2050,9103.8,3,0,3,22409.7,7290.27,
4,5,4,2050,27076.3,847,842,5,34135.7,36818.8,
1,2,1,2052,11129.7,140,138,2,15949.3,27330.4,
0,1,0,2057,6399.25,1,0,1,38740.3,7514.53,
4,5,4,2061,24262.5,129,124,5,24822.6,31858.6,
7,8,7,2063,293560,138,105,33,2610.24,17728.3,
8,9,8,2066,383055,172,91,81,6785.11,5082.81,
6,7,6,2079,341102,116,43,73,30298.5,6530.71,
0,1,0,2081,4422.37,1,0,1,31898.6,4876.75,
0,1,0,2082,7412.62,1,0,1,2783.04,7513.21,
40,41,40,2089,327917,378,322,56,9904.15,38916.7,
4,5,4,2090,43968.5,71,62,9,19912.8,12254.2,
0,1,0,2092,3098.5,1,0,1,6434.02,12039.9,
20,21,20,2094,163780,814,784,30,31885.1,22926.7,
9,10,9,2095,78772.3,88,73,15,20745.5,8036.09,
0,1,0,2096,6235.5,1,0,1,11825.2,4354.04,
2,3,2,2098,67408.6,653,637,16,32797.4,22534.9,
15,16,15,2102,1.5119e+06,356,45,311,2382.36,2305.56,
0,1,0,2103,7160.49,1,0,1,11706.8,21894.7,
73,74,73,2104,1.53283e+06,713,436,277,5602.53,19642.5,
0,1,0,2105,4455.43,1,0,1,18135.8,8518.63,
0,1,0,2105,15173,3,0,3,27020.4,28737.1,
2,3,2,2107,13254,578,575,3,5699.77,19623.4,
0,1,0,2107,7080.23,1,0,1,37765.2,7270.16,
18,19,18,2109,301149,83,21,62,17074.7,36512,
0,1,0,2110,4784.33,1,0,1,17127.8,36648.6,
1,2,1,2114,50217,12,1,11,22254.6,9079.31,
30,31,30,2115,240233,100,49,51,38660.3,32604.4,
0,1,0,2116,4303.12,1,0,1,27262.6,2622.22,
0,1,0,2117,4355.17,1,0,1,11528.7,5344.76,
0,1,0,2125,2794.01,1,0,1,33345.3,35895.7,
0,1,0,2126,6533.49,1,0,1,22883.5,28235.7,
0,1,0,2132,8504.14,1,0,1,19171.4,25672.2,
0,1,0,2133,4982.59,1,0,1,25629.6,36948,
9,10,9,2133,266475,167,114,53,16733.5,27858.4,
0,1,0,2138,4127.41,1,0,1,2230.22,36729.2,
12,13,12,2141,129849,117,91,26,24078.3,32771.7,
0,1,0,2145,5148.56,1,0,1,23280.6,2704.7,
0,1,0,2147,13695.7,2,0,2,22170.1,5506.7,
13,14,13,2148,88598.8,142,124,18,18179,20586.7,
42,43,42,2150,868973,790,624,166,16660.2,30619.4,
3,4,3,2150,32881.9,39,33,6,32314.7,19287.9,
0,1,0,2151,4564.26,1,0,1,34331.4,22138.9,
2,3,2,2151,15575.2,256,253,3,35476,15108.6,
0,1,0,2152,5928.33,1,0,1,34103.4,21993.3,
0,1,0,2153,3709.51,1,0,1,26458.3,8230.6,
0,1,0,2161,6417.44,1,0,1,23955.6,32828.4,
2,3,2,2163,11775.4,38,35,3,39761.4,16198,
0,1,0,2167,8384.51,2,0,2,9560.05,17814.3,
0,1,0,2172,5157.79,1,0,1,16998.4,36425.8,
0,1,0,2174,6115.67,1,0,1,11157.2,35455.1,
0,1,0,2175,7979.31,1,0,1,20642.5,7931.06,
0,1,0,2180,8462.49,1,0,1,29626.4,38291.8,
1,2,1,2181,7088.79,685,683,2,14411.2,15602.2,
12,13,12,2186,176758,431,397,34,2678.94,12112.7,
1,2,1,2187,12125,193,191,2,16036.1,19129.8,
0,1,0,2197,3953.29,1,0,1,39287.5,36303,
50,51,50,2199,1.17743e+06,794,564,230,1444.38,22836.7,
12,13,12,2205,187915,172,140,32,19938.7,36348.8,
0,1,0,2208,3142.61,1,0,1,10003.5,3721.29,
0,1,0,2210,4760.58,1,0,1,39759.6,2101.38,
10,11,10,2212,83539.3,175,160,15,35547,34921.3,
5,6,5,2214,26306.5,704,698,6,6763.72,38202.9,
4,5,4,2214,62863.1,62,49,13,7582.25,16667.4,
10,11,10,2216,69489.7,45,31,14,36170.3,38902.7,
42,43,42,2219,487063,769,676,93,24930.4,530.191,
41,42,41,2219,659539,760,632,128,9153.9,28635.9,
18,19,18,2224,330125,240,176,64,36876.9,19259.7,
0,1,0,2226,4114.74,1,0,1,30113.8,9816.15,
17,18,17,2229,168555,99,69,30,38878.8,33979.3,
36,37,36,2229,628946,755,634,121,31115.8,10551.1,
0,1,0,2231,2799.37,1,0,1,35509.2,34978.7,
21,22,21,2233,384123,252,181,71,13275.2,16601,
0,1,0,2241,4795.2,1,0,1,24167.4,8657.11,
0,1,0,2242,4794.14,1,0,1,5784.3,16156.8,
21,22,21,2242,362027,178,109,69,5741.67,2857.41,
0,1,0,2244,3818.66,1,0,1,35371.6,20305.8,
5,6,5,2245,35169.3,690,682,8,9165.2,33992.5,
0,1,0,2249,9534.83,1,0,1,13474.2,32519.7,
22,23,22,2252,1.29991e+06,739,490,249,22546.9,10439.1,
28,29,28,2255,177259,527,496,31,38870.5,16368.2,
0,1,0,2255,2868.52,1,0,1,29180.3,23799.3,
2,3,2,2258,18368.6,10,6,4,30698.3,13603.5,
8,9,8,2258,420626,90,16,74,17818.6,9629.33,
43,44,43,2259,355381,309,237,72,18235.9,40006.4,
3,4,3,2260,159037,40,10,30,22067.5,2787.9,
7,8,7,2260,184059,94,61,33,6371.89,22188.4,
13,14,13,2273,172635,530,498,32,27295.9,33533.2,
0,1,0,2277,4237.44,1,0,1,37279.6,8724.02,
0,1,0,2279,2564.19,1,0,1,9115.02,34086.7,
0,1,0,2292,4448.92,1,0,1,24628.2,31954.3,
0,1,0,2293,57353.1,11,0,11,27978.5,9178.99,
0,1,0,2296,2838.5,1,0,1,18126.6,39879.1,
0,1,0,2302,6238.28,1,0,1,35605,3035.07,
0,1,0,2302,5066.61,1,0,1,22225.6,14160,
10,11,10,2303,53744.1,88,76,12,19094.6,22266.2,
0,1,0,2306,4277.76,1,0,1,15796.8,35845.6,
5,6,5,2314,144429,90,60,30,28872.1,6543.14,
7,8,7,2315,104035,141,121,20,24292.8,28629,
17,18,17,2315,372221,186,110,76,24812.8,19283.8,
2,3,2,2315,16144.4,98,95,3,21576.2,23749.8,
2,3,2,2315,93252.4,48,29,19,20134.2,4074.05,
0,1,0,2317,3551.9,1,0,1,32695.6,8277.39,
1,2,1,2318,17391.4,34,30,4,6450.6,21185.3,
0,1,0,2319,2453.43,1,0,1,18279.7,40174,
1,2,1,2323,9190.8,23,21,2,30802.5,29720,
22,23,22,2341,944559,639,452,187,11718,15880.2,
0,1,0,2342,6885.02,1,0,1,37256,4868.18,
1,2,1,2351,10130.7,23,21,2,19145.5,22094,
2,3,2,2356,21868.3,51,47,4,6536.56,7980.11,
24,25,24,2358,395708,366,294,72,23880.7,26358.5,
0,1,0,2378,3604.72,1,0,1,34486.7,12725.8,
0,1,0,2378,3213.39,1,0,1,4890.15,32261.1,
0,1,0,2381,3765.92,1,0,1,31924.2,1719.25,
59,60,59,2381,592727,590,473,117,32364.2,34148,
11,12,11,2389,145176,106,76,30,16752.9,28536.2,
4,5,4,2397,29736.6,13,6,7,40284.9,29585.8,
0,1,0,2398,4339.3,1,0,1,36477.1,22120.7,
5,6,5,2400,52629.7,54,44,10,37837.8,39628.1,
5,6,5,2403,265103,111,55,56,34270.4,15704.8,
0,1,0,2403,2809.95,1,0,1,27929.6,17061.4,
31,32,31,2404,626804,427,295,132,25299.8,7628.66,
0,1,0,2404,4961.7,1,0,1,40185.4,29455.4,
0,1,0,2404,6852.69,1,0,1,32748.1,1881.04,
33,34,33,2404,289572,590,532,58,779.184,18468.7,
0,1,0,2407,5783.51,1,0,1,36725,19239.5,
0,1,0,2408,3562.31,1,0,1,24847.8,641.352,
4,5,4,2411,37477,12,5,7,21776.8,37484.9,
0,1,0,2412,4497.39,1,0,1,21973.3,37575.3,
1,2,1,2412,8289.17,129,127,2,32352,33945.8,
0,1,0,2413,7790.72,1,0,1,21696.6,23857.6,
25,26,25,2416,840031,374,215,159,38055.1,13025.2,
0,1,0,2416,5167.84,1,0,1,24382.9,7788.1,
1,2,1,2417,12447.8,13,11,2,38151.1,13010,
0,1,0,2424,5407.58,1,0,1,22649.6,10481.2,
0,1,0,2431,5520.42,1,0,1,20316.2,32591.4,
0,1,0,2434,5336.24,1,0,1,33752.2,13561.9,
0,1,0,2436,5343.34,1,0,1,31171.9,15695.7,
17,18,17,2439,115369,330,309,21,37298.5,28639.7,
25,26,25,2440,224348,144,105,39,27521.8,38000.8,
1,2,1,2442,7430.33,3,1,2,9937.21,38793.1,
12,13,12,2444,342679,192,123,69,9002.48,16761.4,
0,1,0,2446,4738.07,1,0,1,1560.21,22845.9,
1,2,1,2448,10804,3,1,2,8413.54,20989.5,
0,1,0,2451,5761.6,1,0,1,38855.8,16191.5,
7,8,7,2454,58392.9,100,88,12,27587.3,31222.3,
0,1,0,2455,5311.7,1,0,1,25785.1,12947.9,
39,40,39,2455,260278,509,460,49,4360.72,38385.2,
1,2,1,2458,14196.9,217,215,2,25548.5,13096,
0,1,0,2458,6906.55,1,0,1,5913.02,24784.1,
8,9,8,2459,61976.4,115,103,12,3061.16,36691.7,
31,32,31,2462,1.00455e+06,481,292,189,30074.2,10801.1,
0,1,0,2463,4982.18,1,0,1,30134.3,10741.3,
1,2,1,2474,18941,5,1,4,36271.5,35212.6,
1,2,1,2474,11220,96,94,2,16716.9,30468.8,
1,2,1,2486,13861.2,23,21,2,10342.2,12239.9,
0,1,0,2487,3510.28,1,0,1,6992.26,13564.7,
1,2,1,2489,8617.7,63,61,2,27656.2,38098.8,
0,1,0,2493,6890.49,1,0,1,20807.7,17921.2,
5,6,5,2498,149049,64,34,30,11845.6,13339.3,
0,1,0,2507,9043.03,1,0,1,39722.9,20692.2,
9,10,9,2507,290796,120,65,55,33511.1,1123.79,
0,1,0,2508,10628.3,3,0,3,36916,32952.4,
1,2,1,2510,14075.5,462,460,2,32446.7,34240.5,
0,1,0,2515,2953.4,1,0,1,37760.1,35799.8,
3,4,3,2517,37781.6,11,4,7,8535.42,15300,
0,1,0,2519,5390.83,1,0,1,39914.1,20654,
3,4,3,2522,270242,118,64,54,37740.3,4807.87,
0,1,0,2522,2984.92,1,0,1,24503.3,39923.4,
0,1,0,2525,4593.56,1,0,1,32864.2,23608.1,
0,1,0,2531,6350.69,1,0,1,20501.6,8996.82,
1,2,1,2534,14299.1,59,57,2,20624.8,4864.92,
19,20,19,2535,486221,321,234,87,38283.9,2623.21,
0,1,0,2537,8051.65,1,0,1,30379.7,12853.1,
3,4,3,2541,71286,31,16,15,14771.2,4472.16,
0,1,0,2545,3102.41,1,0,1,20832.9,19816.5,
0,1,0,2546,4296.55,1,0,1,11988.8,3030.84,
0,1,0,2549,2682.71,1,0,1,32564.8,31208.3,
0,1,0,2549,53210.4,8,0,8,26296.6,18157,
0,1,0,2557,7695.93,1,0,1,11877.2,33201.1,
0,1,0,2557,5520.46,1,0,1,12657.9,24332.8,
3,4,3,2560,95263.6,46,28,18,4746.62,19380.7,
16,17,16,2566,557682,203,94,109,5946.49,21549.6,
0,1,0,2567,5383.81,1,0,1,11094.9,35835,
13,15,14,2569,240535,432,388,44,40130.1,8358.12,
0,1,0,2572,3850.48,1,0,1,36659.8,11512.1,
2,3,2,2572,15580.3,47,44,3,2219.39,32809.4,
0,1,0,2573,7723.65,1,0,1,37689.5,20802.5,
0,1,0,2573,8346.11,1,0,1,35073.7,4059.92,
0,1,0,2574,6932.18,1,0,1,20073.7,40330.2,
0,1,0,2575,13142.8,3,0,3,3164.27,27335.3,
15,16,15,2579,171702,131,99,32,35102.4,506.038,
0,1,0,2580,9934.28,2,0,2,5306.5,5048.67,
0,1,0,2581,6117.2,1,0,1,35430.3,14952.1,
0,1,0,2588,4447.57,1,0,1,16738.3,30757.5,
1,2,1,2593,25509.6,166,162,4,30336.2,17789.5,
0,1,0,2593,5190.92,1,0,1,39978.5,8351.33,
26,27,26,2594,515583,402,298,104,15282.7,10256.5,
13,14,13,2598,757997,368,227,141,30065.7,2920.98,
0,1,0,2601,6247.18,1,0,1,29968.7,17426.1,
8,9,8,2603,168094,204,172,32,2082.86,14829.1,
12,13,12,2605,84537.1,224,209,15,10558.9,23232.3,
0,1,0,2608,2468.75,1,0,1,21837.8,32638.3,
0,1,0,2609,3297.4,1,0,1,23827,26295.6,
5,6,5,2611,86549,66,51,15,19567.5,30650.4,
1,2,1,2614,18143.9,5,1,4,16575.8,16045,
0,1,0,2616,4647.95,1,0,1,23963.6,26480.5,
8,9,8,2618,95139.9,369,350,19,35719,29009.4,
0,1,0,2619,31828.7,5,0,5,21019.6,3316.93,
7,8,7,2621,139470,121,96,25,2305.67,5902.21,
17,18,17,2642,294685,143,87,56,7196.73,6112.02,
1,2,1,2642,11842,4,1,3,25863.4,10242.9,
0,1,0,2648,2742.42,1,0,1,31664.3,39637.9,
0,1,0,2649,8971.73,1,0,1,31468.2,39610.2,
8,9,8,2652,74379,288,275,13,11537.6,23561.2,
0,1,0,2653,4394.79,1,0,1,25511.8,7598.52,
4,5,4,2654,23152.1,163,158,5,4010.39,38438.4,
0,1,0,2655,4397.36,1,0,1,25139,7683.74,
0,1,0,2657,4961.59,1,0,1,3831.7,38586.2,
19,20,19,2661,611882,327,203,124,38003.7,11278.5,
0,1,0,2662,5684.72,1,0,1,10788.1,35755.1,
0,1,0,2664,6349.96,1,0,1,31776,20489.8,
0,1,0,2683,6515.68,1,0,1,34252.4,16598.8,
2,3,2,2683,25105.9,8,2,6,31351.5,2175.33,
11,12,11,2689,534392,143,38,105,26757.6,6218.42,
5,6,5,2690,48340.4,62,52,10,2006.37,7917.94,
0,1,0,2694,3968.24,1,0,1,5489.22,19714.8,
0,1,0,2696,4830.78,1,0,1,6132.18,24864.3,
8,9,8,2697,286044,215,161,54,7191.97,2648.61,
0,1,0,2697,5934.91,1,0,1,1179.46,8312.45,
0,1,0,2702,6237.29,1,0,1,37450.1,28586.4,
0,1,0,2706,6070.52,1,0,1,11755.9,4087.85,
0,1,0,2707,6208.47,1,0,1,16436.4,18765,
3,4,3,2709,17528,22,18,4,37211.5,30901.5,
12,13,12,2710,161725,156,124,32,9848.55,29535.9,
10,11,10,2710,96220,289,271,18,2779.9,25974.7,
0,1,0,2710,5445.67,1,0,1,6575.04,19187.5,
16,17,16,2711,703857,286,159,127,8774.83,5454.79,
6,7,6,2713,206912,91,52,39,21629.6,18152.5,
7,8,7,2715,157850,54,28,26,17363.6,22409.7,
2,3,2,2715,25196.6,32,26,6,27326.5,33547.8,
0,1,0,2715,6489.94,1,0,1,20039.7,29548.2,
25,27,26,2716,720047,285,142,143,25127.3,29397.1,
1,2,1,2718,69862.9,17,1,16,16791.4,30051,
0,1,0,2725,3179.77,1,0,1,37384.4,31124,
2,3,2,2726,38436.8,16,9,7,29308.9,22251.4,
6,7,6,2728,115163,212,192,20,15885.3,25647.1,
3,5,4,2730,221039,271,226,45,7372.48,10927.8,
0,1,0,2739,7053.69,1,0,1,11246.7,35154.1,
0,1,0,2740,5426.74,1,0,1,26921.6,6262.41,
0,1,0,2744,6042.72,1,0,1,620.256,18531.1,
0,1,0,2748,8041.35,1,0,1,17322.1,8448.81,
0,1,0,2748,4135.34,1,0,1,29032.9,15993.3,
3,4,3,2749,30793.5,40,34,6,4148.56,6992.05,
21,22,21,2749,177819,240,202,38,23554.2,38362.6,
2,3,2,2751,128933,84,62,22,23701.1,3294.77,
2,3,2,2756,21087.4,87,84,3,39120.4,37907.7,
0,1,0,2764,6230.38,1,0,1,9335.18,28976.3,
11,12,11,2769,79525.2,88,71,17,38693,29435,
0,1,0,2770,4385.91,1,0,1,38792.6,29490.3,
2,3,2,2774,76042.7,25,8,17,23804.4,25092,
0,1,0,2775,4311.61,1,0,1,19183.4,24341.7,
25,26,25,2776,341865,165,101,64,1513.94,26426.9,
0,1,0,2777,5652.49,1,0,1,1930.21,16775.4,
12,14,13,2780,616592,221,101,120,25206,14515.5,
1,2,1,2785,11220.7,164,162,2,5103.32,25668,
0,1,0,2789,3599.53,1,0,1,37091.5,8024.4,
13,14,13,2789,175686,104,70,34,16310.3,33136,
0,1,0,2790,4541.95,1,0,1,38656.2,29616.9,
0,1,0,2796,7670.26,1,0,1,15949.7,3863.65,
9,11,10,2796,600780,205,91,114,8243.61,13766.3,
7,8,7,2800,119789,192,171,21,32853.7,6173.16,
0,1,0,2800,3230.3,1,0,1,31868.9,5102.69,
11,12,11,2804,203609,159,118,41,13904,29431.7,
5,7,6,2809,393758,192,110,82,6832.74,5610.1,
1,2,1,2810,384117,91,17,74,5583.51,1865.74,
0,1,0,2816,5075.38,1,0,1,1963.22,16938.6,
0,1,0,2818,6195.96,1,0,1,14847.6,25367.9,
2,3,2,2819,26521.4,17,11,6,5813.53,11891,
1,2,1,2821,81114.2,16,1,15,37106.5,12039.9,
40,41,40,2824,342856,173,107,66,13202.7,15494.1,
0,1,0,2826,4262.72,1,0,1,18225.2,11534.6,
11,13,12,2827,162327,174,143,31,39680.1,18623.4,
6,7,6,2828,269832,167,114,53,12012.1,23118.9,
0,1,0,2830,4402.45,1,0,1,36987.2,12187.6,
5,6,5,2830,51753.4,101,90,11,11734.2,14056.7,
11,12,11,2834,136868,164,140,24,13679.7,8400.65,
0,1,0,2835,8106.91,1,0,1,27594.2,1196.67,
0,1,0,2836,14636.9,2,0,2,6981.54,14366.1,
0,1,0,2837,5277.87,1,0,1,2728.22,26066.9,
4,5,4,2841,241165,73,26,47,37773.9,4419.47,
0,1,0,2844,10126.9,1,0,1,4170.83,38501.3,
2,3,2,2849,19659.8,90,86,4,32934.6,6142.75,
1,2,1,2852,16229.1,25,23,2,8673.83,5555.43,
3,4,3,2856,149484,49,20,29,34149.4,14742.1,
15,17,16,2858,352736,143,76,67,34064.9,22367.5,
3,4,3,2862,26909.7,115,111,4,38757.6,39753.5,
1,2,1,2865,17068.2,71,67,4,5932.18,12773.2,
0,1,0,2867,4948.01,1,0,1,3490.12,9112.86,
13,14,13,2868,154904,98,70,28,6063.62,35907.2,
0,1,0,2868,5854.81,1,0,1,38761.8,39624.7,
0,1,0,2868,7251.46,1,0,1,23675.3,5199.74,
0,1,0,2870,3827.54,1,0,1,24896.6,15200.5,
3,4,3,2870,171632,99,62,37,2144.5,10730,
3,4,3,2874,133399,72,42,30,7736.2,17060.1,
0,1,0,2877,5205.32,1,0,1,15200.5,10381.2,
0,1,0,2881,2695.45,1,0,1,6833.88,22128.4,
0,1,0,2882,6262.45,1,0,1,26773.2,24744.7,
1,2,1,2882,10081.4,72,70,2,5776.5,16322.2,
1,2,1,2885,20291.8,115,111,4,3787.47,9385.01,
0,1,0,2890,8175.42,1,0,1,26434.8,34775.9,
6,7,6,2898,218777,96,53,43,18421.2,6948.07,
3,4,3,2898,49541.4,75,65,10,9852.34,5711.69,
0,1,0,2906,2199.27,1,0,1,9807.8,11510.7,
5,6,5,2912,51856.2,87,77,10,7156.73,10847,
0,1,0,2912,5129.1,1,0,1,37535.7,37448.6,
0,1,0,2915,44449.6,8,0,8,8390.28,21889.2,
7,8,7,2916,158192,84,53,31,30480.8,17376.2,
0,1,0,2919,4439.56,1,0,1,30141.7,15679.9,
13,14,13,2921,128073,73,48,25,33948.7,21724.7,
0,1,0,2921,7066.95,1,0,1,22558.8,10299.6,
0,1,0,2923,4483.28,1,0,1,15472.4,23031.9,
0,1,0,2925,4797.98,1,0,1,33759.2,2846.35,
2,3,2,2930,45673.3,12,2,10,34629.7,5953.61,
0,1,0,2930,5413.19,1,0,1,3481.61,22011.5,
1,2,1,2932,25630.5,11,5,6,24933.8,8934.56,
2,3,2,2932,11389.9,54,51,3,17589.4,8011.28,
0,1,0,2933,3023.38,1,0,1,39523.5,18577.8,
2,4,3,2935,155489,66,35,31,24441.6,18785.3,
1,2,1,2940,9281.37,49,47,2,24835,37065.1,
6,7,6,2942,117792,58,33,25,26150.1,25585,
0,1,0,2946,5216.97,1,0,1,7824.98,37303,
4,5,4,2947,33632.9,43,37,6,35076.6,22862.4,
0,1,0,2949,4743.88,1,0,1,1256.05,22900.3,
0,1,0,2950,7046.01,1,0,1,24596.2,19962.2,
0,1,0,2951,4178.01,1,0,1,14286.4,18194.4,
2,3,2,2954,21288.2,26,22,4,26693,11591,
0,1,0,2960,6348.03,2,0,2,30376.6,20656.2,
0,1,0,2967,6506.94,1,0,1,7134.97,10955.4,
0,1,0,2970,3207.97,1,0,1,38754,39924.9,
2,3,2,2971,49998.2,13,3,10,7126.75,10205.1,
0,1,0,2974,3987.68,1,0,1,8402.83,23111.1,
0,1,0,2975,8230.39,1,0,1,8478.93,23283.4,
1,2,1,2982,10575.3,15,13,2,13773,8475.42,
0,1,0,2988,5397.06,1,0,1,9950.09,9037.71,
4.29497e+09,1,0,2998,14246.8,3,0,3,22858.1,4134.52,
4.29497e+09,1,0,2999,9416.86,2,0,2,1320.99,24145.3,
