# seq OFF,# seq ON,blinks,frame,intensity,lifetime,total OFF,total ON,x,y,
2,3,2,1,2.86064e+06,89,15,74,3580.12,9033.01,
0,1,0,1,1.70769e+08,4000,0,4000,27700,23377.6,
0,1,0,1,1.6052e+08,4000,0,4000,35731.4,22971.3,
0,1,0,6,45839.9,1,0,1,1161.47,28809.3,
0,1,0,12,50196.1,1,0,1,33190.9,11165.8,
0,1,0,15,48710,1,0,1,5045.08,19317.8,
0,1,0,19,49038.7,1,0,1,39647.2,14940,
0,1,0,31,7301.46,1,0,1,16804.2,14393.2,
0,1,0,32,52751.8,1,0,1,20509.9,14442,
0,1,0,33,9521.03,1,0,1,38532.9,38402.3,
0,1,0,35,6553.26,1,0,1,21165.6,11541.8,
0,1,0,47,135672,3,0,3,12302.1,23662,
0,1,0,54,54241.8,2,0,2,4934.36,31432.5,
0,1,0,57,49055.9,1,0,1,39659.6,23693.8,
0,1,0,58,49463.5,1,0,1,39598.8,23273.7,
0,1,0,60,42122.6,1,0,1,35030.9,27067.5,
0,1,0,63,46293.1,1,0,1,35245.1,24915.6,
1,2,1,64,152996,683,680,3,35126.4,24717.2,
0,1,0,66,46026,1,0,1,35802.5,24587.5,
0,1,0,68,8742.09,1,0,1,17834.5,12936.7,
0,1,0,71,99686.7,2,0,2,27191,32997.3,
0,1,0,71,47745.6,2,0,2,38016.1,17723,
0,1,0,71,50568.5,1,0,1,27160.8,32762.1,
0,1,0,72,46891.5,1,0,1,25420.9,33109.8,
0,1,0,73,18510.3,1,0,1,37344.6,17212.8,
0,1,0,73,47978.2,1,0,1,22976.9,35018.1,
0,1,0,73,43862.5,1,0,1,37143,18008.8,
0,1,0,76,46809.9,1,0,1,29697,8765.97,
0,1,0,76,7092.98,1,0,1,40035.1,20042.6,
0,1,0,81,53140.7,1,0,1,37143.9,26049.1,
1,2,1,82,98857.6,296,294,2,36986.2,26898.1,
0,1,0,102,52540.4,1,0,1,29513.2,39324.2,
0,1,0,103,43515,1,0,1,19719.3,11558.8,
0,1,0,105,53558.7,1,0,1,32226.3,37560.1,
0,1,0,107,89004.8,2,0,2,30247.1,31860.5,
24,25,24,107,1.29535e+06,140,110,30,4333.47,11065.9,
0,1,0,109,41105,1,0,1,30268.6,26834.4,
0,1,0,111,45486.8,1,0,1,4281.6,11041.4,
0,1,0,116,6490.29,1,0,1,20550.3,38680.6,
0,1,0,117,86777,2,0,2,11534.7,34454.6,
0,1,0,122,8868.18,1,0,1,22502.5,13129.2,
0,1,0,123,46147.7,1,0,1,22532.4,12932,
1,2,1,124,92115.2,2868,2866,2,21336.2,12954.5,
0,1,0,125,46728.1,1,0,1,21276.5,15665.3,
0,1,0,126,45816.5,1,0,1,20793.4,16378.2,
0,1,0,130,91558.2,2,0,2,16397.1,11324.9,
0,1,0,130,47990.2,1,0,1,12854.4,31889.1,
0,1,0,134,49956.9,1,0,1,23832.4,14047.7,
0,1,0,135,51222,1,0,1,17507.6,23017.5,
0,1,0,143,40756.2,1,0,1,35399.5,28460.1,
0,1,0,144,41123.4,1,0,1,40194.8,2928.82,
0,1,0,151,44124.1,1,0,1,40299.2,8792.51,
0,1,0,151,44988.2,1,0,1,7846.78,8956.72,
0,1,0,151,48328.6,1,0,1,22070.4,20485.9,
0,1,0,155,41151.4,1,0,1,8586.9,8881.73,
0,1,0,155,6854.81,1,0,1,28590.8,39970.1,
0,1,0,157,87289.6,2,0,2,25789.1,36090,
0,1,0,159,1.15711e+06,27,0,27,5633.66,4575.13,
0,1,0,160,44528.2,1,0,1,20851.1,36586.6,
0,1,0,162,50463.6,1,0,1,21296.8,36421.7,
0,1,0,163,44536,1,0,1,20843.4,37929.7,
0,1,0,166,42762.7,1,0,1,24901.2,33967.9,
0,1,0,167,102422,2,0,2,28940.8,18413.8,
1,2,1,168,97402.5,192,190,2,27183.9,32493.5,
0,1,0,172,134420,3,0,3,15526.4,11913.2,
0,1,0,187,47212.7,1,0,1,37936.5,38574.9,
3,4,3,188,278946,17,11,6,3626.75,3699.7,
1,2,1,191,47923.5,2635,2633,2,19816.8,36166.9,
0,1,0,192,48752.1,1,0,1,20623.9,38473.4,
0,1,0,194,5422.31,1,0,1,17389.4,21031.4,
0,1,0,196,92958.8,2,0,2,35911.2,31725,
0,1,0,196,49487.5,1,0,1,13260.6,18850.8,
0,1,0,197,47555.1,1,0,1,28344.1,28621.8,
0,1,0,202,52893.3,1,0,1,12327.9,8464.5,
0,1,0,203,48833.2,1,0,1,26643.9,33381.7,
0,1,0,203,48998.9,1,0,1,11985.5,8934.03,
0,1,0,208,51329.5,1,0,1,7698.84,9716.79,
0,1,0,210,43753,1,0,1,19100.5,25070.2,
0,1,0,211,52145.9,1,0,1,11207.2,31731.5,
0,1,0,227,48795.8,1,0,1,15690.5,8090.41,
0,1,0,251,45798.9,1,0,1,12755.7,604.8,
0,1,0,252,43150.7,1,0,1,13009.6,672.994,
0,1,0,253,47024.4,1,0,1,12755.2,3059.19,
0,1,0,260,39583.1,1,0,1,26847.2,15150.7,
0,1,0,260,43187.7,1,0,1,37844.9,30147.6,
0,1,0,269,95526.7,2,0,2,35376.8,3337.93,
0,1,0,269,5819.92,1,0,1,30069.1,7623.3,
0,1,0,271,43469.3,1,0,1,35299.1,3498.74,
0,1,0,273,43849.7,1,0,1,9070.43,13743,
0,1,0,275,46186.3,1,0,1,11152.6,12311.6,
0,1,0,276,43275.1,1,0,1,38524,7995.46,
0,1,0,278,10272.3,1,0,1,9852.98,11376,
0,1,0,284,9690.42,1,0,1,6931.34,27189.8,
0,1,0,316,46287.7,1,0,1,11939.9,4827.21,
0,1,0,317,50304.6,2,0,2,27738.7,39853.6,
0,1,0,321,88717.2,2,0,2,15899.9,11885,
0,1,0,321,87765.1,2,0,2,37133.8,17245.4,
0,1,0,323,8030.11,1,0,1,16882.9,9686.15,
0,1,0,324,47984.2,1,0,1,16662.4,9598.05,
0,1,0,349,40938.5,1,0,1,35415.7,31947.5,
0,1,0,350,11324.3,1,0,1,35371.9,32942.2,
0,1,0,350,13530.9,1,0,1,35154.2,32718.1,
0,1,0,351,47074.2,1,0,1,34671.8,32902.8,
0,1,0,355,42198.8,1,0,1,26366.1,32618.2,
0,1,0,355,13737.4,1,0,1,39100.9,38103.4,
0,1,0,360,51522.2,1,0,1,27556.8,31817.3,
0,1,0,360,48445.8,1,0,1,21898.1,31344.4,
0,1,0,361,9552.58,1,0,1,28328.1,31817.8,
0,1,0,366,45986.1,1,0,1,35847.9,30954.3,
0,1,0,367,45381.8,1,0,1,29736.2,8227.98,
0,1,0,367,95794.5,2,0,2,34957.7,33099.8,
0,1,0,369,10965.6,1,0,1,34849.9,32975.3,
0,1,0,371,15423.6,1,0,1,28384.7,39192,
0,1,0,371,49180.3,1,0,1,30628.5,11377.7,
2,3,2,372,144843,3537,3532,5,27535.3,39585.4,
0,1,0,377,48377.3,1,0,1,19841.5,9571.96,
0,1,0,377,43581.1,1,0,1,31720.2,12442.2,
0,1,0,378,46295.2,1,0,1,33295.6,13805.2,
0,1,0,379,43319.2,1,0,1,26619.2,40056.8,
0,1,0,382,41515,1,0,1,32331.3,34623.4,
0,1,0,383,40988.5,1,0,1,12318,1092.91,
1,2,1,384,17958.9,1246,1244,2,12532.7,1042.75,
0,1,0,384,45984.1,1,0,1,20460.6,26475.5,
0,1,0,385,46923.6,1,0,1,10701.4,3602.65,
0,1,0,388,5425.26,1,0,1,19865.3,26641.6,
0,1,0,389,47190.4,1,0,1,13231.9,2021.08,
0,1,0,390,49057.4,1,0,1,13213.2,2881.66,
0,1,0,396,47570.7,1,0,1,28372.3,32310.2,
0,1,0,401,50578,1,0,1,34107.5,32591.8,
0,1,0,406,5095.92,1,0,1,25583.9,39926.8,
2,3,2,407,150312,3525,3522,3,27288.3,39083.5,
0,1,0,408,66747.1,1,0,1,22849.3,9715.28,
0,1,0,422,43557.7,1,0,1,15117.2,21206.5,
0,1,0,424,75949.9,1,0,1,13255.1,25640.7,
0,1,0,430,73161.8,1,0,1,26200.4,24725,
0,1,0,431,51772.5,1,0,1,6890.11,34131.5,
0,1,0,432,184055,3,0,3,18216.1,38890.6,
0,1,0,433,158098,3,0,3,39447.3,34028.7,
0,1,0,454,7511.62,1,0,1,7862.74,35375.4,
0,1,0,457,53347.2,1,0,1,15547.9,19230.9,
0,1,0,463,70275.4,1,0,1,14115.4,4493.12,
0,1,0,469,71466.6,1,0,1,8064.42,13700,
17,18,17,469,2.47808e+06,304,250,54,34673.2,8177.34,
0,1,0,501,49631.4,1,0,1,21900.8,4532.65,
0,1,0,566,38830.6,1,0,1,23373.9,34739.3,
0,1,0,587,40758.5,1,0,1,34462.6,33856.8,
0,1,0,590,49643.2,1,0,1,35714,35994.4,
0,1,0,593,44549.8,1,0,1,28725.8,30983.7,
0,1,0,595,54848,1,0,1,27400.5,29951.8,
0,1,0,596,482809,10,0,10,27733.6,28775.8,
2,3,2,598,195583,43,39,4,38489.6,37703.4,
0,1,0,606,20752.8,1,0,1,8737.61,1611.19,
0,1,0,616,297784,6,0,6,36428.2,14251.4,
1,2,1,617,237961,6,1,5,7971.16,36782.4,
0,1,0,619,55487,1,0,1,35994.7,36538.5,
1,2,1,621,71342,7,5,2,24592.8,1238.4,
0,1,0,621,46912,1,0,1,37611.8,30953.7,
1,2,1,633,294597,9,1,8,14790,23475.3,
0,1,0,634,91792.4,2,0,2,36802.9,35092.5,
0,1,0,652,4539.72,1,0,1,12063.4,13486,
0,1,0,665,47009.6,1,0,1,6551.13,13553.7,
0,1,0,667,45755.4,1,0,1,26779.3,23072.3,
0,1,0,674,44501.1,1,0,1,39361.5,28029.2,
0,1,0,690,203919,4,0,4,31090.3,23840.6,
0,1,0,701,53003.2,1,0,1,14637.7,19167.9,
0,1,0,719,46949.3,1,0,1,26780.5,32832.8,
0,1,0,725,48020.9,1,0,1,18678,35364.6,
0,1,0,727,43710.1,1,0,1,7829.06,3901.14,
0,1,0,733,51603.1,1,0,1,15325.1,5919.06,
0,1,0,735,96739.3,2,0,2,28795.8,19810.3,
0,1,0,740,46986.2,1,0,1,40180.6,30889.6,
0,1,0,742,53905.8,1,0,1,32564.7,30435.6,
1,2,1,743,100540,1314,1312,2,26904.5,29419.8,
0,1,0,744,46507.6,1,0,1,28213.1,28953.4,
0,1,0,744,52956,1,0,1,15414.8,10332.2,
0,1,0,753,52952.4,1,0,1,16284.5,9190.01,
0,1,0,755,48144,1,0,1,16354,6855.66,
0,1,0,757,53077.8,1,0,1,34045.5,18369.5,
1,2,1,757,100108,3,1,2,25282.7,19276.7,
1,2,1,759,100297,8,6,2,26938.2,14354.5,
0,1,0,761,41126.2,1,0,1,34587.9,21239.4,
0,1,0,767,187475,4,0,4,25379.1,16381.5,
0,1,0,767,65998.2,2,0,2,36505.1,15125.1,
0,1,0,779,52871.6,1,0,1,11183.9,37605.7,
0,1,0,787,35467.7,1,0,1,40251.7,35745.9,
0,1,0,791,58519.9,1,0,1,37719.1,25845.3,
0,1,0,796,43404.3,1,0,1,37486.1,30709.9,
0,1,0,797,57495.2,1,0,1,36170.1,28382.8,
0,1,0,798,35923.8,1,0,1,35323.3,27952.7,
0,1,0,798,57517.1,1,0,1,36277.6,27853.3,
0,1,0,799,45074.9,1,0,1,35990.4,28325.4,
0,1,0,800,52751.8,1,0,1,35681,28409.1,
0,1,0,805,52578.9,1,0,1,11015.4,1118.09,
0,1,0,806,45066.4,1,0,1,39643.4,1128.84,
5,6,5,807,3.34214e+06,82,5,77,37541.4,13768,
0,1,0,810,157906,4,0,4,14330,1924.13,
0,1,0,819,45610.5,1,0,1,5566.26,2497.43,
0,1,0,821,49494.9,1,0,1,14791.1,1821.74,
0,1,0,841,46644.4,1,0,1,17251.1,6765.74,
0,1,0,842,52293.6,1,0,1,17199.2,7320.28,
0,1,0,843,61420.4,2,0,2,15511.5,6372.72,
0,1,0,847,49766.2,1,0,1,21082.8,3195.78,
9,10,9,847,658856,838,825,13,34838.9,29172.5,
0,1,0,862,328714,7,0,7,10391.6,33935.9,
0,1,0,869,57357.5,2,0,2,24320.6,27732.9,
0,1,0,871,53539.4,1,0,1,34438.6,4838.71,
0,1,0,871,50980.8,1,0,1,21575.9,26574.8,
0,1,0,873,45950.2,1,0,1,21756,29786,
0,1,0,874,49917.6,1,0,1,21295.6,29354.1,
0,1,0,895,52015.3,1,0,1,13456.9,23677.5,
1,2,1,898,60687.8,3,1,2,12958.4,21958.6,
0,1,0,910,47820.7,1,0,1,16642.5,20800.5,
0,1,0,916,6028.42,1,0,1,31220.5,34540.3,
0,1,0,923,54108.3,1,0,1,15219.9,10120.7,
0,1,0,925,45184,1,0,1,24355.3,24729.1,
29,30,29,930,1.91923e+06,322,281,41,33469.3,10698.8,
0,1,0,935,95729.7,2,0,2,36402.6,31135,
0,1,0,940,48781.5,1,0,1,33941.6,35916,
0,1,0,947,44580.1,1,0,1,15751.4,10259.1,
0,1,0,950,58240,1,0,1,24317.8,33622.2,
0,1,0,952,54994.2,1,0,1,24181.2,33418.6,
1,2,1,952,87058,4,2,2,24619.7,37542.5,
0,1,0,955,50589.7,1,0,1,24048.6,34587,
0,1,0,955,45498.5,1,0,1,24482.2,34336,
0,1,0,957,56423.9,1,0,1,23984.9,40162.3,
0,1,0,958,54877,1,0,1,36090.6,14627,
5,6,5,961,750304,29,13,16,5240.33,789.207,
0,1,0,970,47474,1,0,1,29350.3,15053.3,
0,1,0,993,54468.5,1,0,1,33938.1,18097.7,
1,2,1,1023,94466.9,4,2,2,29825.2,34962.4,
0,1,0,1027,42255.8,1,0,1,11818,34209.9,
0,1,0,1050,44414.9,1,0,1,39234.9,7574.98,
0,1,0,1059,55097.5,1,0,1,10336,33432,
1,2,1,1063,98024.8,2730,2728,2,39766.7,24409.9,
0,1,0,1064,51473.4,1,0,1,33455.1,1513.78,
0,1,0,1067,46057.3,1,0,1,14009.1,10824.1,
0,1,0,1070,42953.4,1,0,1,16901.1,16988.9,
0,1,0,1079,151344,3,0,3,18088.9,19644.4,
0,1,0,1082,44053.3,1,0,1,38284.4,17331.8,
0,1,0,1083,55970.8,1,0,1,10705.9,13405.3,
0,1,0,1092,46550.9,1,0,1,32593.7,19034.4,
0,1,0,1095,53210.2,1,0,1,13709.7,23642.3,
0,1,0,1102,44097.6,1,0,1,38587.8,33335,
0,1,0,1106,56156.8,1,0,1,18855.2,24395.2,
0,1,0,1107,47761.5,1,0,1,18223.5,20497.5,
0,1,0,1115,48210.7,1,0,1,34682.9,29293.4,
0,1,0,1119,42832.7,1,0,1,24461.9,10934.5,
0,1,0,1126,91979.9,2,0,2,20704,9089.46,
0,1,0,1128,193183,4,0,4,21357,8790.17,
0,1,0,1134,41269,1,0,1,14740.1,13951.1,
0,1,0,1136,42866,1,0,1,21942.2,12556,
0,1,0,1137,52430.8,1,0,1,23165.1,13236.7,
0,1,0,1139,40321.9,1,0,1,20298.5,14738.7,
0,1,0,1169,51797.8,1,0,1,24395.4,19609.6,
0,1,0,1175,40123.4,1,0,1,22509.2,38579.6,
0,1,0,1176,1.17325e+06,26,0,26,22884.8,40178.5,
0,1,0,1179,51138.2,1,0,1,9590.29,38372,
0,1,0,1179,46260.2,1,0,1,20416.1,33227.1,
0,1,0,1198,657948,13,0,13,39327.2,20693.2,
0,1,0,1200,49645.5,1,0,1,22864.7,22849.6,
0,1,0,1201,47043.4,1,0,1,22878,23073.3,
0,1,0,1202,48780.2,1,0,1,22728.4,23013.7,
0,1,0,1203,49756.9,1,0,1,16764.9,36559.8,
0,1,0,1203,8713.63,1,0,1,21676.2,23370.8,
0,1,0,1204,5497.05,1,0,1,21276.4,23870,
0,1,0,1206,54795.5,1,0,1,13813.1,2737.38,
0,1,0,1210,44996,1,0,1,34144.5,24959.3,
1,2,1,1226,102072,2174,2171,3,19134.2,24110.4,
0,1,0,1227,8203.69,1,0,1,31779.4,16162.6,
0,1,0,1229,49171.9,1,0,1,12166.4,1361.85,
0,1,0,1235,47382.5,1,0,1,28481.1,25858.5,
1,2,1,1238,63593.5,4,2,2,17557.6,7252.83,
0,1,0,1247,50193.6,1,0,1,31862.2,2189.51,
0,1,0,1247,48863.8,1,0,1,27461.8,26025.2,
0,1,0,1254,45909.6,1,0,1,27615.1,26795.8,
0,1,0,1255,48874.3,1,0,1,27463.1,26868.3,
0,1,0,1257,163680,4,0,4,27989.5,29802,
0,1,0,1264,18579.9,1,0,1,35319.4,24213.5,
0,1,0,1266,47312.5,1,0,1,36849.4,27344.1,
0,1,0,1274,40680.9,1,0,1,38445.2,24337.1,
0,1,0,1278,16515.9,1,0,1,16751.6,14101.2,
0,1,0,1295,55511.1,1,0,1,22762.1,35719.4,
0,1,0,1299,40682.6,1,0,1,19593.3,27387.7,
0,1,0,1314,106226,3,0,3,19578.3,27825.3,
0,1,0,1315,14872.7,1,0,1,22525,35363.2,
0,1,0,1317,49953.8,1,0,1,32947.3,30262,
0,1,0,1320,46878.7,1,0,1,35682.4,31622.2,
0,1,0,1321,59855.4,2,0,2,35251.1,31272,
0,1,0,1323,40409.8,1,0,1,20758.5,39012.7,
0,1,0,1323,12753.3,1,0,1,26103,26247.8,
0,1,0,1325,51504.9,1,0,1,23954.3,38249.7,
0,1,0,1327,41668.5,1,0,1,22682.7,38261.6,
0,1,0,1328,15924.2,1,0,1,22899,38134.8,
0,1,0,1329,42392.8,1,0,1,23680.5,38252.2,
1,2,1,1330,69598.7,1858,1856,2,22535.8,39223,
0,1,0,1330,48356,1,0,1,26611.3,22972.6,
0,1,0,1331,46210.1,1,0,1,22108,38076.2,
0,1,0,1331,45124.2,1,0,1,26498.1,23328,
0,1,0,1333,41447.2,1,0,1,21459.8,32201.7,
0,1,0,1335,25009.8,1,0,1,17160.5,32666.2,
1,2,1,1335,116562,376,373,3,18297.1,32993.4,
0,1,0,1337,53082.7,1,0,1,18555.5,32516.6,
0,1,0,1338,41453.1,1,0,1,18823.7,32294.6,
0,1,0,1343,32174.9,2,0,2,6759.93,30971,
0,1,0,1348,53777.7,1,0,1,20113.9,26540.8,
0,1,0,1349,42916.8,1,0,1,19917.4,30186.4,
0,1,0,1351,69408.8,2,0,2,18093.5,36478.8,
0,1,0,1353,13725.7,1,0,1,19965.9,36678.4,
4,5,4,1353,316585,27,20,7,936.597,14122.2,
0,1,0,1353,49044.8,1,0,1,32464,23279.6,
0,1,0,1355,47188.2,1,0,1,23583.6,9073.22,
0,1,0,1358,42085.3,1,0,1,25563.3,30812,
0,1,0,1359,96002.6,2,0,2,34462.1,5582.5,
0,1,0,1380,52173.9,1,0,1,16412.1,23306.4,
0,1,0,1381,8293.87,1,0,1,17662.7,23066.6,
0,1,0,1382,42735.8,1,0,1,17427.7,23173.3,
1,2,1,1383,59710.2,960,958,2,39264.6,24994.5,
0,1,0,1391,6129.72,1,0,1,12078.2,28509,
0,1,0,1395,11617.4,1,0,1,1696.65,7807.69,
0,1,0,1396,93553.1,2,0,2,32814,26400.4,
0,1,0,1398,128878,4,0,4,21111.7,18310.5,
1,2,1,1399,92447.8,3,1,2,27979.8,25562.6,
0,1,0,1399,5900.71,1,0,1,30757,31232.5,
0,1,0,1400,26639.2,1,0,1,27691,25853.5,
1,2,1,1401,48487.1,413,411,2,28966.6,25540.6,
0,1,0,1403,52537.4,1,0,1,27924.2,22860.1,
0,1,0,1408,820414,20,0,20,2957.54,9275.9,
0,1,0,1410,45933.9,1,0,1,29654,35278.6,
0,1,0,1410,43438.5,1,0,1,30378.8,34295.7,
0,1,0,1415,45315.2,1,0,1,40050.8,27295.1,
0,1,0,1416,52280.6,1,0,1,39286.7,28284.7,
1,2,1,1417,196583,1834,1829,5,32053.3,34136.7,
0,1,0,1418,52147.7,1,0,1,23772,31574.5,
0,1,0,1419,42550,1,0,1,25326.6,30185.6,
0,1,0,1420,48535.5,1,0,1,26320.3,24154,
0,1,0,1421,53525.3,1,0,1,30962.8,27584.1,
0,1,0,1422,44903,1,0,1,38127.1,29379.1,
0,1,0,1422,52097.4,1,0,1,29515.2,24278.7,
0,1,0,1424,8771.6,1,0,1,31500.6,25905.1,
0,1,0,1425,52034.1,1,0,1,29937.4,28213.8,
0,1,0,1425,40621.2,1,0,1,26802,27252.1,
0,1,0,1427,92730.9,2,0,2,26970.3,29768.3,
0,1,0,1429,3764.92,1,0,1,25927.4,30730.8,
0,1,0,1429,13084.9,1,0,1,15228.8,3621.43,
0,1,0,1448,44725.2,1,0,1,17693.5,22311,
2,3,2,1452,628907,21,7,14,12808.3,8827.88,
0,1,0,1455,9001.5,1,0,1,28788.5,22043.9,
0,1,0,1455,52104.6,1,0,1,31889.8,22894.5,
0,1,0,1455,50647.5,1,0,1,18457.7,22709,
0,1,0,1456,48254.7,1,0,1,30293.3,23921.8,
0,1,0,1496,6922.96,1,0,1,38591.5,23790.5,
0,1,0,1502,54079.1,1,0,1,17511.9,31000,
0,1,0,1504,20585.5,2,0,2,14058.2,30979.6,
1,2,1,1521,95788.1,5,3,2,27741,12748.9,
0,1,0,1524,48102.5,1,0,1,3460.49,28981.3,
0,1,0,1541,45023.6,1,0,1,37834.7,37623.8,
0,1,0,1551,5392.35,1,0,1,27173.1,37009.7,
6,7,6,1551,506514,1406,1395,11,26606.4,36321.6,
0,1,0,1556,5661.1,1,0,1,22726.6,20558.7,
0,1,0,1569,9649.04,1,0,1,15391.5,1711.04,
0,1,0,1571,39465,1,0,1,38935.6,28243.1,
2,3,2,1585,607393,16,3,13,9154.86,24493.2,
1,2,1,1586,146777,540,537,3,12624.6,8947.71,
0,1,0,1589,98235.2,2,0,2,35166.4,15027.5,
0,1,0,1592,4068.63,1,0,1,21098,39183,
0,1,0,1592,7181.1,1,0,1,20520.4,39605.7,
0,1,0,1593,49066.5,1,0,1,21850.7,38058.6,
0,1,0,1594,42192.7,1,0,1,23252.6,38640.6,
0,1,0,1595,51006.5,1,0,1,21648.9,38460.5,
0,1,0,1597,43690.9,1,0,1,20418.4,32610.8,
0,1,0,1598,48338.9,2,0,2,6883.95,17050.6,
0,1,0,1601,55881.6,1,0,1,24072.5,14964.7,
0,1,0,1602,45411.7,1,0,1,20893.5,21343.6,
0,1,0,1603,50488.6,1,0,1,23085.1,12971.6,
1,2,1,1608,99308.8,3,1,2,24020,7784.19,
0,1,0,1616,45290.6,1,0,1,29138.9,28858.6,
0,1,0,1616,49489.8,1,0,1,10773.4,591.652,
0,1,0,1616,5504.46,1,0,1,3516.19,11597.6,
0,1,0,1619,193645,5,0,5,10334.1,13145.5,
0,1,0,1619,56804.2,1,0,1,9074.46,588.34,
0,1,0,1620,45155.6,1,0,1,17821.7,558.836,
0,1,0,1624,52098.2,1,0,1,8778.49,29314.9,
0,1,0,1635,46350.6,1,0,1,20054.7,19863.8,
0,1,0,1638,43817.3,1,0,1,18424.6,18406.5,
1,2,1,1643,106176,2001,1999,2,19227.3,8014.97,
1,2,1,1645,112615,1998,1996,2,19335.4,7754.37,
0,1,0,1646,43762.3,1,0,1,18716.6,5051.93,
0,1,0,1662,64616.2,2,0,2,29986.9,1569.66,
0,1,0,1669,90988.2,2,0,2,3797.61,7362.63,
0,1,0,1674,11885.7,1,0,1,4464.13,9635.1,
0,1,0,1677,54139.4,1,0,1,7985.14,7231.71,
1,2,1,1684,1.47471e+06,35,1,34,2268.74,37757.3,
0,1,0,1688,46568.9,1,0,1,33953.8,24815.9,
0,1,0,1690,92013.4,2,0,2,39155.4,2149.33,
0,1,0,1693,46383.3,1,0,1,17499.2,16178.5,
1,2,1,1699,201436,5,1,4,24318,5643.69,
0,1,0,1702,95082.4,2,0,2,28577.8,33147.5,
0,1,0,1709,41034.2,1,0,1,18257.3,33159.2,
0,1,0,1710,48152.6,1,0,1,29731.7,5315.92,
0,1,0,1725,51180.3,1,0,1,30429.2,10322.4,
0,1,0,1725,44970.8,1,0,1,34905.2,9394.85,
0,1,0,1727,48817.4,1,0,1,29623.9,10225.6,
1,2,1,1734,103136,1466,1464,2,28355.4,39925.2,
0,1,0,1743,54459.7,1,0,1,27011.7,1329.32,
0,1,0,1756,5508.15,1,0,1,28173.5,32349.5,
0,1,0,1767,47400.9,1,0,1,19404.3,15447.6,
0,1,0,1768,47734.7,1,0,1,18286.8,18141.7,
0,1,0,1778,6627.74,1,0,1,26750.4,36509.7,
0,1,0,1795,51580.3,2,0,2,19352.4,39367.5,
2,3,2,1797,221972,10,3,7,18900.4,39177.1,
0,1,0,1799,44699.9,1,0,1,25591.2,18841.5,
0,1,0,1802,74743.4,2,0,2,21176.3,11880.7,
0,1,0,1807,3213.64,1,0,1,17572.4,27997.8,
0,1,0,1807,51657.9,1,0,1,19682,38253.9,
0,1,0,1808,40986.2,1,0,1,20621,12923.4,
0,1,0,1808,91927.1,2,0,2,19064.4,37991.8,
0,1,0,1810,42407.5,1,0,1,17633.5,38714.7,
0,1,0,1811,48673.9,1,0,1,25986.7,12426.9,
0,1,0,1821,49706.5,1,0,1,33850.8,21750,
0,1,0,1829,49635.3,1,0,1,21463.4,15645.9,
1,2,1,1834,142580,2062,2059,3,38294.7,28643.8,
0,1,0,1853,56666.9,1,0,1,30427.8,24287.4,
1,2,1,1854,152348,449,445,4,30928.5,24782.2,
4,5,4,1855,383953,27,18,9,17590.6,10390.1,
0,1,0,1857,100975,2,0,2,30558.8,24534.9,
0,1,0,1859,87097.6,4,0,4,31543.3,24093.8,
0,1,0,1859,47960.7,1,0,1,27954.9,1606.84,
1,2,1,1859,70759.3,1394,1392,2,30481.5,25024.8,
0,1,0,1862,44543.3,1,0,1,36906.5,21539.9,
0,1,0,1863,6809.06,1,0,1,31023.7,24330.2,
0,1,0,1863,99954.8,2,0,2,28010.3,1306.7,
0,1,0,1864,45039.8,1,0,1,39821.2,38273,
0,1,0,1886,58019.6,1,0,1,37303,25609.5,
0,1,0,1887,6439.83,1,0,1,37075,25363.9,
0,1,0,1887,55965.1,1,0,1,748.604,17140.1,
0,1,0,1889,42881.4,1,0,1,35065,2329.92,
0,1,0,1911,101976,2,0,2,27862,10752.4,
0,1,0,1913,57492.1,1,0,1,39203.7,28811.2,
0,1,0,1915,55917.5,2,0,2,4985.17,32267,
0,1,0,1963,60338,1,0,1,26434,30623.3,
0,1,0,1980,62578,3,0,3,25687.1,26748.1,
0,1,0,1996,55463.3,1,0,1,39831.5,36824.6,
0,1,0,1997,45089.9,1,0,1,39133.3,36544.4,
1,2,1,1997,175705,11,5,6,35584.3,2074.07,
0,1,0,2002,51631.3,2,0,2,7452.35,34940.6,
0,1,0,2003,5209.67,1,0,1,34861.3,39225.6,
0,1,0,2048,56924.6,1,0,1,37019.8,23848.6,
0,1,0,2048,43429.7,1,0,1,23872.5,22752.2,
0,1,0,2068,50697.6,1,0,1,26164.6,32636.9,
0,1,0,2074,42950,1,0,1,30242.9,34455.2,
0,1,0,2076,8449.25,1,0,1,29332,33143.1,
0,1,0,2080,52103,1,0,1,29877.1,38907.9,
0,1,0,2084,44498.9,1,0,1,12658.6,34481.7,
0,1,0,2085,8701.81,1,0,1,32892.4,29452.5,
0,1,0,2086,51622.8,1,0,1,34087.6,29422.8,
0,1,0,2087,47463.7,1,0,1,34527.8,28819.9,
0,1,0,2089,8970.77,1,0,1,35000.2,27858.6,
0,1,0,2090,92620.3,2,0,2,35651.3,29083.1,
0,1,0,2093,5379.62,1,0,1,4501.68,37117.4,
2,3,2,2096,318517,18,9,9,3298.79,36485.7,
0,1,0,2106,49802.5,1,0,1,9717.71,37853.4,
0,1,0,2113,11844.9,1,0,1,36921.6,31061.4,
0,1,0,2115,48903.3,2,0,2,19737.2,24628,
0,1,0,2118,48163.7,1,0,1,16813,16313.6,
0,1,0,2118,42568.2,1,0,1,19123.7,19518.7,
0,1,0,2121,45889.8,1,0,1,16182.2,27737.3,
0,1,0,2122,143113,3,0,3,17251,27965,
0,1,0,2124,8375.21,1,0,1,13236.1,8590.33,
0,1,0,2125,6420.21,1,0,1,17334.5,28154.6,
0,1,0,2129,50561.1,1,0,1,12531.7,29409.8,
0,1,0,2132,54903.4,2,0,2,16779.1,28558.2,
0,1,0,2134,14028.9,1,0,1,15421.2,28174.5,
0,1,0,2135,60409.8,1,0,1,14220.8,31123.4,
0,1,0,2137,5441.03,1,0,1,15535.6,36619.6,
0,1,0,2142,5229.62,1,0,1,15357,30439.1,
0,1,0,2145,51591.1,1,0,1,25693.9,30627.4,
0,1,0,2150,53360.2,1,0,1,27333.6,33322.1,
0,1,0,2151,41762.2,1,0,1,25299.8,30628.7,
0,1,0,2153,94230.5,2,0,2,25898.1,31046.3,
0,1,0,2154,43486.9,1,0,1,11113.6,26506.9,
0,1,0,2155,3895.55,1,0,1,12119.9,26780.1,
0,1,0,2156,40593.8,1,0,1,25290.1,15845.9,
1,2,1,2157,67305.4,1049,1047,2,29472,24654.2,
0,1,0,2157,46388.4,1,0,1,25159.5,16437.8,
0,1,0,2158,39781.9,1,0,1,29191.8,24797.1,
1,2,1,2159,77542.2,1138,1136,2,29544,25325.6,
2,3,2,2178,152154,7,3,4,31306.5,5762.26,
0,1,0,2182,47826.2,1,0,1,23517.4,14645.9,
0,1,0,2186,46335.9,1,0,1,15951.9,16818.3,
0,1,0,2191,46105.7,1,0,1,26283.7,25251.2,
0,1,0,2195,42923.3,1,0,1,23812.2,34259.2,
0,1,0,2195,45336.2,1,0,1,24144.8,33942.6,
0,1,0,2198,51081.3,1,0,1,23893,31000.4,
0,1,0,2199,41638.9,1,0,1,24443,31863.9,
0,1,0,2205,37599,1,0,1,36652.9,26926.7,
1,2,1,2217,99833.4,1695,1693,2,35374.5,19752.4,
0,1,0,2220,48993.9,1,0,1,21387.3,35547.6,
0,1,0,2239,50504.4,1,0,1,33604.6,24397.1,
0,1,0,2245,56071.4,1,0,1,25044,33173.3,
0,1,0,2246,46285.2,1,0,1,6862.43,34901.6,
0,1,0,2250,49846.4,1,0,1,36745,26778.6,
3,4,3,2251,387723,14,6,8,12339,2557.92,
0,1,0,2256,287656,6,0,6,7435.98,29093.7,
0,1,0,2257,46520.3,1,0,1,36599.3,21857,
0,1,0,2271,62332.8,2,0,2,5567.61,1899.71,
0,1,0,2282,44801,1,0,1,795.452,17566.2,
0,1,0,2292,49849.4,1,0,1,40267.6,33053,
0,1,0,2307,88877.6,2,0,2,3856.24,5019.15,
0,1,0,2311,91826,2,0,2,13734.8,36795,
0,1,0,2313,148414,3,0,3,13397.9,37430.2,
0,1,0,2318,55674.5,1,0,1,14933.1,33541.2,
0,1,0,2325,143858,4,0,4,32746.9,37931.8,
0,1,0,2326,8512.95,1,0,1,37063,39524.7,
0,1,0,2329,6697.48,1,0,1,32822,37436.6,
0,1,0,2331,50238.7,1,0,1,34401.3,37304,
0,1,0,2334,44730.3,1,0,1,27878.8,38676.3,
0,1,0,2341,4805.27,1,0,1,39658,24751.8,
0,1,0,2358,6779.58,1,0,1,37537.2,34178.7,
0,1,0,2358,196553,4,0,4,32665.3,1111.76,
0,1,0,2365,100007,2,0,2,36247.5,34748.7,
0,1,0,2382,42009.1,1,0,1,18967.7,32919,
0,1,0,2411,56521.4,1,0,1,20015.7,22692.4,
4,5,4,2414,231132,1550,1544,6,38972,12311.8,
0,1,0,2427,53042.5,1,0,1,14946.3,12601.1,
0,1,0,2427,41129.7,1,0,1,15815.2,12262.5,
0,1,0,2485,6951.13,1,0,1,12453.5,29012.5,
0,1,0,2497,53754.7,1,0,1,16938.1,22728.8,
0,1,0,2498,93832.4,2,0,2,19404.1,7552.59,
0,1,0,2509,43271.9,1,0,1,18488.8,13130.8,
0,1,0,2510,51394.3,1,0,1,19202.3,12046.2,
0,1,0,2512,42551.6,1,0,1,2908.54,32142.6,
0,1,0,2513,53010.5,1,0,1,37952.4,37913.2,
1,2,1,2516,141307,1100,1097,3,35571.9,35694.9,
0,1,0,2519,146817,3,0,3,4195.51,3607.1,
0,1,0,2519,42799.2,1,0,1,37080.5,34866.2,
0,1,0,2520,48955.6,1,0,1,37158.4,34716.6,
0,1,0,2521,41167.1,1,0,1,13102.7,1545.99,
0,1,0,2534,55355.2,1,0,1,19003,36421.2,
1,2,1,2534,94727,8,6,2,28330,1271.77,
0,1,0,2535,48091.6,1,0,1,16766.6,39545.3,
0,1,0,2538,49237.4,1,0,1,28213.3,1292.2,
0,1,0,2539,51202.8,1,0,1,17265.1,4442.81,
0,1,0,2540,7085.37,1,0,1,34526.7,35511.5,
0,1,0,2541,114235,3,0,3,11577.2,21971.4,
0,1,0,2547,44389.6,1,0,1,23203.4,35055,
4,5,4,2550,707338,24,4,20,28523.2,1128.45,
0,1,0,2567,3926.97,1,0,1,26978.3,37202.2,
0,1,0,2569,41056.8,1,0,1,29145.5,35871.1,
0,1,0,2571,50121.7,1,0,1,33929.2,32777.9,
0,1,0,2575,15603.6,1,0,1,34502.4,31535.6,
0,1,0,2577,90963.6,2,0,2,39954.3,36459.4,
2,3,2,2578,187387,7,2,5,27531.6,1008.48,
0,1,0,2579,8507.77,1,0,1,22214.8,31681,
0,1,0,2585,48415.9,1,0,1,11594.2,33415.4,
0,1,0,2586,46236.2,1,0,1,11510.8,33598.4,
0,1,0,2593,45911.8,1,0,1,17948,30496.2,
0,1,0,2594,49625.6,1,0,1,16341.1,31092.6,
0,1,0,2603,3293.15,1,0,1,25704.6,37130.5,
0,1,0,2615,46911.7,1,0,1,21943.3,35511.8,
0,1,0,2622,58329.7,2,0,2,3881.6,34048.6,
0,1,0,2637,322434,9,0,9,15829,14660.2,
1,2,1,2648,55044.8,3,1,2,23167.6,22943.4,
0,1,0,2652,45104.5,1,0,1,21188.2,37978,
0,1,0,2657,45725.7,1,0,1,36739.2,34630.8,
0,1,0,2658,8376.2,1,0,1,25122.1,40281.5,
0,1,0,2660,48368.7,1,0,1,24075.8,37305.8,
0,1,0,2662,42604.7,1,0,1,25496.2,33535.3,
1,2,1,2664,99516.8,15,13,2,37004.6,30390.5,
2,3,2,2667,355441,12,3,9,34207.5,22408.7,
0,1,0,2675,43275.8,1,0,1,17884.1,25075,
0,1,0,2679,94034.1,2,0,2,26328.7,20108.1,
0,1,0,2679,53210.3,1,0,1,28068.9,26074.2,
0,1,0,2679,43816.6,1,0,1,32207.3,23091.2,
0,1,0,2679,50239.5,1,0,1,28483.1,22146.1,
0,1,0,2699,50117.5,1,0,1,13116,4361.05,
0,1,0,2705,47958.8,1,0,1,33583,21575,
1,2,1,2706,200044,12,6,6,38800.1,7302.98,
0,1,0,2715,40503.4,2,0,2,22407.5,23583.3,
1,2,1,2719,91565,709,707,2,34560.5,13347.1,
0,1,0,2719,4393.9,1,0,1,38463.7,13140.8,
0,1,0,2720,49243.5,1,0,1,38393.5,34204.1,
0,1,0,2722,47046.3,1,0,1,22907.1,20342.2,
0,1,0,2739,53247.2,1,0,1,32654.6,25420.7,
0,1,0,2744,42791.4,1,0,1,38209,13160.6,
0,1,0,2746,51817.1,1,0,1,38049.8,12973.2,
0,1,0,2747,138102,3,0,3,37638.2,12867.7,
0,1,0,2747,223303,6,0,6,30511.1,39427.2,
0,1,0,2752,49558.6,1,0,1,34376.1,9640.53,
0,1,0,2753,4202.21,1,0,1,29575.6,38844.2,
0,1,0,2753,43370.2,1,0,1,35155.2,9163.69,
0,1,0,2756,53006.9,1,0,1,37350.9,13198.6,
0,1,0,2764,46983.3,1,0,1,36314.3,11434.2,
0,1,0,2767,46684,1,0,1,10055.3,7247.67,
1,2,1,2768,339283,8,1,7,10596.7,7738.52,
0,1,0,2784,55010.7,1,0,1,26819.4,12372.2,
0,1,0,2796,46991.1,1,0,1,40312.2,22415.1,
0,1,0,2800,48497,1,0,1,37775,29708.8,
0,1,0,2801,42845.8,1,0,1,37604.6,29934,
0,1,0,2804,53938,1,0,1,20767.9,11437.3,
0,1,0,2807,42305,1,0,1,4529.66,5776.34,
0,1,0,2808,64958.4,1,0,1,38877.2,36972.6,
0,1,0,2808,40891.6,1,0,1,23022.8,6753.3,
0,1,0,2822,62144.6,1,0,1,22595.6,35158.4,
0,1,0,2823,49483.4,1,0,1,20615.9,35921,
0,1,0,2823,102217,2,0,2,20550,21882.5,
0,1,0,2823,51171.6,1,0,1,28125,39624,
1,2,1,2828,292785,8,2,6,21820.3,35021.2,
0,1,0,2829,44488.7,1,0,1,25740.9,39832.1,
0,1,0,2830,47142.1,1,0,1,26377.1,36035.6,
0,1,0,2831,41759.2,1,0,1,27011.7,36559.9,
0,1,0,2831,58184.7,1,0,1,25878.1,40268.3,
0,1,0,2832,52440.9,1,0,1,29208.4,36453,
1,2,1,2833,83298.2,484,482,2,26692.1,21196.9,
0,1,0,2835,43837.6,1,0,1,25063.7,37420.3,
0,1,0,2835,47616.5,1,0,1,26125.8,37555.1,
0,1,0,2838,45942.1,1,0,1,33512.7,28403.6,
0,1,0,2845,42823,1,0,1,31712.9,34446.3,
0,1,0,2848,48095.8,1,0,1,39806.4,18555.6,
0,1,0,2854,38742.4,1,0,1,24102.4,8362.52,
0,1,0,2857,50992.5,1,0,1,30532,13771.9,
0,1,0,2858,46547.6,1,0,1,30461.8,14439.3,
0,1,0,2859,49640.1,1,0,1,18935.9,13214.5,
0,1,0,2860,47691.5,1,0,1,28513.5,16798,
0,1,0,2863,49554.8,1,0,1,35065.2,17575.9,
0,1,0,2864,94637.4,2,0,2,6122.61,24758.1,
0,1,0,2866,51288.2,1,0,1,36683,14679.4,
0,1,0,2866,6444.67,1,0,1,5812.21,24205.2,
0,1,0,2867,46925.4,1,0,1,36372.3,14940.5,
0,1,0,2876,392078,10,0,10,5900.26,23970.5,
0,1,0,2879,42342.6,1,0,1,10173.6,37891.7,
0,1,0,2882,46453.5,1,0,1,26718.4,23981.4,
1,2,1,2892,193073,6,2,4,4012.75,20003.1,
0,1,0,2892,44740.4,1,0,1,14267.3,34091.5,
0,1,0,2893,52012,1,0,1,25368.6,21198.8,
0,1,0,2897,89989.6,2,0,2,31348.4,37361.8,
0,1,0,2899,48850.2,1,0,1,20447.2,22015.5,
0,1,0,2901,6390.48,1,0,1,21269.6,22902.2,
0,1,0,2901,53114.5,1,0,1,32644.6,36265.7,
0,1,0,2903,3431.98,1,0,1,17800.8,20872.4,
0,1,0,2905,52424.7,1,0,1,20980.4,23353.4,
0,1,0,2905,44413.4,1,0,1,19407.2,21930.4,
0,1,0,2907,48353.6,1,0,1,23029,26737.9,
0,1,0,2909,46773.3,1,0,1,20329.5,24786,
0,1,0,2915,109060,3,0,3,18908.1,8126.42,
0,1,0,2925,190695,4,0,4,29044.3,1925.76,
0,1,0,2935,100356,3,0,3,26664.2,36291.3,
0,1,0,2935,45461.5,1,0,1,17634.7,11632.3,
0,1,0,2946,50037.9,1,0,1,11396.8,26190.2,
0,1,0,2947,47290.8,1,0,1,19737.4,35463.8,
0,1,0,2947,49026.1,1,0,1,11923.6,26187.9,
0,1,0,2948,90962.5,2,0,2,23141,36896.4,
0,1,0,2950,43562.7,1,0,1,22648.5,38471.2,
0,1,0,2951,9938.02,1,0,1,28918.1,36293.5,
0,1,0,2952,53189.2,1,0,1,24966.9,24524.9,
0,1,0,2981,59287.7,1,0,1,17903.4,36551.7,
1,2,1,2982,47588.2,750,748,2,19126,33053.5,
0,1,0,2983,54557.4,1,0,1,17828.5,32949.7,
0,1,0,2989,40371.7,1,0,1,40125,37255.3,
0,1,0,2990,8002.81,1,0,1,39480.9,39004.3,
0,1,0,2992,49693.6,1,0,1,22187.9,13488.2,
0,1,0,3003,39025.5,1,0,1,27199.7,39745.4,
0,1,0,3005,7880.53,1,0,1,31299.1,35045.9,
0,1,0,3006,38665.7,1,0,1,39782.5,32716.3,
0,1,0,3030,50967,1,0,1,22724.2,9383.54,
0,1,0,3033,7694.22,1,0,1,15460.3,33585.5,
0,1,0,3035,54530.4,1,0,1,15184.6,36282.1,
1,2,1,3036,918682,25,5,20,16545.1,37337.3,
1,2,1,3037,95677.3,3,1,2,28824.8,29716.2,
0,1,0,3054,107197,2,0,2,31505.8,22704.5,
0,1,0,3061,48149.6,1,0,1,31348.8,20373.6,
0,1,0,3063,51807.2,1,0,1,30907.1,35549.1,
0,1,0,3063,153082,3,0,3,34883.7,21619.2,
0,1,0,3071,60214.7,1,0,1,31171.3,21004.5,
0,1,0,3072,52837.1,1,0,1,30855.9,20956.2,
0,1,0,3073,53247,1,0,1,28499.7,20360.2,
0,1,0,3074,108855,2,0,2,27023.5,23723.9,
0,1,0,3082,55809.1,1,0,1,10222.1,37368.5,
0,1,0,3085,107551,2,0,2,29537.2,22139.3,
0,1,0,3099,52512.9,1,0,1,30140.5,14174.5,
0,1,0,3102,53962.1,1,0,1,24110.5,37838.9,
0,1,0,3105,51192.8,1,0,1,12929.7,29256.3,
0,1,0,3113,158184,3,0,3,24255.7,20293.1,
0,1,0,3116,53891.8,1,0,1,34271.1,33079.7,
0,1,0,3117,60542.5,1,0,1,16400.8,40203.2,
0,1,0,3117,55899.3,1,0,1,33676.9,32613.6,
0,1,0,3118,58337.9,1,0,1,35127.6,35435.2,
0,1,0,3119,59851.8,1,0,1,33462.8,32142.6,
0,1,0,3122,57886.4,1,0,1,16537.1,36198.1,
0,1,0,3123,5447.25,1,0,1,21377.6,35083.5,
0,1,0,3124,56510.2,1,0,1,19048.9,29950.7,
0,1,0,3128,59564.9,1,0,1,36422.1,30453.1,
0,1,0,3158,62488.6,1,0,1,39364.1,11541.5,
0,1,0,3179,58045.5,1,0,1,32181,34358.2,
0,1,0,3180,4653.77,1,0,1,30008.6,34217.9,
0,1,0,3188,5694.85,1,0,1,23739.7,38026.6,
0,1,0,3210,53010.8,1,0,1,26781.3,29771.1,
0,1,0,3211,62847.8,2,0,2,25321.8,36896.5,
0,1,0,3230,52533.4,1,0,1,10550.6,1180.82,
0,1,0,3244,52498.8,1,0,1,34719.3,24227.1,
0,1,0,3280,5544.84,1,0,1,13543,16518.6,
0,1,0,3281,4717.74,1,0,1,9028.15,29413.1,
0,1,0,3283,12502.2,1,0,1,15045.2,14225.1,
0,1,0,3287,58596.1,1,0,1,31776.5,27214.8,
0,1,0,3288,48730.8,1,0,1,30626.3,34702.5,
0,1,0,3288,42253.8,1,0,1,8576.92,13098.1,
0,1,0,3289,53018.8,1,0,1,31856,36293.6,
0,1,0,3293,4645.57,1,0,1,13735.8,6260.05,
0,1,0,3294,52352.4,1,0,1,15337,8281.41,
0,1,0,3297,42676.5,1,0,1,30003.3,27436.4,
0,1,0,3308,40635.9,1,0,1,33566.5,14002.7,
0,1,0,3312,52266.8,1,0,1,27205.1,21018.3,
0,1,0,3314,8874.23,1,0,1,16386.2,33084.2,
0,1,0,3314,52321.5,1,0,1,27900.1,20190.9,
0,1,0,3316,41365.7,1,0,1,25488.7,24550.2,
0,1,0,3324,13200.4,1,0,1,19519.3,2205.94,
0,1,0,3331,13166.8,1,0,1,14321.1,10206.7,
0,1,0,3348,5948.7,1,0,1,21391.3,31911.7,
0,1,0,3348,9603.14,1,0,1,17747.5,22556.6,
0,1,0,3358,39470.7,1,0,1,6140.4,5782.51,
1,2,1,3359,440396,17,1,16,6430.35,6028.77,
0,1,0,3383,52346.1,1,0,1,3458.14,2555.01,
4,5,4,3391,154630,476,469,7,32946.5,36991.8,
0,1,0,3398,50606.1,1,0,1,17678.8,27273.9,
0,1,0,3417,56544.4,3,0,3,29055.2,24545.5,
0,1,0,3425,20129.1,1,0,1,35913.6,15983.8,
0,1,0,3428,42201.6,1,0,1,34400,16646.3,
0,1,0,3430,6184.57,1,0,1,33430.4,14938.9,
0,1,0,3445,7605.38,1,0,1,34303.1,32900.2,
0,1,0,3454,48567.2,1,0,1,29213.8,31273.3,
0,1,0,3464,24228.1,2,0,2,28068,28552.1,
0,1,0,3481,47196.1,1,0,1,16225.8,7753.63,
1,2,1,3484,90713.9,4,1,3,28298.6,29188.9,
0,1,0,3486,52659.9,1,0,1,31190,39301.6,
0,1,0,3486,5669.52,1,0,1,14864.9,21608.1,
0,1,0,3490,44690.3,1,0,1,28640.1,28510.7,
0,1,0,3511,6509.14,1,0,1,27771.2,14063.1,
0,1,0,3514,7095.27,1,0,1,34723.2,13521.8,
1,2,1,3567,119834,13,10,3,30760.1,18812.1,
0,1,0,3568,40903.4,1,0,1,29927.3,35350.1,
0,1,0,3580,39770.2,1,0,1,25919.8,15157.7,
0,1,0,3581,52517.6,1,0,1,25631.2,15224.6,
0,1,0,3582,46226,1,0,1,26449.2,14718.2,
0,1,0,3585,544704,13,0,13,24922.9,10393.5,
0,1,0,3597,92726,2,0,2,39808,24209.3,
0,1,0,3605,44694.7,1,0,1,24364.9,30739.6,
0,1,0,3605,331191,7,0,7,35598.1,32095,
0,1,0,3606,49349.3,1,0,1,25086.4,30361.8,
0,1,0,3608,100135,3,0,3,32143,4204.03,
0,1,0,3621,41149.2,1,0,1,19173.3,20074.8,
0,1,0,3625,99662.2,2,0,2,30976.4,17210.8,
0,1,0,3626,42258.9,1,0,1,30567.5,17790.5,
0,1,0,3632,49548.2,1,0,1,21271.8,8394.76,
0,1,0,3634,44119.9,1,0,1,14309.2,16941.5,
0,1,0,3635,49838.1,1,0,1,18243.2,7901.88,
0,1,0,3635,8724.55,1,0,1,30945.2,18462.6,
0,1,0,3635,41538.1,1,0,1,13537.4,17113.5,
0,1,0,3637,50933.6,1,0,1,29256.8,16548.7,
0,1,0,3638,39777.5,1,0,1,15033.2,9696.19,
0,1,0,3647,7343.62,1,0,1,20464.1,29048.8,
0,1,0,3651,50579.6,1,0,1,31788.9,10331.9,
0,1,0,3652,42030.8,1,0,1,28700.6,21778.5,
0,1,0,3653,45347.4,1,0,1,29008.9,21735,
0,1,0,3658,3798.19,1,0,1,22213.9,35347.8,
0,1,0,3660,44522.7,1,0,1,15594.4,10137.1,
5,6,5,3665,423538,44,33,11,21190,27120.9,
0,1,0,3674,51099.2,1,0,1,13624.1,36324.2,
0,1,0,3678,44182.7,1,0,1,16937.3,34012.8,
0,1,0,3691,5513.19,1,0,1,28751.9,38805.3,
0,1,0,3692,48639.8,1,0,1,35625.5,15475.7,
0,1,0,3692,42736.2,1,0,1,28471,38928,
0,1,0,3693,42473,1,0,1,24997.8,36736.5,
0,1,0,3694,45473.4,1,0,1,24357.3,37169.4,
0,1,0,3695,15855.6,1,0,1,25501.8,37406,
0,1,0,3705,4984.91,1,0,1,35629.7,4773.22,
0,1,0,3706,42685.7,1,0,1,22024.7,25804.3,
3,4,3,3707,153365,25,20,5,22368.2,25617.9,
0,1,0,3709,6588.09,1,0,1,34474.1,36755.8,
4,5,4,3711,839580,40,21,19,34966.8,15301.3,
0,1,0,3729,42530.6,1,0,1,36325.2,15221.5,
0,1,0,3733,322949,7,0,7,22551.9,31269.9,
0,1,0,3734,40876.1,1,0,1,9559.32,19644.1,
0,1,0,3734,49084.4,1,0,1,27299.9,26775.2,
0,1,0,3757,134484,3,0,3,27608.2,19579.3,
0,1,0,3758,49602.5,1,0,1,18559,39067.4,
0,1,0,3758,48545.1,1,0,1,37596.5,9387.79,
0,1,0,3765,94620.6,2,0,2,34235.1,38455.9,
1,2,1,3777,185957,7,2,5,35002.8,36496.7,
0,1,0,3780,48264.9,1,0,1,35122.6,36411.4,
0,1,0,3780,5077.46,1,0,1,34771,16613.9,
0,1,0,3784,45868.5,1,0,1,29994.6,19480.3,
0,1,0,3786,54377.5,2,0,2,38549.3,25942.5,
0,1,0,3789,88201.7,2,0,2,33388.1,38261.9,
0,1,0,3793,103363,2,0,2,19126.2,35059.4,
0,1,0,3795,93906.9,2,0,2,7058.79,39838.7,
0,1,0,3795,43648.7,1,0,1,31351.3,26234.8,
0,1,0,3797,44987.7,1,0,1,34292,29032.5,
0,1,0,3801,54436.7,1,0,1,29024,28973.7,
0,1,0,3802,48286.4,1,0,1,35826,14830.6,
0,1,0,3807,193326,4,0,4,32896.5,33258.3,
0,1,0,3814,44959.5,1,0,1,37180.4,30232.7,
0,1,0,3815,50805,1,0,1,34608.9,32665.5,
0,1,0,3816,46078,1,0,1,15268,8921.4,
0,1,0,3842,92627.6,2,0,2,17623.8,23289,
0,1,0,3844,46495.5,1,0,1,20311,24357,
0,1,0,3858,42633.8,1,0,1,15382,34179.4,
0,1,0,3864,50362,1,0,1,10587.4,14746.4,
0,1,0,3866,44737,1,0,1,14683.7,27887.4,
2,3,2,3892,371866,12,3,9,17676.5,30114.7,
0,1,0,3896,52974.8,1,0,1,40202.4,29091.1,
0,1,0,3898,44099.6,1,0,1,5160.54,31995.5,
0,1,0,3900,46235,1,0,1,35739.3,27515.5,
5,6,5,3900,579808,27,15,12,30547.7,642.58,
0,1,0,3903,47009.2,1,0,1,36890.9,22678.7,
0,1,0,3904,55322.2,1,0,1,25669.8,37598.3,
0,1,0,3905,131495,3,0,3,36480,24371.1,
0,1,0,3905,43394,1,0,1,26284.6,36532.1,
1,2,1,3906,95817.4,28,26,2,26881.4,37827.5,
0,1,0,3908,87271.2,2,0,2,12020.6,12791.6,
0,1,0,3908,41360.5,1,0,1,36453.8,24034.1,
0,1,0,3909,47300.3,1,0,1,36261,24228.6,
0,1,0,3909,48224,1,0,1,27641.7,39417.1,
0,1,0,3911,47240.8,1,0,1,6740.76,27241.8,
0,1,0,3911,47640.3,1,0,1,30106.7,24517.4,
0,1,0,3930,46892.7,1,0,1,37200.4,21226.2,
0,1,0,3933,46325.7,1,0,1,33964.8,36655.4,
2,3,2,3935,189708,29,25,4,13325.4,36785.5,
0,1,0,3939,48338.3,1,0,1,28625,19637.2,
0,1,0,3940,48390.8,1,0,1,29210,39578.1,
0,1,0,3941,46231.9,1,0,1,34630.2,37136.6,
0,1,0,3942,90283,2,0,2,22687.3,13480,
0,1,0,3942,41153.5,1,0,1,37802.3,29898.8,
0,1,0,3977,48143.5,1,0,1,18103.7,11197.2,
