# seq OFF,# seq ON,blinks,frame,intensity,lifetime,total OFF,total ON,x,y,
1,2,1,1,17757.2,2895,2893,2,28411.6,742.272,
0,1,0,1,21051.6,1,0,1,38359.2,30070.2,
0,1,0,1,4058.24,1,0,1,13951.7,22835.3,
0,1,0,1,17387.7,2,0,2,19709.2,6552.58,
0,1,0,1,43378.5,3,0,3,34879.7,18130.1,
0,1,0,1,7.7399e+07,4000,0,4000,38542.5,2520.95,
0,1,0,1,7.87059e+07,4000,0,4000,9767.93,28348.7,
0,1,0,1,24456.1,1,0,1,30155.3,26811,
0,1,0,1,14228.8,1,0,1,10897.8,27140.9,
0,1,0,1,216918,13,0,13,12071.6,19881.5,
0,1,0,1,7.93057e+07,4000,0,4000,30388.4,32660.8,
1,2,1,1,163212,254,246,8,24512,8360.69,
0,1,0,1,31323.3,1,0,1,6728.81,9426.7,
0,1,0,1,8.1468e+07,4000,0,4000,8119.68,23930.8,
2,3,2,1,110228,7,2,5,17024.4,3074.01,
0,1,0,1,15486.9,1,0,1,35274.3,19530.4,
4,5,4,2,81028.4,19,14,5,13814.1,16574.9,
763,764,763,2,5.98564e+07,3999,1060,2939,35095.5,21674.1,
0,1,0,2,32161.3,1,0,1,35598.2,13619.9,
0,1,0,2,19133.9,1,0,1,12466.7,12188,
0,1,0,2,38044.9,2,0,2,12960.9,6512.79,
2,3,2,2,69016.4,12,8,4,21665.9,17414.9,
2,3,2,2,315965,18,3,15,28322.3,32026.7,
2,3,2,3,117844,29,23,6,31376.4,3217.21,
0,1,0,3,19901.1,1,0,1,2013.55,39038.9,
0,1,0,4,7310.58,1,0,1,14764.8,17860.8,
0,1,0,4,12934.8,1,0,1,3190.68,10415,
10,11,10,4,609021,53,24,29,25201.7,20193.4,
0,1,0,5,35115.8,2,0,2,33325.5,7546.93,
0,1,0,5,8149.04,1,0,1,16216.7,5940.3,
0,1,0,6,29389.4,1,0,1,14677.4,9320.14,
22,23,22,6,849520,1890,1847,43,35625.8,1201.69,
0,1,0,6,19412.4,1,0,1,2606.12,8322.07,
0,1,0,7,35284.4,1,0,1,32413.9,5862.64,
0,1,0,7,31013.5,1,0,1,19404.1,3237.67,
3,4,3,8,130857,25,19,6,16364.7,14907.9,
0,1,0,9,51672.9,2,0,2,27235.7,27253,
0,1,0,9,14247.2,1,0,1,7558.99,9150.79,
2,3,2,10,658274,39,8,31,22132,6934.02,
0,1,0,10,17263.7,1,0,1,37744.3,10750.6,
0,1,0,11,42794.7,2,0,2,5027.82,3247.37,
0,1,0,13,6742.26,1,0,1,3265.67,19539.8,
0,1,0,21,28515.6,1,0,1,11614,14589.7,
2,3,2,22,221066,12,2,10,5663.11,11127.9,
0,1,0,22,26651.5,1,0,1,10108.4,30673.8,
0,1,0,24,7026.21,1,0,1,22081.9,13404.9,
2,3,2,25,127500,280,274,6,37174.8,4738.99,
0,1,0,25,28889.3,1,0,1,31042.8,15685,
0,1,0,25,20278,1,0,1,30866.7,33747.7,
3,4,3,26,158315,16,8,8,17816.1,38927,
0,1,0,27,5713.96,1,0,1,30954.8,33915.6,
1,2,1,27,52313.7,11,8,3,38755,7285.94,
0,1,0,28,12392.4,1,0,1,20379.3,8299.33,
2,3,2,28,134205,87,81,6,30289.5,3868.15,
0,1,0,30,39887.9,2,0,2,15592.1,12169.1,
1,2,1,30,19586,140,138,2,17239.1,36863,
2,3,2,34,122540,909,903,6,18207.2,26406.7,
0,1,0,43,53239.3,2,0,2,18653.4,1596.88,
0,1,0,53,32195.2,2,0,2,29597.8,11680.5,
8,9,8,60,266576,80,68,12,28744.1,4567,
0,1,0,62,10311.1,1,0,1,36591.9,25462.6,
0,1,0,65,29704.3,1,0,1,29127.6,12578.4,
6,7,6,77,172851,32,24,8,4912.62,28186.1,
0,1,0,85,18311.1,2,0,2,25873.7,21455.3,
0,1,0,87,28162.8,1,0,1,5894.31,32131.5,
0,1,0,93,39271.5,2,0,2,27312.2,15395.4,
1,2,1,93,50213.9,12,10,2,8987.55,33693,
0,1,0,93,16248,2,0,2,705.59,29105.1,
0,1,0,97,56658.3,2,0,2,840.329,30124.6,
0,1,0,107,15134.6,1,0,1,33614.3,14511.1,
16,17,16,107,486116,73,48,25,38181.1,6673.97,
1,2,1,108,49824.4,36,34,2,774.969,573.59,
12,13,12,111,1.06643e+06,382,328,54,17150.4,7606.42,
0,1,0,111,26540,1,0,1,8130.74,16655.3,
0,1,0,120,29500.4,1,0,1,13110.6,20658.9,
0,1,0,122,31469,1,0,1,28921.3,4464.82,
1,2,1,125,30615.3,137,135,2,35154.5,21467.6,
0,1,0,130,5782.97,1,0,1,15464.1,4638.11,
0,1,0,131,33624.6,1,0,1,16592.6,24637,
0,1,0,135,5523.57,1,0,1,38083.5,6594.21,
0,1,0,138,12125.9,1,0,1,34922.3,21532.1,
1,2,1,161,63128.4,34,32,2,35017.1,28403.2,
1,2,1,166,26085.3,44,42,2,22739.7,23094.2,
1,2,1,167,123492,40,34,6,26755.1,6078.9,
0,1,0,197,61381.7,2,0,2,18892.3,29773.2,
0,1,0,201,29036.7,2,0,2,28633.3,7839.61,
1,2,1,217,32479.3,25,23,2,1829.37,11653.2,
0,1,0,220,13765,1,0,1,8550.42,15693,
0,1,0,222,35007.8,1,0,1,9051.56,20976.4,
0,1,0,238,18461.8,1,0,1,15420,23806.9,
0,1,0,256,27464.4,1,0,1,10945.3,14545.3,
0,1,0,278,23655.6,1,0,1,31956,20321.7,
4,5,4,310,256330,280,268,12,15123.3,21690.1,
0,1,0,330,17825.7,1,0,1,12873.1,28417.4,
7,8,7,332,1.1381e+06,429,373,56,33955,8846.71,
0,1,0,365,25977.6,2,0,2,5217.81,37947.1,
2,3,2,370,151689,449,442,7,29093,3423.7,
0,1,0,377,7112.32,1,0,1,21820.7,28646.2,
0,1,0,388,26900,1,0,1,23753.6,36468,
0,1,0,392,5477.56,1,0,1,31263.4,12616.8,
5,6,5,405,152752,191,183,8,15415.7,37490.6,
1,2,1,426,144794,7,1,6,19917.3,22524.6,
0,1,0,427,5070.95,1,0,1,19809.9,22580.4,
1,2,1,452,31690,3,1,2,18992.3,13610.7,
0,1,0,452,29650.8,1,0,1,26588.6,15163.2,
3,4,3,454,98455,66,61,5,12318,9025.35,
0,1,0,485,34170.3,1,0,1,30518.6,11518.5,
0,1,0,515,30730.5,1,0,1,22693.8,6402.01,
0,1,0,544,10775.8,1,0,1,18757.8,3807.61,
0,1,0,569,34128.4,1,0,1,39202.5,28335,
0,1,0,574,13762.7,1,0,1,24449.8,5813.78,
0,1,0,595,13747.8,1,0,1,16829.6,30061.2,
1,2,1,622,113941,49,42,7,20240.7,7535.36,
1,2,1,623,52974.7,12,10,2,13575.8,11654.6,
0,1,0,663,7473.28,1,0,1,37727.9,7864.53,
0,1,0,671,36021,1,0,1,29814.8,5568.95,
0,1,0,684,18518.6,1,0,1,10523,6995.4,
0,1,0,717,4585.26,1,0,1,18066.2,20398.4,
0,1,0,734,27900.9,1,0,1,33161,13818.5,
0,1,0,737,28804.9,1,0,1,18307.3,8979.9,
0,1,0,738,12825.4,1,0,1,16796.4,12663.3,
0,1,0,749,20222.6,1,0,1,15510.5,28765.1,
0,1,0,750,33440,1,0,1,15697.8,28777.8,
37,38,37,760,1.5214e+06,2265,2191,74,11073.7,40129.1,
0,1,0,800,29794.9,1,0,1,7579.28,26831,
0,1,0,821,4972.96,1,0,1,35044.2,31985.7,
19,20,19,839,882152,1066,1021,45,16304.8,31168.5,
3,4,3,878,200223,27,17,10,7924.55,25194.8,
0,1,0,882,9805.52,1,0,1,28146,39248.4,
1,2,1,910,160257,9,2,7,17968.5,5114.83,
0,1,0,974,30113.5,1,0,1,8788.37,5811.05,
0,1,0,976,15378,1,0,1,40028.8,7080.17,
0,1,0,983,6544.48,1,0,1,22945,33430.9,
0,1,0,993,32620.7,1,0,1,18781.4,22169.5,
16,17,16,1009,2.61443e+06,668,536,132,32055.1,13099.4,
0,1,0,1034,8259.74,1,0,1,10863.6,39218.6,
7,8,7,1039,322026,219,204,15,9082.53,3238.23,
0,1,0,1056,5935.8,1,0,1,39049,13991.9,
0,1,0,1100,19605.8,1,0,1,24635.2,39749.2,
0,1,0,1101,9855.8,1,0,1,18457.5,13645,
0,1,0,1120,29362.4,1,0,1,34720.1,39009.4,
0,1,0,1145,18950.2,1,0,1,23664.9,17074.4,
0,1,0,1213,13219.8,1,0,1,32166.4,13190.5,
3,4,3,1215,80304.2,1632,1628,4,35201.6,21652.2,
0,1,0,1217,9265.89,1,0,1,11650.3,3728.58,
0,1,0,1218,58515.5,2,0,2,8191.01,1165.81,
0,1,0,1229,31967.2,1,0,1,34163.4,20204.6,
1,2,1,1237,60903.2,1763,1759,4,27225,23143.6,
0,1,0,1245,126119,6,0,6,4704.84,6680.64,
0,1,0,1300,30680.1,1,0,1,20452.3,34729.9,
0,1,0,1310,19634.4,1,0,1,39192.4,575.899,
0,1,0,1362,37591.5,2,0,2,17491.3,9763.09,
0,1,0,1364,14648.8,1,0,1,17638,8265.2,
0,1,0,1464,35018.2,1,0,1,26664.7,24304,
1,2,1,1526,65661.7,4,1,3,11303,1414.48,
0,1,0,1602,35141.6,1,0,1,5148.96,12852.6,
2,3,2,1628,332867,199,182,17,24442.6,14543.1,
2,3,2,1631,67826.3,10,6,4,27428.4,21147.8,
8,9,8,1653,2.15157e+06,552,444,108,34873.1,1634.3,
0,1,0,1653,17713.1,1,0,1,16918,33091.7,
0,1,0,1757,29172.7,1,0,1,26290.3,18160.3,
2,3,2,1809,89153.3,137,133,4,14967.4,8076.6,
0,1,0,1818,33667.9,1,0,1,24453.2,11026.9,
0,1,0,1873,13590.7,1,0,1,36171.1,8628.69,
0,1,0,1876,26353.8,1,0,1,40247.9,16466.1,
0,1,0,1954,24871.7,1,0,1,20292.5,8816.25,
0,1,0,1956,66323.5,3,0,3,4800.6,5280.69,
0,1,0,2013,24265.3,1,0,1,28960.6,8892.91,
1,2,1,2017,156018,107,99,8,17892.3,4926.8,
0,1,0,2059,3797.46,1,0,1,39951.3,550.295,
0,1,0,2065,21464.9,1,0,1,31126.5,8854.89,
0,1,0,2071,34539.5,1,0,1,28392.9,6667.8,
2,3,2,2072,67355.3,130,126,4,12391.7,20880.1,
0,1,0,2078,11644.2,1,0,1,23047,18930.4,
0,1,0,2104,30123.8,1,0,1,23818.1,25869.8,
0,1,0,2117,17918.1,1,0,1,22092.2,36911.3,
5,6,5,2190,236847,532,521,11,25765.1,25175.5,
0,1,0,2226,10566.1,1,0,1,2399.92,9546.43,
0,1,0,2261,26935.8,1,0,1,23128.1,10632.8,
0,1,0,2265,16955,1,0,1,16962.2,15570.6,
0,1,0,2352,22383.6,1,0,1,32555.9,17812,
0,1,0,2362,4853.11,1,0,1,17121,1715.05,
0,1,0,2400,12323,1,0,1,32335.8,35523.6,
0,1,0,2412,69709.7,3,0,3,18709.9,7449.14,
0,1,0,2433,25944.8,1,0,1,21763.1,12434.4,
0,1,0,2454,32665.5,1,0,1,25005.8,20913.7,
0,1,0,2480,55736.7,2,0,2,32695.2,14077.6,
0,1,0,2502,12629.3,1,0,1,18433.4,23425.8,
0,1,0,2506,27722.6,1,0,1,18758.2,7863.11,
0,1,0,2561,20882.5,1,0,1,5006.9,5271.1,
0,1,0,2562,3773.36,1,0,1,24308.3,9240.07,
0,1,0,2571,32985.3,1,0,1,33210.1,31360.1,
0,1,0,2572,12645.6,1,0,1,16466.2,1802.46,
0,1,0,2594,28149.1,1,0,1,9192.35,11217,
0,1,0,2599,16743,1,0,1,3233.35,25914.2,
0,1,0,2605,5012.82,1,0,1,2879.73,26530.4,
0,1,0,2607,30441.1,1,0,1,31765.1,2327.12,
0,1,0,2614,12142.9,1,0,1,16971.8,31300.5,
3,4,3,2618,139063,30,22,8,7411.19,17622.5,
0,1,0,2620,47179.9,3,0,3,11294.3,16308.3,
0,1,0,2647,53720.2,2,0,2,19548.5,28443.9,
0,1,0,2674,9677.87,1,0,1,495.551,36489.9,
4,5,4,2677,810521,311,269,42,24870.3,7601.34,
0,1,0,2717,22555.5,1,0,1,4406.43,25228.7,
0,1,0,2742,27407.1,1,0,1,18727.3,12894.1,
0,1,0,2780,22442.3,1,0,1,7807.7,6101.71,
0,1,0,2809,23588.2,2,0,2,5068.48,7768.23,
0,1,0,2828,22780.1,1,0,1,14184.5,19039.4,
0,1,0,2872,33021.1,1,0,1,16271.8,23817.9,
0,1,0,2877,12713,1,0,1,30056.9,12801.3,
0,1,0,2896,33544.9,1,0,1,27308.3,1069.57,
0,1,0,2899,21656.2,1,0,1,26284.2,801.585,
0,1,0,2911,25693.6,1,0,1,13802.7,13678.8,
0,1,0,2911,47369.6,2,0,2,27482.9,11565.1,
0,1,0,2943,18031.2,1,0,1,3474.15,8335.57,
0,1,0,2967,26736.2,1,0,1,11236.2,40074.4,
0,1,0,3030,25495.1,1,0,1,13303.7,19897.5,
0,1,0,3148,28442.9,1,0,1,35302.1,21782.8,
0,1,0,3170,13511.9,1,0,1,12544.4,19348.2,
0,1,0,3170,19903.2,1,0,1,13826.7,20018.6,
0,1,0,3196,6990.14,1,0,1,20977.3,27625.8,
0,1,0,3240,11692.1,1,0,1,36395.6,9412.82,
0,1,0,3252,19468.8,1,0,1,14109.4,5959.27,
0,1,0,3280,55946,2,0,2,19933.1,30893.7,
0,1,0,3327,26848.3,1,0,1,9738.92,27116.3,
0,1,0,3339,77367,4,0,4,32389.1,19363.6,
0,1,0,3347,31239.8,1,0,1,21172,15073.8,
0,1,0,3397,16413.3,1,0,1,10716,15112.7,
0,1,0,3402,27648.6,1,0,1,23939,10762.8,
0,1,0,3412,10734.7,1,0,1,8325.85,8708.69,
0,1,0,3418,30394.1,1,0,1,21460,6405.86,
0,1,0,3425,12659.1,1,0,1,19676.2,7297.31,
0,1,0,3428,13977.2,1,0,1,19822.4,14107.4,
2,3,2,3441,172401,12,3,9,17689.5,7674.63,
0,1,0,3491,57403.3,2,0,2,35589.5,28244,
1,2,1,3524,57063,5,2,3,30055.3,30737.8,
1,2,1,3538,83287.9,5,2,3,23859.9,1021.36,
5,6,5,3613,338438,102,85,17,13672.5,15456.7,
5,6,5,3663,556959,185,159,26,4242.09,35413.1,
0,1,0,3665,19230.2,1,0,1,39880.2,5563.48,
0,1,0,3718,18013.8,1,0,1,34554.2,12751.5,
0,1,0,3815,6681.74,1,0,1,1197.92,19496.6,
0,1,0,3821,32142.4,1,0,1,26564.3,5760.01,
0,1,0,3896,12564.4,1,0,1,17548.9,11944.8,
0,1,0,3901,26913.3,1,0,1,26635.8,5615.23,
