# seq OFF,# seq ON,blinks,frame,intensity,lifetime,total OFF,total ON,x,y,
929,930,929,1,1.26268e+07,3999,1690,2309,32052.3,11477.3,
4.29497e+09,1,0,1,2.15771e+07,4000,0,4000,3798.06,39993.6,
4.29497e+09,1,0,1,2.17422e+07,4000,0,4000,21114.2,20454.5,
0,1,0,1,7912.04,1,0,1,8883.77,29253.8,
4.29497e+09,1,0,1,2.20847e+07,4000,0,4000,20724.2,28595.7,
0,1,0,2,1952.39,1,0,1,8318.29,28965.5,
3,4,3,2,32805.5,17,12,5,11924.7,39860.9,
0,1,0,4,8454.3,1,0,1,8257.63,30967.1,
0,1,0,17,2751.86,1,0,1,33621.6,8808.96,
0,1,0,26,3932.32,1,0,1,19022.7,19999.1,
0,1,0,26,10220.1,2,0,2,2876.12,28926.9,
0,1,0,32,8826.4,1,0,1,34038.9,23065,
0,1,0,53,8628.29,1,0,1,6238.81,32796.2,
0,1,0,55,3599.09,1,0,1,4270.98,31797.7,
0,1,0,56,2257.42,1,0,1,3636.77,31931.7,
0,1,0,57,7174.2,1,0,1,3175.09,32055.9,
0,1,0,59,2782.44,1,0,1,1587.62,34584.5,
0,1,0,60,16459.2,2,0,2,1608.1,34391.1,
0,1,0,62,2233.73,1,0,1,1654.7,34145.6,
0,1,0,72,10343.2,2,0,2,5611.07,39931.4,
0,1,0,74,12038.6,2,0,2,5190.32,39194.1,
0,1,0,78,3555.64,1,0,1,4890.14,38260.3,
0,1,0,79,1319.61,1,0,1,5090.32,38572.5,
0,1,0,90,7975.72,1,0,1,29953.2,20918.6,
3,4,3,91,28706.7,50,45,5,13062.4,27380.3,
0,1,0,102,8023.35,1,0,1,36598,27290.9,
0,1,0,104,731.797,1,0,1,36011.4,15053.1,
0,1,0,107,16527.5,4,0,4,36923.8,13667.4,
0,1,0,107,8266.14,1,0,1,36005.3,32600.8,
0,1,0,108,11494.5,2,0,2,35861.3,32375.3,
0,1,0,110,1335.69,1,0,1,36629.3,31751,
0,1,0,112,10192.6,2,0,2,39771.5,32936.5,
0,1,0,112,1783.93,1,0,1,12304.9,39360.3,
0,1,0,120,8314.98,1,0,1,15955.6,23549.2,
0,1,0,121,1021.04,1,0,1,9733.86,39411.6,
0,1,0,125,9202.4,1,0,1,14618.7,31901.3,
0,1,0,136,2783.58,1,0,1,15662.2,30708.4,
0,1,0,137,1625.18,1,0,1,15834.1,30677.6,
0,1,0,154,9743.94,1,0,1,36907.6,16422.9,
0,1,0,155,3821.81,1,0,1,35011.6,16607.2,
0,1,0,158,8153.97,1,0,1,37523.5,19675.7,
0,1,0,165,7700.92,1,0,1,17722.7,10857.8,
2,3,2,165,165781,32,2,30,25698.8,18816.4,
0,1,0,181,8911.84,1,0,1,17405.4,31010.6,
0,1,0,188,8079.54,1,0,1,1593.02,40010.3,
0,1,0,199,3612.72,1,0,1,25546.4,25340.6,
0,1,0,200,1471.5,1,0,1,24921.7,25190.4,
0,1,0,204,8489.64,1,0,1,30868,18733.2,
1,2,1,206,35771.1,8,1,7,27175.8,14144.8,
0,1,0,207,8206.98,2,0,2,36938.7,23991.5,
0,1,0,211,8186.65,1,0,1,37973.4,22936,
0,1,0,211,5944.1,2,0,2,34833.7,5398.41,
0,1,0,212,8260.83,1,0,1,2001.15,30542.4,
0,1,0,213,8974.06,1,0,1,35626.9,23113.7,
0,1,0,213,3573.74,1,0,1,35970.8,23631.1,
0,1,0,215,7418.45,1,0,1,36014.7,24313.9,
0,1,0,216,7555.39,1,0,1,35861.4,24476.3,
0,1,0,217,12983.7,3,0,3,16597,23516.5,
1,2,1,217,30655.3,6,1,5,32714.5,19072.4,
1,2,1,224,13081.5,743,741,2,34024.1,19686.8,
0,1,0,227,1476.05,1,0,1,33948.6,17416.4,
0,1,0,228,7839.77,1,0,1,35015.6,16235.1,
0,1,0,229,3320.94,1,0,1,34807.4,15712.5,
0,1,0,233,9412.48,1,0,1,39295.2,16608.8,
0,1,0,238,2948.43,1,0,1,6243.45,30044.3,
0,1,0,239,47634.3,7,0,7,6838.24,29930.4,
0,1,0,246,996.341,1,0,1,30789.7,26232,
0,1,0,253,8995.33,1,0,1,11890.9,33320.9,
0,1,0,255,7114.42,1,0,1,22174.4,39512.8,
1,2,1,264,10215.5,3,1,2,12579.4,17007.7,
0,1,0,266,2979.52,1,0,1,13089.3,29585.7,
0,1,0,273,1259.22,1,0,1,17703.6,28539,
0,1,0,288,3251.14,1,0,1,28529.9,4348.53,
0,1,0,292,17511.8,2,0,2,38240.5,16859.9,
0,1,0,341,3650.68,1,0,1,29690.9,12232,
0,1,0,344,10179.4,2,0,2,14153.8,29534.8,
0,1,0,346,15597.3,2,0,2,36144.2,16193.1,
0,1,0,348,1337.2,1,0,1,14170.2,20909.9,
0,1,0,349,3145.96,1,0,1,14246.4,21266.4,
0,1,0,364,1306.87,1,0,1,2429.24,36963.7,
0,1,0,393,6894.65,1,0,1,31821.7,23294.8,
1,2,1,395,29294.2,18,12,6,21210.7,31624.9,
0,1,0,399,174658,34,0,34,18634.9,23627.1,
0,1,0,420,2695.73,1,0,1,30286.6,23573.8,
0,1,0,421,1285.41,1,0,1,35957.9,38894.5,
5,6,5,431,35965.6,40,33,7,11117.1,38216.9,
0,1,0,434,7635.86,1,0,1,14763.9,23808.9,
0,1,0,438,3366.69,1,0,1,37064.3,23371.7,
0,1,0,454,10011.7,2,0,2,16626.1,37178.3,
0,1,0,463,2982.76,1,0,1,20994,16701.9,
0,1,0,467,8145.81,1,0,1,11228.3,38032,
0,1,0,471,7255.47,1,0,1,11037.8,18278.3,
1,2,1,497,19906.2,8,5,3,32178.6,11072.9,
0,1,0,508,8063.3,1,0,1,32170.5,11377.7,
2,3,2,520,10883.7,17,14,3,17676.4,40260.2,
0,1,0,539,1165.03,1,0,1,20171.1,39551.2,
0,1,0,540,3521.19,1,0,1,20199.3,39794.1,
1,2,1,541,19743.7,5,1,4,35548.8,29214.6,
0,1,0,541,1082.78,1,0,1,19800.3,39838.5,
0,1,0,578,7930.61,1,0,1,13614.2,21921.4,
0,1,0,601,3402.03,1,0,1,10653.2,35269.7,
0,1,0,619,7831.75,1,0,1,36074.5,1430.68,
0,1,0,629,9293.05,1,0,1,39836.5,31750.3,
1,2,1,655,14281,4,1,3,8245,33960.6,
1,2,1,668,11299.5,4,2,2,5080.81,19729.1,
0,1,0,677,11747.9,2,0,2,28822.6,27320.3,
0,1,0,683,7478.69,1,0,1,15805.6,26016,
0,1,0,684,8377.48,1,0,1,15682.6,26367.4,
0,1,0,688,2193.44,1,0,1,10406.2,26244.7,
0,1,0,689,1095.14,1,0,1,10965.4,25700.1,
0,1,0,693,8163.82,1,0,1,5929.98,22794,
1,2,1,696,13055.2,3,1,2,2854.87,24027.9,
0,1,0,699,1086.12,1,0,1,3222.22,23940.8,
1,2,1,701,15108.2,48,46,2,2718.85,22797.9,
0,1,0,706,22271.9,3,0,3,2704.09,23464,
0,1,0,708,2711.84,1,0,1,32104.4,19581.3,
0,1,0,709,1324.98,1,0,1,34977,18984.4,
0,1,0,710,15913,2,0,2,35189.8,18799.1,
0,1,0,712,3485.22,1,0,1,35511.6,19052.5,
0,1,0,713,947.573,1,0,1,36700.3,21346.5,
0,1,0,714,7572.7,1,0,1,35419.5,21263.6,
0,1,0,726,9246.04,1,0,1,18202.5,35775.5,
0,1,0,736,3742.64,1,0,1,14402.6,22135.2,
0,1,0,753,7692.2,1,0,1,3464.75,20517.6,
0,1,0,764,10522.8,2,0,2,35495.2,38192.1,
0,1,0,768,1146.98,1,0,1,37237.8,34922.8,
1,2,1,775,44349.6,8,1,7,5573.99,27914.8,
0,1,0,776,7385.34,1,0,1,9185.21,38037.6,
0,1,0,788,16346.7,2,0,2,38182.8,22759.6,
0,1,0,791,30392.1,7,0,7,39708.3,22740.9,
0,1,0,807,9007.25,1,0,1,39323.2,24232.4,
0,1,0,819,8159.99,1,0,1,38042,11015.1,
0,1,0,849,7599.82,1,0,1,33751.8,30981.8,
0,1,0,865,9029.97,1,0,1,18177.3,36372.3,
0,1,0,871,3801.86,1,0,1,35154.2,32353.1,
0,1,0,882,8642.79,1,0,1,17203.8,20590.9,
0,1,0,883,3698.03,1,0,1,34891.8,31998.1,
0,1,0,891,7528.48,1,0,1,1906.42,39509.4,
0,1,0,895,7957.78,1,0,1,8715.25,27168.8,
0,1,0,904,10912,2,0,2,35439.4,27373.5,
0,1,0,909,7194,1,0,1,23685.7,12100,
0,1,0,909,3032.22,1,0,1,36375.9,32715.5,
0,1,0,920,27240.4,4,0,4,31939.8,29811.8,
0,1,0,925,3464.33,1,0,1,11557.7,15809.5,
0,1,0,926,8441.93,1,0,1,32551.1,29860.9,
0,1,0,927,6588.48,1,0,1,9855.24,17233,
0,1,0,928,3038.92,1,0,1,34016,37485.5,
0,1,0,929,6961.39,1,0,1,11216.5,20800.6,
0,1,0,930,9565.07,1,0,1,25975.4,11435.7,
0,1,0,935,3206.61,1,0,1,9498.8,18386.5,
0,1,0,936,8316.2,1,0,1,38716,40279.2,
0,1,0,937,8397.52,1,0,1,26452.3,28226,
0,1,0,939,4486.36,1,0,1,32329.6,13562.5,
0,1,0,939,2908.18,1,0,1,27764.6,31099.1,
0,1,0,940,8989.4,1,0,1,32153.5,15222.5,
0,1,0,944,7542.04,1,0,1,38173.9,12778.8,
0,1,0,944,9139.92,2,0,2,5562.23,37928.8,
0,1,0,945,8400.49,1,0,1,38124.9,13094.7,
0,1,0,946,22345,4,0,4,26692.8,25814.9,
0,1,0,947,1201.25,1,0,1,22116.7,23813,
0,1,0,950,7476.39,1,0,1,40295.7,11667.6,
0,1,0,952,8782.68,1,0,1,21091.1,35826.9,
0,1,0,952,4456.5,2,0,2,26421.8,25099.1,
0,1,0,952,8043.76,1,0,1,16801,23082.6,
0,1,0,956,21012.7,4,0,4,20264.3,22891.3,
0,1,0,959,8136.89,1,0,1,5389.72,38043.1,
0,1,0,960,938.92,1,0,1,5318.05,32423.6,
0,1,0,960,3025.95,1,0,1,24028.5,13386.3,
1,2,1,961,21177,5,1,4,26733.6,13119.6,
0,1,0,964,3045.9,1,0,1,16352.5,10905.1,
0,1,0,964,7835.17,1,0,1,35341.5,6412.77,
0,1,0,967,8298.96,1,0,1,35555.9,18745.8,
1,2,1,971,9964.19,2918,2916,2,22360.6,16929.1,
0,1,0,972,8410.51,1,0,1,22251.8,17189.7,
0,1,0,974,3373.2,1,0,1,2232.5,38317.3,
0,1,0,985,1135.22,1,0,1,14675.6,19997.3,
0,1,0,1006,6936.17,1,0,1,15010,22633.9,
17,18,17,1008,180286,122,88,34,28158.3,5764.53,
0,1,0,1009,7831.84,1,0,1,16342.7,20704.4,
0,1,0,1012,8782.22,1,0,1,16944.6,14942.2,
0,1,0,1019,3549.82,1,0,1,10863.7,14072.4,
0,1,0,1020,2512.42,1,0,1,3725.13,28786,
0,1,0,1021,1482.37,1,0,1,3982.49,28426.2,
1,2,1,1022,19387.3,2275,2272,3,4538.63,29221.2,
0,1,0,1024,7699.67,1,0,1,3856.45,30877.3,
0,1,0,1036,3488.98,1,0,1,18883.5,39424.9,
0,1,0,1039,8986.49,1,0,1,15334.4,36833.4,
0,1,0,1043,2815.45,1,0,1,10707.4,29074.9,
0,1,0,1049,1418.69,1,0,1,22824.7,12351.2,
0,1,0,1059,8601.38,1,0,1,24476.4,39319,
0,1,0,1072,5188.89,1,0,1,6396.23,14719.6,
0,1,0,1076,3706.72,1,0,1,32303.3,24872.3,
0,1,0,1084,7999.83,1,0,1,14396.3,33744.3,
0,1,0,1090,1343.61,1,0,1,30515.2,13380.3,
0,1,0,1091,6339.82,1,0,1,30378.8,13247.7,
0,1,0,1095,32480,6,0,6,20161.5,27263.6,
0,1,0,1112,11374.5,2,0,2,31418.8,7155.54,
0,1,0,1113,9119.45,1,0,1,35230.3,33619.5,
0,1,0,1116,2800.2,1,0,1,32524.4,7467.98,
0,1,0,1123,3225.06,1,0,1,35384.4,11394.1,
7,8,7,1125,88130.2,32,12,20,35146.7,11465.6,
0,1,0,1126,17906.7,4,0,4,11996,23642.3,
0,1,0,1130,8808.57,1,0,1,12637.4,24550.2,
0,1,0,1131,3457.29,1,0,1,13164.9,25360.1,
0,1,0,1132,9166.88,1,0,1,16510.8,22986.5,
0,1,0,1132,1090.75,1,0,1,12415.5,16362.9,
0,1,0,1136,8501.35,1,0,1,11318.6,32279.2,
0,1,0,1137,2644.58,1,0,1,10781,32473.4,
0,1,0,1153,7699.9,1,0,1,37696.2,13035.4,
0,1,0,1154,3005.38,1,0,1,22906.7,20682.8,
0,1,0,1156,7408.82,1,0,1,26948.4,18256.7,
4,5,4,1165,71579.4,24,8,16,4180.82,19644.8,
0,1,0,1166,8182.29,1,0,1,24811,29286.3,
0,1,0,1184,7266.81,1,0,1,20778.4,16190.9,
0,1,0,1187,3060.04,1,0,1,23402,14791.8,
0,1,0,1187,1261.99,1,0,1,30897.3,36085.5,
0,1,0,1188,9734.9,1,0,1,31444.1,35463.6,
0,1,0,1189,4120.1,1,0,1,30633.7,34318.6,
1,2,1,1196,47468.2,10,1,9,37788.9,29578.8,
0,1,0,1207,8381.15,1,0,1,31063.8,36801.8,
0,1,0,1208,3479.86,1,0,1,29901.9,37838.2,
2,3,2,1209,23507,2511,2507,4,31360.2,36216.7,
0,1,0,1211,1534.43,1,0,1,31467.7,35045.5,
0,1,0,1214,7170.99,1,0,1,30959.2,35534.2,
0,1,0,1214,3396.17,1,0,1,34894.3,39356.4,
0,1,0,1215,993.689,1,0,1,28950.1,37101.3,
0,1,0,1215,7615.6,1,0,1,35996.8,39127.7,
0,1,0,1216,8996.15,1,0,1,35963.3,40081.9,
0,1,0,1216,3751.36,1,0,1,29316.8,37461.4,
0,1,0,1218,3449.3,1,0,1,17826.7,17196.6,
0,1,0,1221,939.09,1,0,1,16609.2,18021.1,
0,1,0,1223,8110.98,1,0,1,37227.7,38036.8,
0,1,0,1296,2879.67,1,0,1,6115.09,23971.2,
0,1,0,1304,8554.75,1,0,1,17223.4,22692.1,
0,1,0,1305,3252.62,1,0,1,17167.8,23040.2,
0,1,0,1307,1553.1,1,0,1,1667.93,33653.9,
0,1,0,1309,9309.97,1,0,1,21688.9,27689.7,
0,1,0,1310,2926.11,1,0,1,10069.6,20142,
0,1,0,1310,6802.86,1,0,1,22356,29167.3,
0,1,0,1313,9345.14,2,0,2,8533.64,23048.1,
0,1,0,1315,2779.07,1,0,1,8969.53,22821.2,
0,1,0,1317,12157,3,0,3,9010.78,21500,
0,1,0,1321,7726.43,1,0,1,10499.1,23316.3,
0,1,0,1323,4005.39,1,0,1,11065.6,24373.7,
0,1,0,1324,7429.65,1,0,1,12460.2,25923.4,
0,1,0,1325,2022.36,1,0,1,10822,27352,
0,1,0,1327,7179.48,1,0,1,8645.61,22849.1,
0,1,0,1329,8309.87,1,0,1,11032.3,23638,
0,1,0,1329,4235.05,1,0,1,18528.6,20120.8,
1,2,1,1331,83231.7,163,147,16,10548.2,22387.7,
1,2,1,1335,11096.5,7,5,2,29968.4,25417.2,
0,1,0,1339,7727.82,1,0,1,29748.1,25377.7,
1,2,1,1340,10134.6,552,550,2,30019.5,5061.72,
0,1,0,1359,3514.58,1,0,1,2221.25,28999.5,
1,2,1,1373,12234,5,3,2,21451.4,32942.4,
0,1,0,1374,7241.87,2,0,2,26467.9,14974.5,
1,2,1,1402,8102.08,31,29,2,22537.2,16557.9,
0,1,0,1409,8723.17,1,0,1,32055.5,37142.8,
0,1,0,1424,2724.37,1,0,1,19835,25823.9,
0,1,0,1425,8040.28,1,0,1,26655.3,25063.1,
0,1,0,1426,4107.84,1,0,1,20556.3,39343.2,
0,1,0,1428,6883.09,1,0,1,26978.1,27171.1,
2,3,2,1432,61808,16,3,13,27080,27456.6,
0,1,0,1441,2116.37,1,0,1,37875.1,27396.6,
0,1,0,1442,8105.49,1,0,1,38878.4,26864.5,
0,1,0,1443,11438.5,2,0,2,34938.9,36033.2,
1,2,1,1453,14523.2,89,86,3,6809.91,37738.3,
0,1,0,1464,7790.74,1,0,1,27755.6,36235.1,
0,1,0,1465,2915.84,1,0,1,26905.6,37245.6,
0,1,0,1465,7634.39,1,0,1,29790,34811.4,
0,1,0,1466,10816.9,2,0,2,28585.6,38017,
0,1,0,1467,3476.28,1,0,1,32421.3,31158.5,
0,1,0,1467,7852.56,1,0,1,29325.6,37909.1,
0,1,0,1468,8893.27,1,0,1,32713.6,31052.1,
0,1,0,1468,2998.5,1,0,1,29361.9,37732.8,
0,1,0,1469,1739.21,1,0,1,31143.2,31973.2,
0,1,0,1469,4406.67,1,0,1,31501.3,40084.4,
0,1,0,1472,8694.75,1,0,1,28807.7,39017.8,
0,1,0,1472,1630.76,1,0,1,30547.3,35159.9,
0,1,0,1473,3653.25,1,0,1,8818.19,18962.4,
0,1,0,1474,1591.14,1,0,1,34690.8,15822.4,
0,1,0,1475,48332.9,10,0,10,26423.8,35663.5,
0,1,0,1476,7336.35,1,0,1,14746.6,19842.2,
0,1,0,1477,1140.59,1,0,1,10833.1,21311.4,
0,1,0,1477,3569.03,1,0,1,38592.8,32890.6,
0,1,0,1477,19483.8,4,0,4,12664.5,11803.8,
0,1,0,1478,9235.03,1,0,1,11524.5,21807.6,
0,1,0,1478,6437.67,2,0,2,30380.2,24420.5,
0,1,0,1479,2147.72,1,0,1,10721.7,22337.9,
0,1,0,1485,1405.38,1,0,1,30167,24250,
0,1,0,1485,8472.38,1,0,1,26713.5,35348.4,
0,1,0,1494,7402.75,1,0,1,10424.1,23083.8,
0,1,0,1495,2544.66,1,0,1,11812.6,22982.2,
0,1,0,1497,8753.31,1,0,1,11490.3,24246,
0,1,0,1499,3473.97,1,0,1,37222,9641.35,
0,1,0,1502,6764.4,1,0,1,2456.98,3187.16,
0,1,0,1502,2200.59,1,0,1,4115.67,2895.12,
0,1,0,1502,722.733,1,0,1,27411,28706.8,
0,1,0,1515,9540.53,1,0,1,29801.5,32136.6,
0,1,0,1524,4010.64,1,0,1,37039.1,36814.1,
0,1,0,1527,2231.61,1,0,1,6564.62,24150.1,
1,2,1,1529,16540.1,948,946,2,19515.1,39005.4,
0,1,0,1532,2628.47,1,0,1,19070.8,26713,
0,1,0,1536,3574.49,1,0,1,22331.5,28678.2,
0,1,0,1537,1170.72,1,0,1,20834.9,30578.7,
0,1,0,1539,9979.41,1,0,1,11599.4,31621.4,
0,1,0,1540,3738.08,1,0,1,10786.6,30254.6,
0,1,0,1540,2361.13,1,0,1,29396.6,7121.27,
0,1,0,1541,7811.76,1,0,1,10518.6,30363.8,
0,1,0,1542,8404.03,1,0,1,10417.3,30553.5,
0,1,0,1544,9290.08,1,0,1,12179.4,31843.6,
0,1,0,1548,3262.68,1,0,1,4496.07,30430.7,
0,1,0,1551,2521.53,1,0,1,2734.79,29179.8,
0,1,0,1562,8342.49,1,0,1,10976.1,22190.9,
0,1,0,1564,7731.31,1,0,1,10180.1,24907.7,
0,1,0,1567,1008.63,1,0,1,8090.59,20602.8,
1,2,1,1567,13370.3,347,344,3,26002.8,34214.7,
0,1,0,1568,3167.89,1,0,1,7796.61,21113.5,
0,1,0,1569,702.314,1,0,1,7903.66,21247,
0,1,0,1571,1238.69,1,0,1,7655.3,19694.7,
0,1,0,1572,51076.8,10,0,10,6396.47,19232.6,
0,1,0,1575,8987.92,1,0,1,17423.5,38073.4,
0,1,0,1584,2489.53,1,0,1,15501.2,31433,
0,1,0,1585,1481.41,1,0,1,36852.5,40301.7,
0,1,0,1589,837.747,1,0,1,10879.5,25864.9,
0,1,0,1593,8427.6,1,0,1,11129.5,19707.3,
0,1,0,1594,8997.71,1,0,1,11573.4,22360.2,
0,1,0,1595,8487.91,1,0,1,11410.6,22054.6,
1,2,1,1596,6066.43,1691,1688,3,38919.4,38969.6,
0,1,0,1596,7828.66,1,0,1,12201.7,21485.5,
0,1,0,1598,8018.84,1,0,1,39810.6,17007.9,
0,1,0,1598,3020.38,1,0,1,39225.3,39514.8,
0,1,0,1599,1148.45,1,0,1,38078,40342.9,
1,2,1,1602,9586.33,651,649,2,13548.9,22779.7,
0,1,0,1603,1325.28,1,0,1,11970.3,23837.4,
0,1,0,1607,1068.08,1,0,1,11555.8,17449.9,
0,1,0,1607,8647.49,1,0,1,12583.1,29223.6,
0,1,0,1608,1077.63,1,0,1,12068,29199.1,
4,5,4,1609,23592.2,130,125,5,17510.6,24250.7,
0,1,0,1609,4415.18,1,0,1,27346.4,26434.1,
0,1,0,1609,12926.1,2,0,2,11849.7,29515.3,
0,1,0,1612,7891.93,1,0,1,9237.62,29300.9,
0,1,0,1613,10040.4,1,0,1,9408.26,29459.1,
0,1,0,1615,4297.8,2,0,2,9283.3,30506.7,
0,1,0,1619,856.966,1,0,1,10126.2,30245.5,
0,1,0,1620,7902.24,1,0,1,10183.1,30453.8,
1,2,1,1621,20394.6,5,1,4,9580.55,30772.5,
0,1,0,1626,8105.28,1,0,1,10274.1,28945.5,
0,1,0,1630,3453.93,1,0,1,5140.07,15605.8,
0,1,0,1655,1510.18,1,0,1,5962.17,39967.5,
1,2,1,1662,14442.1,15,13,2,12774.1,36443.5,
0,1,0,1670,9907.17,1,0,1,16100.7,37682.2,
0,1,0,1682,1580.68,1,0,1,6220.07,17656.4,
0,1,0,1682,4239.11,1,0,1,7445.93,17061,
0,1,0,1696,968.452,1,0,1,1070.87,34816.7,
0,1,0,1749,1078.5,1,0,1,37473.4,12620.3,
1,2,1,1758,12056,3,1,2,23775,29708.2,
0,1,0,1796,7846.97,1,0,1,6824.03,38429.6,
0,1,0,1798,1084.71,1,0,1,7229.14,39036.4,
0,1,0,1800,1091.49,1,0,1,10033.5,26109.2,
0,1,0,1809,7392.16,1,0,1,12881.3,13402.9,
0,1,0,1813,9648.94,1,0,1,12162.6,12374.4,
0,1,0,1818,3517.02,1,0,1,11016.6,18786.4,
0,1,0,1819,2119.46,1,0,1,10984.7,19181.8,
0,1,0,1830,8387.09,1,0,1,22412.3,38453,
0,1,0,1843,9057.87,1,0,1,28748,24107.9,
0,1,0,1844,11227.9,2,0,2,28859.3,24347.3,
0,1,0,1846,821.892,1,0,1,29475.3,24235.1,
0,1,0,1847,1368.65,1,0,1,29432.2,24422.7,
0,1,0,1848,3566.81,1,0,1,28023.6,24345.9,
0,1,0,1849,6939.92,1,0,1,28422.5,19998.3,
0,1,0,1851,7800.85,1,0,1,28926.6,22364.7,
0,1,0,1852,3882.19,1,0,1,23954.9,22252.4,
0,1,0,1853,1579.09,1,0,1,24293.4,23972.5,
0,1,0,1855,8717.59,1,0,1,23639.9,23216.8,
0,1,0,1858,1146.23,1,0,1,24158.9,24524.4,
3,4,3,1861,47346,1706,1696,10,34218.9,35378.1,
0,1,0,1880,7672.14,1,0,1,32444.6,4493.06,
1,2,1,1885,19616.6,4,1,3,6955.36,23573.3,
0,1,0,1887,3087.27,1,0,1,30484.5,4826.5,
0,1,0,1905,1756.75,1,0,1,20048.4,26016.1,
0,1,0,1906,7626.08,1,0,1,20331.6,26619.9,
0,1,0,1907,7742.6,1,0,1,20144.7,26802.6,
0,1,0,1909,8824.47,1,0,1,20634.3,29853.7,
0,1,0,1910,2509.03,1,0,1,21966.7,31264,
0,1,0,1914,1104.5,1,0,1,24758.9,33072.3,
0,1,0,1915,7361.33,1,0,1,24770.7,33335.6,
0,1,0,1916,9112.4,1,0,1,23609.6,34177.3,
0,1,0,1941,3655.99,2,0,2,899.947,28881,
0,1,0,1943,7479.34,1,0,1,36269.8,31680.7,
0,1,0,1945,3613.6,1,0,1,30261.7,34211.4,
0,1,0,1948,10409.5,2,0,2,38831.1,35912.6,
0,1,0,1948,1784.13,1,0,1,4231.13,23615.4,
0,1,0,1952,20796.3,3,0,3,31177.7,33309.5,
0,1,0,1958,10162.6,2,0,2,31377.8,39068,
0,1,0,1960,8562.21,1,0,1,31109.4,39343.1,
0,1,0,1961,1407.99,1,0,1,30768.2,39382.9,
0,1,0,1965,2595.95,1,0,1,33571.8,38982.5,
0,1,0,1966,9051.23,1,0,1,33143.8,39606.8,
1,2,1,1973,12506.8,4,2,2,3433.2,27460.9,
0,1,0,1978,9142.55,1,0,1,6812.58,26802.6,
0,1,0,1979,3484.81,1,0,1,6739.34,27082.9,
0,1,0,1980,1438.23,1,0,1,5400.93,26644.8,
0,1,0,1981,1497.94,1,0,1,6203.68,25214.6,
0,1,0,1982,7712.36,1,0,1,6779.72,27315.2,
0,1,0,1984,12254,2,0,2,6216.89,26370.2,
0,1,0,1986,1417.93,2,0,2,6179.93,25423.5,
0,1,0,1989,7830.55,1,0,1,12653.9,36025.8,
0,1,0,1991,1586.18,1,0,1,37341.7,32297,
0,1,0,1995,25331.7,6,0,6,2428.82,22276.1,
0,1,0,2005,6725.2,1,0,1,25983,34888.4,
0,1,0,2007,9094.64,1,0,1,19614.9,28426.7,
0,1,0,2060,3272.37,1,0,1,824.443,36873.9,
0,1,0,2068,7891.9,1,0,1,29059.9,34569.8,
1,2,1,2072,21961.6,9,6,3,3448.66,37552.3,
0,1,0,2074,3597.88,1,0,1,3405.92,37704.6,
14,15,14,2080,140899,54,28,26,30277.5,11062.7,
0,1,0,2106,8699.61,1,0,1,36686.7,13272.1,
0,1,0,2107,12464.8,2,0,2,36365.4,17446,
0,1,0,2110,8047.51,1,0,1,9410.26,22703.5,
0,1,0,2111,8330.96,3,0,3,11038.5,20925.3,
5,6,5,2119,268644,63,10,53,8661.99,20453,
0,1,0,2133,9425.64,1,0,1,16077.7,9405.34,
0,1,0,2176,7238.88,1,0,1,22353.3,33389.6,
0,1,0,2182,7841.12,1,0,1,8455.94,26858.5,
0,1,0,2183,1323.7,1,0,1,7693.29,26814.9,
0,1,0,2184,3328.9,1,0,1,7913.34,27775.8,
0,1,0,2184,7805.65,1,0,1,40211.5,22785.9,
2,3,2,2196,41969.2,118,111,7,16112.8,27389,
0,1,0,2208,3300,1,0,1,37804.1,4552.34,
0,1,0,2236,16109.9,2,0,2,1109.03,24902.3,
0,1,0,2238,1171.99,1,0,1,1218.67,24272.6,
1,2,1,2246,32915.3,46,40,6,30729.7,25406.6,
0,1,0,2249,3164.35,1,0,1,17513.7,26542,
0,1,0,2266,8340.01,1,0,1,33246.6,30169,
0,1,0,2271,2884.15,1,0,1,13513.9,38819.4,
0,1,0,2272,1.12204e+06,199,0,199,13253.5,39017.2,
0,1,0,2282,2514.57,1,0,1,27137.2,31433.6,
0,1,0,2288,9771.4,1,0,1,40046.1,34375.6,
0,1,0,2290,8745.3,1,0,1,32250.3,17590.3,
0,1,0,2291,6411.2,1,0,1,32318.2,17416.6,
5,6,5,2291,48435.2,16,6,10,14102.8,32185.9,
0,1,0,2292,3181.15,1,0,1,1398.61,27392,
0,1,0,2296,10580.9,2,0,2,31271.4,17466.2,
0,1,0,2298,7351.15,1,0,1,31175.8,16992.2,
0,1,0,2300,11485,2,0,2,34471.6,14980.8,
0,1,0,2303,7983.26,1,0,1,32038.2,15678.3,
0,1,0,2304,1581.61,1,0,1,31679.1,15609.4,
1,2,1,2306,13698,5,1,4,31796.8,15454.4,
0,1,0,2350,785.441,1,0,1,19077.6,36560.8,
0,1,0,2351,3810.37,1,0,1,18869.7,36770.4,
1,2,1,2361,21256.8,9,6,3,37161.6,32706,
0,1,0,2387,8333.47,1,0,1,29467.5,36977.8,
0,1,0,2389,2803.6,2,0,2,34209.2,36301.5,
0,1,0,2392,9362.73,1,0,1,34722.7,40183.2,
0,1,0,2396,7360.79,2,0,2,6187.66,26594.4,
0,1,0,2398,23774.5,6,0,6,4696.18,27263.3,
0,1,0,2402,9016.82,1,0,1,30822.7,6014.69,
0,1,0,2404,3672.91,1,0,1,4211.32,27546.7,
0,1,0,2405,8223.61,1,0,1,38494.8,27763.7,
0,1,0,2406,9247.64,1,0,1,39082.4,26793.4,
0,1,0,2406,1095.34,1,0,1,4707.04,27664,
0,1,0,2407,1611.93,1,0,1,28086.8,6387.37,
0,1,0,2413,12132.9,2,0,2,16106.1,22089.4,
1,2,1,2417,4410.44,1013,1011,2,17042,19889,
0,1,0,2419,13298.1,2,0,2,13641.9,27147.3,
0,1,0,2422,1126.43,1,0,1,11622.2,32626.4,
0,1,0,2427,1325.05,1,0,1,13710.8,34187.3,
0,1,0,2428,15727.7,2,0,2,13663.3,34602.8,
1,2,1,2428,11802.1,14,11,3,5644.25,38656.9,
0,1,0,2430,5147.32,2,0,2,13520.1,33904.7,
0,1,0,2432,3723.35,1,0,1,12656,33685.9,
0,1,0,2433,7608.14,1,0,1,11419.9,33430.5,
0,1,0,2439,32960.8,6,0,6,26357.5,22046.9,
0,1,0,2446,3828.41,2,0,2,14833.3,39607.5,
0,1,0,2449,2855.19,1,0,1,22375.3,22700.6,
0,1,0,2456,8221.92,1,0,1,33233,26577.3,
0,1,0,2457,8487.51,1,0,1,33364.3,25831.9,
0,1,0,2468,7008.18,1,0,1,30297,10540.7,
0,1,0,2472,3126.63,1,0,1,27196.3,14497.3,
0,1,0,2472,1124.77,1,0,1,15839.9,37307.5,
0,1,0,2473,7483.85,1,0,1,16777.9,38286,
0,1,0,2475,1635.18,1,0,1,17978.1,37381.3,
0,1,0,2476,9562.12,1,0,1,19202.9,37588,
0,1,0,2485,3923.26,1,0,1,14919.9,38606.8,
0,1,0,2487,1609.47,1,0,1,13715.6,37461.6,
0,1,0,2489,10548.8,2,0,2,11420.7,37183.8,
0,1,0,2490,8868.99,1,0,1,12895.7,32078.4,
0,1,0,2491,3935.39,1,0,1,12296.8,34484,
0,1,0,2495,8605.32,1,0,1,15671,38831.2,
0,1,0,2496,2012.29,1,0,1,15882.4,39578.2,
0,1,0,2497,20904.5,4,0,4,15516.5,37772.1,
0,1,0,2497,3485.09,1,0,1,38625.5,30877,
0,1,0,2498,7175.13,1,0,1,11365,15709,
0,1,0,2498,8033.31,1,0,1,39719.4,33235.9,
0,1,0,2501,7867.36,1,0,1,15286.6,37815.5,
0,1,0,2502,12298.5,3,0,3,15406.7,37472.3,
0,1,0,2509,3339.65,1,0,1,16958.3,16985.3,
0,1,0,2510,8716.91,1,0,1,16956.8,17321.9,
0,1,0,2510,3022.99,1,0,1,13745.3,13802.1,
0,1,0,2511,10170.7,2,0,2,17011.2,17641.4,
0,1,0,2511,23274.6,6,0,6,14258.4,13787.8,
0,1,0,2517,8491.44,1,0,1,14095.5,14223.1,
0,1,0,2537,3288.17,1,0,1,23274.9,18835.6,
0,1,0,2537,7721.05,1,0,1,13008.1,36982.7,
0,1,0,2557,1592.82,1,0,1,38227.4,36338.5,
2,3,2,2589,57336.1,15,2,13,23865.1,27678.8,
1,2,1,2612,10128.6,7,5,2,36967.9,26053.8,
0,1,0,2618,7424.05,3,0,3,7112.67,26129.6,
0,1,0,2625,5612.64,2,0,2,858.885,28013.3,
0,1,0,2625,7635.83,1,0,1,36504.4,27649.3,
0,1,0,2628,7879.58,1,0,1,8317.9,16947.4,
0,1,0,2634,1677.52,1,0,1,10272.4,18863.9,
0,1,0,2638,7990.07,1,0,1,20100.2,17484.2,
0,1,0,2638,3817.39,1,0,1,9616.28,20700.6,
2,3,2,2645,13398.2,10,7,3,17856.2,35314.8,
0,1,0,2668,7311.25,1,0,1,37414.6,4197.65,
0,1,0,2673,3459.15,1,0,1,27672.3,8036.39,
0,1,0,2689,17347.8,3,0,3,34319.5,15153.8,
0,1,0,2704,1188.4,1,0,1,1756.54,25943.9,
0,1,0,2733,2589.33,1,0,1,10545.6,26950.5,
0,1,0,2739,8892.52,1,0,1,7475.93,35768.6,
0,1,0,2760,3308.54,1,0,1,8631.44,34423.2,
0,1,0,2761,9142.2,1,0,1,8489.98,34535.6,
0,1,0,2762,11559,3,0,3,37424.7,32629.1,
0,1,0,2764,8226.11,1,0,1,11415.9,27073.1,
0,1,0,2767,3447.21,1,0,1,12430.3,22679.7,
0,1,0,2779,1028.3,1,0,1,36505.6,10242.5,
0,1,0,2788,7454.39,1,0,1,18065.7,28467.9,
0,1,0,2789,1172.3,1,0,1,18868.6,28894.6,
0,1,0,2825,1459.92,1,0,1,20916.5,29709.9,
0,1,0,2841,8442.67,1,0,1,13400.3,24281.1,
0,1,0,2846,3119.53,1,0,1,15527,16371,
0,1,0,2854,1075.65,1,0,1,18064.8,14043.9,
0,1,0,2874,1597.39,1,0,1,18850.7,40263.6,
0,1,0,2875,9131.1,1,0,1,30074.5,10762.9,
0,1,0,2885,3203.01,1,0,1,27583.8,15506.5,
0,1,0,2885,8908.84,1,0,1,23686,21952.6,
0,1,0,2890,3084.01,1,0,1,36557.9,23357.8,
0,1,0,2890,1494.59,1,0,1,24100.1,30995.7,
0,1,0,2891,8853.79,1,0,1,36771.7,23054.7,
0,1,0,2892,894.37,1,0,1,37624.5,25959.5,
0,1,0,2894,9302.08,1,0,1,11833.1,27468.4,
2,3,2,2899,60018.2,20,6,14,29238.7,28037.5,
0,1,0,2913,2961.59,1,0,1,27146.5,27654.9,
0,1,0,2920,992.187,1,0,1,29265.1,27700.6,
0,1,0,2921,7839.59,1,0,1,29278.4,26728.5,
1,2,1,2939,8652.28,31,29,2,4482.36,25412.7,
0,1,0,2945,2723.77,1,0,1,26088.7,20613.7,
1,2,1,2955,22818.2,167,162,5,37881.2,23312.5,
0,1,0,2976,834.292,1,0,1,39583.3,31833.1,
0,1,0,2986,8614.36,1,0,1,8734.78,30808.8,
0,1,0,2987,3177.75,1,0,1,10126.6,32512.3,
2,3,2,2989,4592.17,12,9,3,11308.1,22321.2,
0,1,0,2990,7976.54,1,0,1,8726.81,39284.6,
0,1,0,3006,2832.14,1,0,1,16374,21275.4,
0,1,0,3007,1617.6,1,0,1,15278.1,22229.9,
0,1,0,3017,7547.79,1,0,1,11430.6,13241.6,
0,1,0,3020,3754.52,1,0,1,18441.1,14321.5,
0,1,0,3030,1700.32,1,0,1,31855.6,11604,
7,8,7,3030,85131.1,40,24,16,31579.6,5472.02,
0,1,0,3045,4465.35,1,0,1,26662.1,5639.52,
0,1,0,3053,1442.82,1,0,1,39837.9,22156.1,
0,1,0,3096,3085.94,1,0,1,20799.8,9176.58,
0,1,0,3100,2403.16,1,0,1,24208.8,33940.3,
0,1,0,3104,7161.21,1,0,1,12680.1,37389.8,
0,1,0,3104,7836.67,1,0,1,16468.6,36237,
0,1,0,3108,2620.89,1,0,1,27537.7,39397.4,
2,3,2,3110,14381.1,10,7,3,30308.4,23823.6,
0,1,0,3122,8639.19,1,0,1,19856.5,10917.6,
0,1,0,3132,6567.14,1,0,1,20277.8,32499.5,
0,1,0,3148,1495.02,1,0,1,34427.7,12445.8,
0,1,0,3152,4360.23,1,0,1,33326.4,12814.6,
0,1,0,3153,9275.36,1,0,1,33556.9,13272.4,
0,1,0,3155,7431.59,1,0,1,34374.4,14397.3,
7,8,7,3156,82375.3,90,76,14,18515.6,23826.8,
22,23,22,3167,135377,565,537,28,23624.9,31655.6,
0,1,0,3182,6804.56,1,0,1,32646.3,16643.7,
0,1,0,3185,6727.56,1,0,1,30755.2,10495.5,
0,1,0,3195,2943.71,1,0,1,36943.3,25164.8,
0,1,0,3205,1723.92,1,0,1,28984.6,38596.2,
0,1,0,3214,9152.34,1,0,1,30178.2,14138.5,
0,1,0,3215,1109.5,1,0,1,29892.8,13843.3,
0,1,0,3216,7355.33,1,0,1,39941.7,12220,
0,1,0,3229,2121.62,1,0,1,24988.4,15484.4,
0,1,0,3229,772.378,1,0,1,13881.9,14226.6,
0,1,0,3232,9627.35,1,0,1,36782,29303.7,
0,1,0,3236,3196.08,1,0,1,23873.3,13978.1,
0,1,0,3242,3335.84,1,0,1,32161.5,30419.1,
0,1,0,3247,1641.81,1,0,1,30208,30572.1,
0,1,0,3250,8999.77,1,0,1,20349.6,10968.4,
0,1,0,3251,910.538,1,0,1,28923.4,30771.1,
0,1,0,3252,1380.97,1,0,1,28134.7,30610.9,
0,1,0,3255,92201.9,19,0,19,29806.2,24122.4,
1,2,1,3269,16652.2,3,1,2,21853.5,5890.73,
1,2,1,3271,58867.1,13,1,12,35687.8,34859.6,
0,1,0,3274,2725.15,1,0,1,22036.7,6294.87,
0,1,0,3277,2910.56,1,0,1,26129.4,26443.2,
0,1,0,3279,1174.16,1,0,1,23703.8,28851.4,
0,1,0,3280,8886.77,1,0,1,23578.6,28636.3,
0,1,0,3281,7154.24,1,0,1,24402.1,27157.6,
0,1,0,3283,1924.7,1,0,1,23894,25828.5,
0,1,0,3284,3565.34,1,0,1,24074.4,24823.2,
0,1,0,3285,15687.9,2,0,2,22783,24753.3,
0,1,0,3285,902.153,1,0,1,35912,34592.4,
0,1,0,3289,2695.5,1,0,1,6616.48,19353.3,
0,1,0,3292,8161.91,1,0,1,11461.5,19669.1,
0,1,0,3294,8127.27,1,0,1,12882.1,21137.1,
0,1,0,3296,8679.13,1,0,1,14412.3,21864.3,
1,2,1,3297,4529.21,7,5,2,5015.24,29561.7,
0,1,0,3306,7593.78,1,0,1,4657.22,28400.7,
0,1,0,3309,1221.38,1,0,1,7181.3,27557.4,
0,1,0,3312,8456.99,1,0,1,13726.4,23925.8,
0,1,0,3328,8476.86,1,0,1,23229.6,29028.8,
0,1,0,3354,4288.56,2,0,2,25363.3,36978.7,
0,1,0,3354,8606.74,1,0,1,22176,37447.3,
0,1,0,3355,3332.17,1,0,1,21857,38362.8,
0,1,0,3356,8634.01,1,0,1,22877.6,39562,
1,2,1,3357,55819.5,13,1,12,24886.9,9728.06,
0,1,0,3358,4278.45,2,0,2,18825,33408.6,
0,1,0,3375,9727.98,2,0,2,9028.33,26277.1,
0,1,0,3379,9295.44,1,0,1,32544.4,24141.8,
0,1,0,3380,2874.93,1,0,1,25892,39655.1,
0,1,0,3395,1449.86,1,0,1,5253.6,28118.9,
0,1,0,3398,8940.48,1,0,1,39762.4,25371.9,
0,1,0,3402,2278.21,2,0,2,36108,16763.2,
0,1,0,3407,31862.2,6,0,6,38882.8,15038.1,
0,1,0,3413,7076.91,1,0,1,18448.5,17764.7,
0,1,0,3414,9093.29,2,0,2,18745,17160.1,
0,1,0,3416,3801.7,1,0,1,19833.8,17258.9,
0,1,0,3419,8966.67,1,0,1,19598.1,17110,
0,1,0,3420,1643.32,1,0,1,19806.9,16643.3,
0,1,0,3421,7799.78,1,0,1,19294.7,17258.6,
0,1,0,3422,3458.89,1,0,1,17805.3,20538.5,
0,1,0,3423,9551.08,2,0,2,18654.3,20919.1,
0,1,0,3428,1698.84,1,0,1,18717.3,20769.5,
0,1,0,3429,7814.35,1,0,1,17827.9,20779.6,
0,1,0,3430,3391.11,1,0,1,16877.8,19748,
0,1,0,3432,8817.6,1,0,1,22746.5,21953.6,
0,1,0,3433,3246.75,2,0,2,14620.1,10022.2,
0,1,0,3433,3161.88,1,0,1,22905.4,22178.8,
0,1,0,3434,910.458,1,0,1,22501.7,19449,
0,1,0,3435,9251.19,1,0,1,16600.7,10190.5,
0,1,0,3435,9374.96,2,0,2,24026,19564.7,
0,1,0,3437,20166.8,3,0,3,24223.2,19533,
0,1,0,3441,1688.53,1,0,1,24355.6,20980.3,
0,1,0,3448,8645.3,1,0,1,25484.4,19672.9,
0,1,0,3451,3229.21,1,0,1,23324,19985.2,
0,1,0,3452,1444.55,1,0,1,23652.8,20322.9,
0,1,0,3456,2744.21,1,0,1,12850.1,22353.6,
0,1,0,3475,7678.89,1,0,1,36614.2,18030.8,
0,1,0,3476,2090.81,1,0,1,38427.4,21671.4,
0,1,0,3477,2958.67,1,0,1,40112.7,20629.4,
0,1,0,3478,1195.28,1,0,1,40095,21344.3,
0,1,0,3480,2678.29,1,0,1,30523.2,22871.3,
1,2,1,3485,11625,3,1,2,28822.4,18823.3,
3,4,3,3500,40253.3,120,111,9,19317.2,25175.9,
0,1,0,3508,8495.23,1,0,1,35568.5,11192.3,
0,1,0,3524,3521.38,1,0,1,25057.1,8197.49,
0,1,0,3531,2031.43,1,0,1,39091.1,10966,
0,1,0,3548,7737.52,1,0,1,40250.4,39714,
0,1,0,3549,8550.34,1,0,1,39711.2,39961.8,
0,1,0,3552,3503.3,2,0,2,898.623,22867.6,
0,1,0,3556,1585.37,1,0,1,1746.54,22258,
1,2,1,3563,13605,6,3,3,8971.17,31965.2,
0,1,0,3578,19481.5,4,0,4,36662.2,29868,
0,1,0,3583,9328.56,1,0,1,34505.5,30843.5,
0,1,0,3588,3074.92,1,0,1,33827,18526.9,
0,1,0,3603,9399.64,1,0,1,7625.24,23985.3,
1,2,1,3611,4633.65,14,12,2,13949.5,33766.5,
0,1,0,3630,11311.3,3,0,3,21725.9,24038.7,
0,1,0,3639,3772.77,1,0,1,25139.7,29287.1,
0,1,0,3646,6974.01,1,0,1,36709.7,37431.7,
0,1,0,3661,9943.77,1,0,1,28256,23731.9,
0,1,0,3672,7299.73,1,0,1,22555.8,18890.5,
16,17,16,3675,457456,157,67,90,33350.7,35084,
2,3,2,3681,15849.5,7,2,5,31319.4,17696.5,
0,1,0,3681,8963.84,1,0,1,37584.2,12282.7,
0,1,0,3683,7235.07,1,0,1,35058.7,13609.4,
0,1,0,3688,1523.94,1,0,1,32943.5,12568.5,
0,1,0,3715,6564.1,1,0,1,10338.6,27834,
0,1,0,3721,10974.9,2,0,2,18347.8,36899.3,
0,1,0,3726,3201.64,1,0,1,12338.6,33095.3,
0,1,0,3732,1970.13,1,0,1,5583.34,29770.8,
0,1,0,3734,7351.58,1,0,1,6519.86,30711.3,
0,1,0,3745,1170.17,1,0,1,23011,18813.4,
0,1,0,3750,8742.48,1,0,1,6091.07,17870.7,
0,1,0,3753,3154.25,1,0,1,39649.8,30876.8,
0,1,0,3843,9753.47,2,0,2,30238.6,34961.3,
0,1,0,3845,3572.66,1,0,1,37128.1,22132.5,
0,1,0,3847,1207.06,1,0,1,30219.3,22511.2,
4,6,5,3848,538241,153,37,116,7577.85,40278.4,
0,1,0,3848,7705.4,1,0,1,31314,20641.7,
0,1,0,3849,1320.93,1,0,1,32402,20915,
0,1,0,3852,4038.91,2,0,2,33197.2,21488.9,
0,1,0,3856,3272.76,1,0,1,36430.3,17182.9,
0,1,0,3866,7086.06,1,0,1,37299.5,29048.4,
0,1,0,3867,16678.7,2,0,2,37815.3,28639.9,
0,1,0,3869,3073.06,1,0,1,37700.6,27636.6,
0,1,0,3871,1851.46,1,0,1,36105.6,28896.3,
0,1,0,3876,14566,2,0,2,20286.6,17856.3,
0,1,0,3879,1932.76,1,0,1,9748.42,14857,
0,1,0,3881,12762.2,2,0,2,15590.5,18552.4,
0,1,0,3882,2902.5,1,0,1,12675.6,15801.7,
0,1,0,3883,926.567,1,0,1,14359.9,19103,
0,1,0,3883,9804.83,1,0,1,12188.9,15270.1,
0,1,0,3884,7741.77,1,0,1,39084.4,34777.4,
0,1,0,3885,1675.36,1,0,1,38481.7,22845.8,
0,1,0,3885,1133.73,1,0,1,38746.7,35184.6,
0,1,0,3886,1667.07,1,0,1,38848.8,35012.4,
0,1,0,3888,11648.2,2,0,2,38266.2,34691.5,
0,1,0,3888,7775.35,1,0,1,16526.2,20711.3,
0,1,0,3893,1035.29,1,0,1,10834.2,19547.4,
0,1,0,3896,2256.56,1,0,1,37721.1,16114,
0,1,0,3898,3192.58,1,0,1,14666.2,29332,
0,1,0,3899,8037.23,1,0,1,14783.1,29182.5,
0,1,0,3903,8988.32,1,0,1,37703.2,17113.1,
0,1,0,3903,920.422,1,0,1,20109,22523.7,
0,1,0,3904,12404.6,2,0,2,37931.6,14924,
0,1,0,3905,1756.08,1,0,1,18839.2,22627.5,
0,1,0,3906,6725.08,1,0,1,18223.6,22901.4,
0,1,0,3906,3254.89,1,0,1,35270.3,16134.2,
0,1,0,3907,7211.15,1,0,1,35526.3,17799,
0,1,0,3908,1093.63,1,0,1,22887.3,19848.2,
0,1,0,3908,1457.08,1,0,1,36992.4,18564.6,
0,1,0,3910,15107.9,2,0,2,37629.3,13934.5,
0,1,0,3912,1221.68,1,0,1,37114.7,13874.7,
0,1,0,3920,1581.05,1,0,1,39813.8,31065.5,
0,1,0,3928,16511.4,4,0,4,10020.9,30984.6,
0,1,0,3932,9137.52,1,0,1,9230.08,29552,
0,1,0,3958,3236.05,1,0,1,33073.1,23464.7,
0,1,0,3961,6896.95,1,0,1,27770.2,23586.1,
0,1,0,3970,1198.48,1,0,1,15864.1,20252.7,
0,1,0,3976,1576.13,1,0,1,10579.6,34683.3,
0,1,0,3977,11686.2,2,0,2,11379.5,35010.8,
0,1,0,3978,7429.6,1,0,1,6275.08,28968.5,
0,1,0,3979,13350,2,0,2,11728.1,39703.2,
0,1,0,3983,6890.61,1,0,1,24003.3,10627.5,
0,1,0,3988,1559.63,1,0,1,15265.3,25930.4,
