Width	Height	nb_Planes	nb_Points	Pixel_Size(um)	Frame_Duration(s)	Gaussian_Fit	Spectral
256	256	4000	493	0.160	0.050	X Y sigma	False
id	Plane	Index	Channel	Integrated_Intensity	CentroidX(px)	CentroidY(px)	SigmaX(px)	SigmaY(px)	Angle(rad)	MSE(Gauss)	CentroidZ(um)	MSE_Z(um)	Pair_Distance(px)
57	57	1	-1	17824.745107	176.232712	227.800919	1.203346	1.203346	0.000000	0.785007	-1.000000	-1.000000	0.000000
61	60	1	-1	40059.839000	152.945938	216.770828	0.887060	0.887060	0.000000	0.963289	-1.000000	-1.000000	0.000000
63	61	1	-1	20574.446071	152.871231	216.781799	0.914830	0.914830	0.000000	0.871594	-1.000000	-1.000000	0.000000
86	83	1	-1	16393.493830	242.104874	217.872070	0.767210	0.767210	0.000000	0.893385	-1.000000	-1.000000	0.000000
103	99	1	-1	13945.274631	237.423279	60.743404	0.793682	0.793682	0.000000	0.811767	-1.000000	-1.000000	0.000000
137	132	1	-1	18947.230204	212.676620	170.326355	1.014464	1.014464	0.000000	0.829497	-1.000000	-1.000000	0.000000
150	144	1	-1	12797.179791	96.018173	169.524612	0.938908	0.938908	0.000000	0.760543	-1.000000	-1.000000	0.000000
203	196	1	-1	16099.363120	189.445328	157.753433	0.975130	0.975130	0.000000	0.806799	-1.000000	-1.000000	0.000000
254	246	1	-1	21053.263397	123.310455	111.398872	1.318815	1.318815	0.000000	0.625595	-1.000000	-1.000000	0.000000
300	291	1	-1	36738.215780	245.664246	169.058167	0.868123	0.868123	0.000000	0.934213	-1.000000	-1.000000	0.000000
302	292	1	-1	36204.600889	245.766083	169.033554	0.898764	0.898764	0.000000	0.943076	-1.000000	-1.000000	0.000000
346	335	1	-1	21685.719568	244.830551	247.956528	0.934802	0.934802	0.000000	0.848567	-1.000000	-1.000000	0.000000
348	336	1	-1	53032.020195	244.800812	248.001648	0.899167	0.899167	0.000000	0.974797	-1.000000	-1.000000	0.000000
375	362	1	-1	80233.551273	167.211136	234.661911	2.427703	2.427703	0.000000	0.535830	-1.000000	-1.000000	0.000000
377	363	1	-1	60978.398006	222.135880	159.487701	0.935833	0.935833	0.000000	0.979823	-1.000000	-1.000000	0.000000
384	369	1	-1	15964.041204	243.189301	73.748192	1.231372	1.231372	0.000000	0.614348	-1.000000	-1.000000	0.000000
409	393	1	-1	18191.372569	239.902466	173.805420	0.881770	0.881770	0.000000	0.789755	-1.000000	-1.000000	0.000000
411	394	1	-1	17282.742962	240.074570	173.701080	1.057657	1.057657	0.000000	0.744959	-1.000000	-1.000000	0.000000
413	395	1	-1	12204.002539	113.413071	73.207397	0.835666	0.835666	0.000000	0.839833	-1.000000	-1.000000	0.000000
414	395	2	-1	12222.493051	239.906250	173.587418	0.941189	0.941189	0.000000	0.685343	-1.000000	-1.000000	0.000000
429	409	1	-1	36816.005939	239.990433	173.847549	0.963477	0.963477	0.000000	0.940201	-1.000000	-1.000000	0.000000
431	410	1	-1	42915.748052	239.899704	173.822205	0.891835	0.891835	0.000000	0.973475	-1.000000	-1.000000	0.000000
436	414	1	-1	18743.117721	239.909790	173.689209	0.891062	0.891062	0.000000	0.854062	-1.000000	-1.000000	0.000000
438	415	1	-1	18119.492896	240.064529	173.733765	0.981417	0.981417	0.000000	0.826060	-1.000000	-1.000000	0.000000
440	416	1	-1	22234.108563	239.873856	173.698959	1.016698	1.016698	0.000000	0.872839	-1.000000	-1.000000	0.000000
442	417	1	-1	23593.298707	239.841721	173.718353	0.953419	0.953419	0.000000	0.908921	-1.000000	-1.000000	0.000000
444	418	1	-1	18826.134912	239.771286	173.950424	0.962226	0.962226	0.000000	0.834968	-1.000000	-1.000000	0.000000
446	419	1	-1	24038.574030	239.914383	173.791748	0.938358	0.938358	0.000000	0.915149	-1.000000	-1.000000	0.000000
448	420	1	-1	22755.844477	240.026505	173.678146	0.856308	0.856308	0.000000	0.907207	-1.000000	-1.000000	0.000000
450	421	1	-1	25709.459145	239.862030	173.743179	0.848447	0.848447	0.000000	0.943573	-1.000000	-1.000000	0.000000
452	422	1	-1	23565.059829	239.963211	173.833359	0.915196	0.915196	0.000000	0.933240	-1.000000	-1.000000	0.000000
454	423	1	-1	22538.472063	239.862198	173.731384	0.985022	0.985022	0.000000	0.895383	-1.000000	-1.000000	0.000000
456	424	1	-1	14338.320417	240.172440	173.662674	1.051801	1.051801	0.000000	0.717208	-1.000000	-1.000000	0.000000
458	425	1	-1	15820.530175	160.869934	183.434204	1.009478	1.009478	0.000000	0.876030	-1.000000	-1.000000	0.000000
460	426	1	-1	13889.128435	236.273178	127.194260	0.906356	0.906356	0.000000	0.777356	-1.000000	-1.000000	0.000000
461	426	2	-1	19292.638493	26.136974	244.324646	0.973484	0.973484	0.000000	0.887810	-1.000000	-1.000000	0.000000
463	427	1	-1	13737.024903	26.131065	244.262848	0.921973	0.921973	0.000000	0.754803	-1.000000	-1.000000	0.000000
465	428	1	-1	19664.873372	6.817111	243.816589	0.980143	0.980143	0.000000	0.908437	-1.000000	-1.000000	0.000000
468	430	1	-1	16549.840522	7.020489	243.865219	1.258282	1.258282	0.000000	0.716879	-1.000000	-1.000000	0.000000
472	433	1	-1	13171.958275	6.899593	243.918091	1.058283	1.058283	0.000000	0.801175	-1.000000	-1.000000	0.000000
483	443	1	-1	12256.492803	236.572968	209.168213	0.832129	0.832129	0.000000	0.780496	-1.000000	-1.000000	0.000000
485	444	1	-1	15181.790046	236.279861	209.293228	0.891210	0.891210	0.000000	0.761645	-1.000000	-1.000000	0.000000
514	472	1	-1	18030.963926	183.467133	163.044556	0.426306	0.426306	0.000000	0.970538	-1.000000	-1.000000	0.000000
527	484	1	-1	20078.019953	251.826447	88.462036	1.034571	1.034571	0.000000	0.835457	-1.000000	-1.000000	0.000000
531	487	1	-1	10829.251688	251.798065	88.653725	0.885811	0.885811	0.000000	0.674408	-1.000000	-1.000000	0.000000
533	488	1	-1	12835.224160	251.796967	88.817642	0.852107	0.852107	0.000000	0.843790	-1.000000	-1.000000	0.000000
538	492	1	-1	31136.210930	222.368423	141.699158	0.917469	0.917469	0.000000	0.948639	-1.000000	-1.000000	0.000000
564	517	1	-1	28956.090104	249.096619	231.194153	0.814925	0.814925	0.000000	0.950469	-1.000000	-1.000000	0.000000
571	523	1	-1	13200.948723	223.508575	206.050507	0.774525	0.774525	0.000000	0.824299	-1.000000	-1.000000	0.000000
573	524	1	-1	13265.174973	223.283722	206.111252	1.018939	1.018939	0.000000	0.677584	-1.000000	-1.000000	0.000000
575	525	1	-1	31621.381226	223.476257	206.208191	0.873317	0.873317	0.000000	0.944665	-1.000000	-1.000000	0.000000
577	526	1	-1	16778.632986	223.558487	206.182343	0.921716	0.921716	0.000000	0.841028	-1.000000	-1.000000	0.000000
579	527	1	-1	22409.897362	223.419968	206.113266	0.942199	0.942199	0.000000	0.891550	-1.000000	-1.000000	0.000000
581	528	1	-1	20096.752271	223.402481	206.343292	0.928033	0.928033	0.000000	0.851100	-1.000000	-1.000000	0.000000
583	529	1	-1	14219.878471	223.491760	206.349457	0.910841	0.910841	0.000000	0.741026	-1.000000	-1.000000	0.000000
702	647	1	-1	11260.045189	86.091743	15.787334	0.902740	0.902740	0.000000	0.809528	-1.000000	-1.000000	0.000000
705	649	1	-1	24236.444696	128.671539	204.641098	1.020026	1.020026	0.000000	0.883839	-1.000000	-1.000000	0.000000
707	650	1	-1	36545.362430	128.552139	204.478989	0.928258	0.928258	0.000000	0.955070	-1.000000	-1.000000	0.000000
709	651	1	-1	38388.930224	128.484695	204.478806	0.896150	0.896150	0.000000	0.972531	-1.000000	-1.000000	0.000000
711	652	1	-1	23019.011447	128.343719	204.418640	0.783364	0.783364	0.000000	0.911618	-1.000000	-1.000000	0.000000
717	657	1	-1	12409.424514	86.174522	45.838074	0.917351	0.917351	0.000000	0.813477	-1.000000	-1.000000	0.000000
721	660	1	-1	11520.542886	86.307770	45.962399	0.944280	0.944280	0.000000	0.772413	-1.000000	-1.000000	0.000000
726	664	1	-1	15167.818540	86.190598	45.984795	1.172881	1.172881	0.000000	0.676015	-1.000000	-1.000000	0.000000
729	666	1	-1	11264.248981	86.252953	45.972538	0.922510	0.922510	0.000000	0.755895	-1.000000	-1.000000	0.000000
731	667	1	-1	11657.018884	86.295372	45.956043	0.813374	0.813374	0.000000	0.842474	-1.000000	-1.000000	0.000000
733	668	1	-1	14540.383631	86.232552	45.846001	0.924831	0.924831	0.000000	0.849115	-1.000000	-1.000000	0.000000
735	669	1	-1	10252.171328	86.375977	46.141434	0.844752	0.844752	0.000000	0.765655	-1.000000	-1.000000	0.000000
755	688	1	-1	18573.053198	36.952213	26.719767	0.990274	0.990274	0.000000	0.881959	-1.000000	-1.000000	0.000000
757	689	1	-1	15255.342376	244.832764	146.684769	1.027589	1.027589	0.000000	0.741607	-1.000000	-1.000000	0.000000
769	700	1	-1	27849.705711	114.004227	102.859596	0.991309	0.991309	0.000000	0.937467	-1.000000	-1.000000	0.000000
816	746	1	-1	14654.883017	197.036194	75.041763	0.803104	0.803104	0.000000	0.851524	-1.000000	-1.000000	0.000000
847	776	1	-1	18018.753587	222.418610	144.087570	0.929612	0.929612	0.000000	0.858003	-1.000000	-1.000000	0.000000
917	845	1	-1	16809.507536	60.820797	96.968124	0.982627	0.982627	0.000000	0.846530	-1.000000	-1.000000	0.000000
919	846	1	-1	22772.744540	60.890976	96.839653	1.017190	1.017190	0.000000	0.900899	-1.000000	-1.000000	0.000000
961	887	1	-1	22814.048076	239.673630	192.285614	1.129291	1.129291	0.000000	0.790299	-1.000000	-1.000000	0.000000
963	888	1	-1	52467.598573	18.720547	66.689728	0.435688	0.435688	0.000000	0.993369	-1.000000	-1.000000	0.000000
981	905	1	-1	116176.370027	78.178452	6.360294	0.592976	0.592976	0.000000	0.998866	-1.000000	-1.000000	0.000000
1023	946	1	-1	19250.213982	228.393402	72.467812	0.898775	0.898775	0.000000	0.894910	-1.000000	-1.000000	0.000000
1057	979	1	-1	15751.382518	139.874557	141.129486	1.001017	1.001017	0.000000	0.659581	-1.000000	-1.000000	0.000000
1059	980	1	-1	17045.850484	142.113312	179.995514	0.796193	0.796193	0.000000	0.911391	-1.000000	-1.000000	0.000000
1081	1001	1	-1	14762.528517	21.899889	150.528564	1.088431	1.088431	0.000000	0.770048	-1.000000	-1.000000	0.000000
1083	1002	1	-1	15916.348365	21.907711	150.716797	0.904699	0.904699	0.000000	0.880753	-1.000000	-1.000000	0.000000
1088	1006	1	-1	12530.736434	21.941523	150.691696	1.004141	1.004141	0.000000	0.787414	-1.000000	-1.000000	0.000000
1091	1008	1	-1	10148.499125	21.907204	150.756882	0.850055	0.850055	0.000000	0.843140	-1.000000	-1.000000	0.000000
1093	1009	1	-1	15654.595488	21.959614	150.671097	1.129039	1.129039	0.000000	0.803650	-1.000000	-1.000000	0.000000
1095	1010	1	-1	15288.416877	21.790028	150.495224	1.039319	1.039319	0.000000	0.852385	-1.000000	-1.000000	0.000000
1097	1011	1	-1	14105.720052	21.986320	150.670959	0.988575	0.988575	0.000000	0.774796	-1.000000	-1.000000	0.000000
1102	1015	1	-1	14166.733627	22.030697	150.706436	1.086339	1.086339	0.000000	0.742739	-1.000000	-1.000000	0.000000
1105	1017	1	-1	12326.970292	21.817907	150.412399	0.971941	0.971941	0.000000	0.754038	-1.000000	-1.000000	0.000000
1121	1032	1	-1	11637.614702	21.978052	150.379761	0.982978	0.982978	0.000000	0.729776	-1.000000	-1.000000	0.000000
1136	1046	1	-1	11880.227019	21.957336	150.750412	0.931978	0.931978	0.000000	0.770717	-1.000000	-1.000000	0.000000
1140	1049	1	-1	11873.898700	22.062714	150.695114	0.826070	0.826070	0.000000	0.803202	-1.000000	-1.000000	0.000000
1142	1050	1	-1	13552.222606	21.964191	150.721420	0.983149	0.983149	0.000000	0.812656	-1.000000	-1.000000	0.000000
1149	1056	1	-1	15216.386164	21.850948	150.679474	0.902226	0.902226	0.000000	0.816752	-1.000000	-1.000000	0.000000
1162	1068	1	-1	23764.077627	21.918610	150.722565	0.962842	0.962842	0.000000	0.906966	-1.000000	-1.000000	0.000000
1164	1069	1	-1	21471.495351	21.852299	150.629974	0.941307	0.941307	0.000000	0.939637	-1.000000	-1.000000	0.000000
1171	1075	1	-1	16884.901579	21.783482	150.867264	0.988550	0.988550	0.000000	0.831043	-1.000000	-1.000000	0.000000
1212	1115	1	-1	10114.694854	175.624420	193.902512	0.885655	0.885655	0.000000	0.600834	-1.000000	-1.000000	0.000000
1221	1123	1	-1	15170.548645	176.002228	194.107056	0.909129	0.909129	0.000000	0.849173	-1.000000	-1.000000	0.000000
1223	1124	1	-1	14911.753710	175.841888	193.976639	0.920574	0.920574	0.000000	0.841052	-1.000000	-1.000000	0.000000
1225	1125	1	-1	16633.918216	175.749725	194.103424	0.838249	0.838249	0.000000	0.856834	-1.000000	-1.000000	0.000000
1227	1126	1	-1	15017.187894	175.866730	194.006226	0.884298	0.884298	0.000000	0.805830	-1.000000	-1.000000	0.000000
1261	1159	1	-1	14010.167889	206.379395	103.827560	0.851296	0.851296	0.000000	0.763145	-1.000000	-1.000000	0.000000
1291	1188	1	-1	12163.799790	175.785309	194.099594	0.949131	0.949131	0.000000	0.796092	-1.000000	-1.000000	0.000000
1308	1204	1	-1	18953.829205	186.866531	250.031174	1.081500	1.081500	0.000000	0.794823	-1.000000	-1.000000	0.000000
1309	1204	2	-1	15763.190311	191.632797	250.627838	0.915440	0.915440	0.000000	0.734815	-1.000000	-1.000000	0.000000
1345	1239	1	-1	16735.658675	156.468063	52.411030	0.967821	0.967821	0.000000	0.831016	-1.000000	-1.000000	0.000000
1361	1254	1	-1	16087.770371	237.270477	101.363434	0.960322	0.960322	0.000000	0.815219	-1.000000	-1.000000	0.000000
1364	1256	1	-1	20307.940153	237.256317	197.581985	1.043854	1.043854	0.000000	0.868543	-1.000000	-1.000000	0.000000
1366	1257	1	-1	24104.504501	219.781189	143.023376	0.959261	0.959261	0.000000	0.932292	-1.000000	-1.000000	0.000000
1373	1263	1	-1	21211.271027	147.901825	190.097336	0.861431	0.861431	0.000000	0.898544	-1.000000	-1.000000	0.000000
1394	1283	1	-1	17918.319880	232.758469	211.077423	1.016783	1.016783	0.000000	0.779303	-1.000000	-1.000000	0.000000
1412	1300	1	-1	26437.162435	195.570953	200.402969	1.171650	1.171650	0.000000	0.840752	-1.000000	-1.000000	0.000000
1441	1328	1	-1	16370.796671	93.847969	60.807224	1.016154	1.016154	0.000000	0.832479	-1.000000	-1.000000	0.000000
1464	1350	1	-1	14412.224666	221.991058	231.366852	1.067901	1.067901	0.000000	0.712635	-1.000000	-1.000000	0.000000
1474	1359	1	-1	17453.208561	196.616623	145.549805	0.985599	0.985599	0.000000	0.896195	-1.000000	-1.000000	0.000000
1515	1399	1	-1	15460.023264	158.984497	151.592850	0.994807	0.994807	0.000000	0.822616	-1.000000	-1.000000	0.000000
1517	1400	1	-1	13108.602514	159.129181	151.760773	0.870547	0.870547	0.000000	0.761777	-1.000000	-1.000000	0.000000
1519	1401	1	-1	13947.669574	159.228302	151.640503	0.934718	0.934718	0.000000	0.821515	-1.000000	-1.000000	0.000000
1521	1402	1	-1	12033.432570	159.193192	151.580017	0.755945	0.755945	0.000000	0.849783	-1.000000	-1.000000	0.000000
1524	1404	1	-1	22091.660124	159.153061	151.457794	0.947595	0.947595	0.000000	0.916603	-1.000000	-1.000000	0.000000
1526	1405	1	-1	15967.858235	159.332504	151.531021	0.865349	0.865349	0.000000	0.852804	-1.000000	-1.000000	0.000000
1528	1406	1	-1	37541.887608	159.127518	151.523697	1.003969	1.003969	0.000000	0.949186	-1.000000	-1.000000	0.000000
1559	1436	1	-1	11690.133496	167.136871	186.001480	0.758263	0.758263	0.000000	0.728493	-1.000000	-1.000000	0.000000
1561	1437	1	-1	14654.296294	168.456177	61.062984	0.939799	0.939799	0.000000	0.798940	-1.000000	-1.000000	0.000000
1612	1487	1	-1	13260.632475	205.244827	247.230972	0.977842	0.977842	0.000000	0.747893	-1.000000	-1.000000	0.000000
1629	1503	1	-1	12302.908987	91.088844	44.838802	0.941065	0.941065	0.000000	0.752267	-1.000000	-1.000000	0.000000
1663	1536	1	-1	30359.926047	230.663315	132.263138	1.538630	1.538630	0.000000	0.589220	-1.000000	-1.000000	0.000000
1672	1544	1	-1	25979.311284	131.532166	55.464317	0.864443	0.864443	0.000000	0.939622	-1.000000	-1.000000	0.000000
1685	1556	1	-1	11517.986488	251.401062	121.940399	0.935127	0.935127	0.000000	0.653355	-1.000000	-1.000000	0.000000
1741	1611	1	-1	11556.414989	168.185913	97.635796	0.845999	0.845999	0.000000	0.798259	-1.000000	-1.000000	0.000000
1750	1619	1	-1	29678.225834	19.587311	200.190613	0.960806	0.960806	0.000000	0.922627	-1.000000	-1.000000	0.000000
1752	1620	1	-1	27930.583935	19.764103	200.243057	0.987677	0.987677	0.000000	0.921885	-1.000000	-1.000000	0.000000
1766	1633	1	-1	14271.755522	222.104599	138.609177	0.972333	0.972333	0.000000	0.725083	-1.000000	-1.000000	0.000000
1768	1634	1	-1	11479.411530	223.092102	138.321640	0.748257	0.748257	0.000000	0.846793	-1.000000	-1.000000	0.000000
1770	1635	1	-1	17552.212098	223.201599	138.193726	0.857320	0.857320	0.000000	0.905685	-1.000000	-1.000000	0.000000
1784	1648	1	-1	18539.162445	157.018219	125.585487	0.944854	0.944854	0.000000	0.856733	-1.000000	-1.000000	0.000000
1786	1649	1	-1	18460.719333	156.907364	125.543823	0.934022	0.934022	0.000000	0.878738	-1.000000	-1.000000	0.000000
1789	1651	1	-1	20633.952572	163.721252	129.892746	1.260057	1.260057	0.000000	0.846794	-1.000000	-1.000000	0.000000
1857	1718	1	-1	15263.908755	173.040359	92.588150	0.926771	0.926771	0.000000	0.782518	-1.000000	-1.000000	0.000000
1860	1720	1	-1	26898.975850	173.021790	92.752373	0.866734	0.866734	0.000000	0.925490	-1.000000	-1.000000	0.000000
1885	1744	1	-1	19547.887723	240.284470	174.482452	0.910119	0.910119	0.000000	0.896451	-1.000000	-1.000000	0.000000
1887	1745	1	-1	17701.775799	240.231659	174.334106	0.826896	0.826896	0.000000	0.894399	-1.000000	-1.000000	0.000000
1896	1753	1	-1	40865.902589	189.796631	248.164841	0.970754	0.970754	0.000000	0.948854	-1.000000	-1.000000	0.000000
1940	1796	1	-1	20008.048012	189.887680	250.962784	1.385768	1.385768	0.000000	0.688975	-1.000000	-1.000000	0.000000
1941	1796	2	-1	15986.855634	198.475555	242.665680	0.893289	0.893289	0.000000	0.829089	-1.000000	-1.000000	0.000000
1958	1812	1	-1	37771.686414	158.235031	209.470901	1.502650	1.502650	0.000000	0.790386	-1.000000	-1.000000	0.000000
1960	1813	1	-1	16996.457130	187.742905	27.769537	1.002648	1.002648	0.000000	0.865065	-1.000000	-1.000000	0.000000
1962	1814	1	-1	17371.729320	187.506165	27.960001	0.834743	0.834743	0.000000	0.929358	-1.000000	-1.000000	0.000000
1964	1815	1	-1	21657.439672	187.499191	27.977961	0.901195	0.901195	0.000000	0.933873	-1.000000	-1.000000	0.000000
1966	1816	1	-1	20810.310251	187.522339	27.934513	0.879591	0.879591	0.000000	0.900038	-1.000000	-1.000000	0.000000
1969	1818	1	-1	29115.308960	141.764297	214.555664	0.892100	0.892100	0.000000	0.945085	-1.000000	-1.000000	0.000000
1975	1823	1	-1	11316.304529	142.793045	35.764477	0.818433	0.818433	0.000000	0.900124	-1.000000	-1.000000	0.000000
1997	1844	1	-1	16260.859401	146.733582	217.191238	1.170749	1.170749	0.000000	0.709231	-1.000000	-1.000000	0.000000
2043	1889	1	-1	13301.451865	227.772507	154.328445	1.004960	1.004960	0.000000	0.671238	-1.000000	-1.000000	0.000000
2071	1916	1	-1	20609.355582	30.965330	242.711502	1.046449	1.046449	0.000000	0.852655	-1.000000	-1.000000	0.000000
2101	1945	1	-1	15045.324976	187.380692	161.322952	0.916836	0.916836	0.000000	0.799657	-1.000000	-1.000000	0.000000
2103	1946	1	-1	31096.142533	186.488052	162.374527	0.956214	0.956214	0.000000	0.911489	-1.000000	-1.000000	0.000000
2105	1947	1	-1	48595.915123	186.254028	162.518738	0.908502	0.908502	0.000000	0.964874	-1.000000	-1.000000	0.000000
2107	1948	1	-1	48363.692809	186.227371	162.498383	0.913779	0.913779	0.000000	0.966500	-1.000000	-1.000000	0.000000
2109	1949	1	-1	62546.610448	186.159027	162.474411	0.870688	0.870688	0.000000	0.980064	-1.000000	-1.000000	0.000000
2111	1950	1	-1	40374.160254	186.208282	162.563583	0.888398	0.888398	0.000000	0.975310	-1.000000	-1.000000	0.000000
2113	1951	1	-1	15151.202412	186.259888	162.489624	0.961311	0.961311	0.000000	0.816893	-1.000000	-1.000000	0.000000
2116	1953	1	-1	15524.090460	186.160812	162.440109	0.942398	0.942398	0.000000	0.804674	-1.000000	-1.000000	0.000000
2118	1954	1	-1	44282.275715	186.241455	162.450821	0.954910	0.954910	0.000000	0.948940	-1.000000	-1.000000	0.000000
2120	1955	1	-1	38207.112874	186.091843	162.392349	0.980600	0.980600	0.000000	0.929276	-1.000000	-1.000000	0.000000
2122	1956	1	-1	36558.980351	186.075882	162.330460	0.995365	0.995365	0.000000	0.938686	-1.000000	-1.000000	0.000000
2124	1957	1	-1	25824.130388	186.131653	162.361908	1.050024	1.050024	0.000000	0.878036	-1.000000	-1.000000	0.000000
2126	1958	1	-1	19903.803655	186.081284	162.275955	0.886393	0.886393	0.000000	0.869402	-1.000000	-1.000000	0.000000
2128	1959	1	-1	17223.314762	186.123795	162.480316	0.784350	0.784350	0.000000	0.891397	-1.000000	-1.000000	0.000000
2130	1960	1	-1	17250.210938	186.293396	162.386093	0.894297	0.894297	0.000000	0.847488	-1.000000	-1.000000	0.000000
2132	1961	1	-1	17383.183951	186.124191	162.435211	1.023575	1.023575	0.000000	0.792115	-1.000000	-1.000000	0.000000
2149	1977	1	-1	16176.042792	158.353821	88.322403	1.129246	1.129246	0.000000	0.710170	-1.000000	-1.000000	0.000000
2159	1986	1	-1	61811.191150	167.184906	62.424831	0.988493	0.988493	0.000000	0.972516	-1.000000	-1.000000	0.000000
2161	1987	1	-1	19322.649730	167.070526	62.412930	0.991538	0.991538	0.000000	0.786161	-1.000000	-1.000000	0.000000
2164	1989	1	-1	10606.948619	182.342255	229.994812	0.864340	0.864340	0.000000	0.785427	-1.000000	-1.000000	0.000000
2166	1990	1	-1	30028.666289	166.719513	81.186630	0.915532	0.915532	0.000000	0.946383	-1.000000	-1.000000	0.000000
2173	1996	1	-1	17629.564118	188.408676	178.519333	0.918072	0.918072	0.000000	0.804599	-1.000000	-1.000000	0.000000
2176	1998	1	-1	28982.549721	188.341415	178.537872	0.943319	0.943319	0.000000	0.869072	-1.000000	-1.000000	0.000000
2180	2001	1	-1	23120.537058	188.412491	178.611069	1.079455	1.079455	0.000000	0.837898	-1.000000	-1.000000	0.000000
2182	2002	1	-1	26343.294423	188.484283	178.745178	1.040363	1.040363	0.000000	0.877521	-1.000000	-1.000000	0.000000
2206	2025	1	-1	10710.067320	206.151474	48.809383	0.880994	0.880994	0.000000	0.806119	-1.000000	-1.000000	0.000000
2272	2089	1	-1	18860.135216	118.357872	133.258240	0.997020	0.997020	0.000000	0.662511	-1.000000	-1.000000	0.000000
2310	2126	1	-1	11690.261356	238.330826	55.884258	0.854448	0.854448	0.000000	0.818155	-1.000000	-1.000000	0.000000
2313	2128	1	-1	10795.927572	241.981445	227.082428	0.758232	0.758232	0.000000	0.733434	-1.000000	-1.000000	0.000000
2315	2129	1	-1	13059.108969	229.887085	208.974335	0.949896	0.949896	0.000000	0.766799	-1.000000	-1.000000	0.000000
2360	2173	1	-1	29790.746158	210.289581	124.404221	0.876350	0.876350	0.000000	0.946480	-1.000000	-1.000000	0.000000
2362	2174	1	-1	26296.924668	210.215225	124.309471	1.088545	1.088545	0.000000	0.847502	-1.000000	-1.000000	0.000000
2364	2175	1	-1	80894.160491	211.241760	124.653099	0.953875	0.953875	0.000000	0.976582	-1.000000	-1.000000	0.000000
2366	2176	1	-1	25302.772678	211.228165	124.624809	1.072852	1.072852	0.000000	0.851319	-1.000000	-1.000000	0.000000
2380	2189	1	-1	16851.698073	183.037476	139.289398	0.877741	0.877741	0.000000	0.893065	-1.000000	-1.000000	0.000000
2382	2190	1	-1	13254.766544	239.443466	119.820145	1.023782	1.023782	0.000000	0.712781	-1.000000	-1.000000	0.000000
2385	2192	1	-1	20060.637455	239.258575	121.650169	0.836337	0.836337	0.000000	0.929412	-1.000000	-1.000000	0.000000
2403	2209	1	-1	20506.129857	249.568039	19.476162	0.900809	0.900809	0.000000	0.895058	-1.000000	-1.000000	0.000000
2405	2210	1	-1	25127.883067	249.701996	19.517578	0.842415	0.842415	0.000000	0.914967	-1.000000	-1.000000	0.000000
2407	2211	1	-1	19061.493700	249.484619	19.469030	0.907958	0.907958	0.000000	0.864420	-1.000000	-1.000000	0.000000
2409	2212	1	-1	24599.502560	249.615311	19.582016	0.959000	0.959000	0.000000	0.888642	-1.000000	-1.000000	0.000000
2411	2213	1	-1	23739.191470	249.540482	19.444822	0.916084	0.916084	0.000000	0.894681	-1.000000	-1.000000	0.000000
2413	2214	1	-1	22560.696488	249.480835	19.417955	0.885514	0.885514	0.000000	0.921617	-1.000000	-1.000000	0.000000
2415	2215	1	-1	24077.299962	249.457550	19.588583	0.863910	0.863910	0.000000	0.911649	-1.000000	-1.000000	0.000000
2417	2216	1	-1	19222.370695	249.402359	19.572924	0.873749	0.873749	0.000000	0.903837	-1.000000	-1.000000	0.000000
2419	2217	1	-1	19052.062241	249.638458	19.436161	0.883792	0.883792	0.000000	0.904966	-1.000000	-1.000000	0.000000
2421	2218	1	-1	15691.347257	249.463730	19.418894	0.977279	0.977279	0.000000	0.799134	-1.000000	-1.000000	0.000000
2427	2223	1	-1	20369.265738	249.376694	19.521685	1.002873	1.002873	0.000000	0.917958	-1.000000	-1.000000	0.000000
2429	2224	1	-1	22493.474701	249.530228	19.502674	0.963965	0.963965	0.000000	0.936708	-1.000000	-1.000000	0.000000
2432	2226	1	-1	16279.246906	249.499786	19.623032	1.049048	1.049048	0.000000	0.798534	-1.000000	-1.000000	0.000000
2434	2227	1	-1	17712.362708	249.487625	19.518555	0.862975	0.862975	0.000000	0.893938	-1.000000	-1.000000	0.000000
2436	2228	1	-1	22821.594500	249.396866	19.387604	0.998701	0.998701	0.000000	0.898448	-1.000000	-1.000000	0.000000
2438	2229	1	-1	18335.013330	249.478470	19.488609	0.877087	0.877087	0.000000	0.894276	-1.000000	-1.000000	0.000000
2440	2230	1	-1	15367.067520	249.615387	19.467455	0.949981	0.949981	0.000000	0.833019	-1.000000	-1.000000	0.000000
2442	2231	1	-1	19921.827519	249.447449	19.615099	0.871753	0.871753	0.000000	0.932121	-1.000000	-1.000000	0.000000
2444	2232	1	-1	16198.990542	249.367935	19.460201	0.883900	0.883900	0.000000	0.830181	-1.000000	-1.000000	0.000000
2446	2233	1	-1	19459.355143	249.469269	19.568970	0.894478	0.894478	0.000000	0.834974	-1.000000	-1.000000	0.000000
2448	2234	1	-1	12306.452763	249.240112	19.327599	0.823439	0.823439	0.000000	0.864285	-1.000000	-1.000000	0.000000
2450	2235	1	-1	14551.093398	249.320557	19.606554	0.996334	0.996334	0.000000	0.734906	-1.000000	-1.000000	0.000000
2452	2236	1	-1	16439.899487	249.554825	19.558882	0.871298	0.871298	0.000000	0.861150	-1.000000	-1.000000	0.000000
2456	2239	1	-1	18471.648810	249.395813	19.476683	0.950605	0.950605	0.000000	0.879347	-1.000000	-1.000000	0.000000
2458	2240	1	-1	11314.909828	249.501068	19.174953	0.648225	0.648225	0.000000	0.730395	-1.000000	-1.000000	0.000000
2460	2241	1	-1	18814.660899	249.565353	19.409794	1.015755	1.015755	0.000000	0.806396	-1.000000	-1.000000	0.000000
2462	2242	1	-1	22777.692962	249.422760	19.598801	0.839324	0.839324	0.000000	0.923051	-1.000000	-1.000000	0.000000
2464	2243	1	-1	23973.103459	249.477631	19.450289	0.834638	0.834638	0.000000	0.949038	-1.000000	-1.000000	0.000000
2466	2244	1	-1	16919.674194	249.619644	19.392382	0.856294	0.856294	0.000000	0.886605	-1.000000	-1.000000	0.000000
2468	2245	1	-1	24035.790408	249.511353	19.422838	0.927701	0.927701	0.000000	0.889153	-1.000000	-1.000000	0.000000
2470	2246	1	-1	30914.651959	249.503204	19.393866	0.893222	0.893222	0.000000	0.958005	-1.000000	-1.000000	0.000000
2472	2247	1	-1	28689.018742	249.473862	19.345310	0.938968	0.938968	0.000000	0.928061	-1.000000	-1.000000	0.000000
2473	2247	2	-1	16081.355448	118.076424	144.389923	1.032994	1.032994	0.000000	0.853799	-1.000000	-1.000000	0.000000
2475	2248	1	-1	16630.987271	249.469055	19.342625	0.894173	0.894173	0.000000	0.886243	-1.000000	-1.000000	0.000000
2477	2249	1	-1	21071.699857	249.462112	19.425110	1.002753	1.002753	0.000000	0.894313	-1.000000	-1.000000	0.000000
2479	2250	1	-1	20620.301396	249.442505	19.510107	0.952548	0.952548	0.000000	0.871628	-1.000000	-1.000000	0.000000
2481	2251	1	-1	32694.262329	249.550400	19.517179	0.902910	0.902910	0.000000	0.930109	-1.000000	-1.000000	0.000000
2483	2252	1	-1	19556.289028	249.464233	19.505413	0.932849	0.932849	0.000000	0.886583	-1.000000	-1.000000	0.000000
2485	2253	1	-1	17437.522593	249.493317	19.508303	0.974399	0.974399	0.000000	0.902056	-1.000000	-1.000000	0.000000
2487	2254	1	-1	12895.664950	249.208359	19.444233	0.858641	0.858641	0.000000	0.801039	-1.000000	-1.000000	0.000000
2489	2255	1	-1	15892.620593	249.402466	19.344593	0.976398	0.976398	0.000000	0.859257	-1.000000	-1.000000	0.000000
2491	2256	1	-1	20779.980258	249.524048	19.290878	0.967552	0.967552	0.000000	0.878563	-1.000000	-1.000000	0.000000
2493	2257	1	-1	14876.891782	249.560318	19.506313	0.802512	0.802512	0.000000	0.849626	-1.000000	-1.000000	0.000000
2499	2262	1	-1	24368.227794	228.304947	206.685501	0.864718	0.864718	0.000000	0.893707	-1.000000	-1.000000	0.000000
2500	2262	2	-1	16088.742159	65.474380	184.700821	1.013223	1.013223	0.000000	0.787515	-1.000000	-1.000000	0.000000
2502	2263	1	-1	14574.186111	249.481339	19.581367	0.841920	0.841920	0.000000	0.867037	-1.000000	-1.000000	0.000000
2504	2264	1	-1	18988.970578	249.457886	19.566240	1.122056	1.122056	0.000000	0.845541	-1.000000	-1.000000	0.000000
2505	2264	2	-1	22558.838688	180.923721	146.832184	0.820986	0.820986	0.000000	0.920748	-1.000000	-1.000000	0.000000
2511	2269	1	-1	19335.752039	249.409988	19.436972	0.912906	0.912906	0.000000	0.857999	-1.000000	-1.000000	0.000000
2513	2270	1	-1	16757.501984	249.363434	19.489733	0.863563	0.863563	0.000000	0.843726	-1.000000	-1.000000	0.000000
2516	2272	1	-1	12587.224982	249.407959	19.350048	0.710419	0.710419	0.000000	0.834795	-1.000000	-1.000000	0.000000
2519	2274	1	-1	17365.709809	249.558395	19.451899	0.910899	0.910899	0.000000	0.859047	-1.000000	-1.000000	0.000000
2523	2277	1	-1	22494.955361	249.515747	19.570797	0.908050	0.908050	0.000000	0.899621	-1.000000	-1.000000	0.000000
2525	2278	1	-1	18394.900453	249.552933	19.570517	0.819785	0.819785	0.000000	0.894569	-1.000000	-1.000000	0.000000
2527	2279	1	-1	14281.544361	249.452835	19.344530	0.889334	0.889334	0.000000	0.809280	-1.000000	-1.000000	0.000000
2528	2279	2	-1	23844.404850	101.664856	115.783165	1.102798	1.102798	0.000000	0.856929	-1.000000	-1.000000	0.000000
2530	2280	1	-1	15453.060535	249.688461	19.251774	0.816854	0.816854	0.000000	0.839104	-1.000000	-1.000000	0.000000
2535	2284	1	-1	12610.153715	249.658630	19.547623	0.896416	0.896416	0.000000	0.731790	-1.000000	-1.000000	0.000000
2537	2285	1	-1	15660.569668	249.451904	19.495180	0.990507	0.990507	0.000000	0.804004	-1.000000	-1.000000	0.000000
2539	2286	1	-1	22814.056489	249.429962	19.445143	0.825446	0.825446	0.000000	0.938680	-1.000000	-1.000000	0.000000
2541	2287	1	-1	13781.050489	249.343369	19.331863	0.841972	0.841972	0.000000	0.846066	-1.000000	-1.000000	0.000000
2545	2290	1	-1	17029.196835	249.494034	19.420826	0.788940	0.788940	0.000000	0.895444	-1.000000	-1.000000	0.000000
2551	2295	1	-1	18898.966946	249.357849	19.482901	0.901988	0.901988	0.000000	0.912802	-1.000000	-1.000000	0.000000
2553	2296	1	-1	25217.705282	249.230667	19.498495	0.962904	0.962904	0.000000	0.926418	-1.000000	-1.000000	0.000000
2555	2297	1	-1	19610.833019	249.365005	19.475075	0.995479	0.995479	0.000000	0.912618	-1.000000	-1.000000	0.000000
2557	2298	1	-1	17345.292408	249.414307	19.485645	0.985083	0.985083	0.000000	0.849215	-1.000000	-1.000000	0.000000
2559	2299	1	-1	17313.317598	249.314041	19.319143	0.931686	0.931686	0.000000	0.870038	-1.000000	-1.000000	0.000000
2561	2300	1	-1	17277.152557	249.380844	19.445118	0.801974	0.801974	0.000000	0.931385	-1.000000	-1.000000	0.000000
2563	2301	1	-1	18368.589316	249.556549	19.539011	0.939971	0.939971	0.000000	0.922279	-1.000000	-1.000000	0.000000
2566	2303	1	-1	17094.892204	249.296204	19.344133	1.010580	1.010580	0.000000	0.861902	-1.000000	-1.000000	0.000000
2574	2310	1	-1	15566.984389	249.244919	19.514170	0.894831	0.894831	0.000000	0.857111	-1.000000	-1.000000	0.000000
2576	2311	1	-1	14712.049577	249.410217	19.601065	0.894399	0.894399	0.000000	0.757581	-1.000000	-1.000000	0.000000
2578	2312	1	-1	20557.127801	249.475281	19.509752	0.971276	0.971276	0.000000	0.900028	-1.000000	-1.000000	0.000000
2581	2314	1	-1	13679.267945	249.697403	19.480093	0.946334	0.946334	0.000000	0.820190	-1.000000	-1.000000	0.000000
2584	2316	1	-1	15280.227103	249.393967	19.079117	1.065472	1.065472	0.000000	0.781298	-1.000000	-1.000000	0.000000
2587	2318	1	-1	20020.762515	249.488647	19.451393	0.921093	0.921093	0.000000	0.877275	-1.000000	-1.000000	0.000000
2590	2320	1	-1	15195.219829	249.526123	19.550329	0.888652	0.888652	0.000000	0.834547	-1.000000	-1.000000	0.000000
2593	2322	1	-1	15926.441446	249.349335	19.503052	0.897752	0.897752	0.000000	0.860173	-1.000000	-1.000000	0.000000
2595	2323	1	-1	24797.163682	249.536224	19.389496	0.883586	0.883586	0.000000	0.935341	-1.000000	-1.000000	0.000000
2597	2324	1	-1	16217.769910	249.360947	19.311132	0.755077	0.755077	0.000000	0.924844	-1.000000	-1.000000	0.000000
2599	2325	1	-1	19071.535758	249.447617	19.482040	0.872026	0.872026	0.000000	0.902504	-1.000000	-1.000000	0.000000
2601	2326	1	-1	15557.629026	249.403687	19.349882	0.845206	0.845206	0.000000	0.855743	-1.000000	-1.000000	0.000000
2603	2327	1	-1	20794.498399	249.209137	19.471561	0.948539	0.948539	0.000000	0.862411	-1.000000	-1.000000	0.000000
2608	2331	1	-1	20538.479044	115.900284	132.942291	0.875140	0.875140	0.000000	0.848862	-1.000000	-1.000000	0.000000
2733	2455	1	-1	24355.640579	207.641922	247.620422	1.050685	1.050685	0.000000	0.894202	-1.000000	-1.000000	0.000000
2769	2490	1	-1	10434.153710	51.157238	227.040024	0.905915	0.905915	0.000000	0.722335	-1.000000	-1.000000	0.000000
2812	2532	1	-1	25147.192416	189.209198	154.375366	0.902087	0.902087	0.000000	0.914375	-1.000000	-1.000000	0.000000
2820	2539	1	-1	13822.396733	57.279510	186.000229	0.872909	0.872909	0.000000	0.826193	-1.000000	-1.000000	0.000000
2822	2540	1	-1	16575.320957	57.523499	186.089096	1.085435	1.085435	0.000000	0.806743	-1.000000	-1.000000	0.000000
2824	2541	1	-1	17258.185234	57.518806	185.892044	1.023485	1.023485	0.000000	0.785371	-1.000000	-1.000000	0.000000
2826	2542	1	-1	13076.378369	57.403709	185.940918	0.986866	0.986866	0.000000	0.798294	-1.000000	-1.000000	0.000000
2828	2543	1	-1	14073.138828	57.414124	186.024979	0.890270	0.890270	0.000000	0.845411	-1.000000	-1.000000	0.000000
2830	2544	1	-1	18251.314049	57.337944	185.868729	0.939460	0.939460	0.000000	0.870221	-1.000000	-1.000000	0.000000
2832	2545	1	-1	18433.474869	57.339577	185.925354	0.922838	0.922838	0.000000	0.935067	-1.000000	-1.000000	0.000000
2834	2546	1	-1	20358.857816	57.475582	185.778687	0.939256	0.939256	0.000000	0.937695	-1.000000	-1.000000	0.000000
2836	2547	1	-1	20732.702334	57.417011	185.918823	1.061467	1.061467	0.000000	0.876685	-1.000000	-1.000000	0.000000
2838	2548	1	-1	17001.267898	57.206863	186.103973	1.038520	1.038520	0.000000	0.827118	-1.000000	-1.000000	0.000000
2840	2549	1	-1	22123.715672	57.458977	185.906921	0.983058	0.983058	0.000000	0.896119	-1.000000	-1.000000	0.000000
2846	2554	1	-1	11624.720384	107.019455	179.725143	0.915504	0.915504	0.000000	0.848537	-1.000000	-1.000000	0.000000
2869	2576	1	-1	13800.682249	168.133301	146.034851	0.848907	0.848907	0.000000	0.803303	-1.000000	-1.000000	0.000000
2872	2578	1	-1	12342.499944	90.227989	120.223961	0.923780	0.923780	0.000000	0.780891	-1.000000	-1.000000	0.000000
2874	2579	1	-1	16615.241046	90.060432	120.296967	1.101032	1.101032	0.000000	0.787686	-1.000000	-1.000000	0.000000
2876	2580	1	-1	14835.997029	89.982132	120.165001	1.035604	1.035604	0.000000	0.798062	-1.000000	-1.000000	0.000000
2878	2581	1	-1	19919.651201	90.016464	120.421692	1.145857	1.145857	0.000000	0.827243	-1.000000	-1.000000	0.000000
2913	2615	1	-1	14694.591849	184.309387	179.694000	0.987134	0.987134	0.000000	0.770379	-1.000000	-1.000000	0.000000
2915	2616	1	-1	76716.200310	184.335220	179.639145	0.902317	0.902317	0.000000	0.983299	-1.000000	-1.000000	0.000000
2917	2617	1	-1	105683.191942	184.321915	179.644623	0.937239	0.937239	0.000000	0.983645	-1.000000	-1.000000	0.000000
2932	2631	1	-1	13107.090660	60.938694	173.114578	0.994277	0.994277	0.000000	0.716672	-1.000000	-1.000000	0.000000
2934	2632	1	-1	10808.700161	61.305744	173.161621	0.876870	0.876870	0.000000	0.779193	-1.000000	-1.000000	0.000000
2939	2636	1	-1	14603.905962	61.103760	173.015350	0.892197	0.892197	0.000000	0.835341	-1.000000	-1.000000	0.000000
2941	2637	1	-1	21481.000809	60.917717	173.340164	0.856242	0.856242	0.000000	0.886525	-1.000000	-1.000000	0.000000
2943	2638	1	-1	15406.341102	61.061344	173.371475	0.839768	0.839768	0.000000	0.841561	-1.000000	-1.000000	0.000000
2944	2638	2	-1	17206.162002	189.857956	206.052521	1.118454	1.118454	0.000000	0.738371	-1.000000	-1.000000	0.000000
2946	2639	1	-1	15288.094130	61.153339	173.214111	0.949176	0.949176	0.000000	0.844495	-1.000000	-1.000000	0.000000
2950	2642	1	-1	11648.970982	61.179771	173.091156	0.939568	0.939568	0.000000	0.742439	-1.000000	-1.000000	0.000000
2952	2643	1	-1	16333.668607	61.197121	173.321655	0.987932	0.987932	0.000000	0.851211	-1.000000	-1.000000	0.000000
2954	2644	1	-1	21024.709910	61.085434	173.339386	0.935486	0.935486	0.000000	0.929658	-1.000000	-1.000000	0.000000
2955	2644	2	-1	29200.103464	205.222672	241.994293	0.961375	0.961375	0.000000	0.898928	-1.000000	-1.000000	0.000000
2956	2644	3	-1	15257.144553	128.118576	183.962570	0.849958	0.849958	0.000000	0.776899	-1.000000	-1.000000	0.000000
2958	2645	1	-1	15426.916106	128.379974	184.040665	0.828760	0.828760	0.000000	0.870701	-1.000000	-1.000000	0.000000
2960	2646	1	-1	15293.509755	128.365494	183.957397	0.947052	0.947052	0.000000	0.799864	-1.000000	-1.000000	0.000000
2962	2647	1	-1	16458.240601	128.345718	184.081284	0.789331	0.789331	0.000000	0.905600	-1.000000	-1.000000	0.000000
2964	2648	1	-1	14636.399019	61.288944	173.338501	1.046552	1.046552	0.000000	0.779382	-1.000000	-1.000000	0.000000
2965	2648	2	-1	13959.770240	128.107773	184.007950	0.841217	0.841217	0.000000	0.855126	-1.000000	-1.000000	0.000000
2967	2649	1	-1	22604.913006	128.331772	183.985229	0.917755	0.917755	0.000000	0.905971	-1.000000	-1.000000	0.000000
2969	2650	1	-1	14029.416450	61.024078	173.057297	0.905993	0.905993	0.000000	0.900904	-1.000000	-1.000000	0.000000
2970	2650	2	-1	27951.713085	128.167328	184.154388	1.012627	1.012627	0.000000	0.941206	-1.000000	-1.000000	0.000000
2972	2651	1	-1	10216.776540	61.072727	173.204834	0.831211	0.831211	0.000000	0.706966	-1.000000	-1.000000	0.000000
2974	2652	1	-1	21948.875899	189.447586	198.492325	1.039806	1.039806	0.000000	0.771474	-1.000000	-1.000000	0.000000
2975	2652	2	-1	33228.969411	61.040386	173.144455	0.946890	0.946890	0.000000	0.942257	-1.000000	-1.000000	0.000000
2977	2653	1	-1	39013.887677	61.158375	173.113876	0.978069	0.978069	0.000000	0.979192	-1.000000	-1.000000	0.000000
2979	2654	1	-1	12041.707016	61.171173	173.033279	0.931390	0.931390	0.000000	0.749501	-1.000000	-1.000000	0.000000
3056	2730	1	-1	16650.777547	22.699286	120.642471	1.030414	1.030414	0.000000	0.815039	-1.000000	-1.000000	0.000000
3077	2750	1	-1	22510.157704	178.662796	206.469086	1.113225	1.113225	0.000000	0.849536	-1.000000	-1.000000	0.000000
3079	2751	1	-1	66609.255620	178.527863	206.510010	1.019374	1.019374	0.000000	0.972656	-1.000000	-1.000000	0.000000
3082	2753	1	-1	18907.962383	123.801056	33.460590	1.129255	1.129255	0.000000	0.814027	-1.000000	-1.000000	0.000000
3096	2766	1	-1	20372.529155	6.586750	182.217438	1.071379	1.071379	0.000000	0.797119	-1.000000	-1.000000	0.000000
3098	2767	1	-1	27227.668512	6.739239	182.248917	0.943155	0.943155	0.000000	0.925744	-1.000000	-1.000000	0.000000
3120	2788	1	-1	203698.956500	51.755402	37.738434	0.703344	0.703344	0.000000	0.920994	-1.000000	-1.000000	0.000000
3121	2788	2	-1	46597.518497	40.288570	66.353806	0.493919	0.493919	0.000000	0.991740	-1.000000	-1.000000	0.000000
3136	2802	1	-1	26139.930231	160.143234	164.436066	1.159549	1.159549	0.000000	0.828306	-1.000000	-1.000000	0.000000
3138	2803	1	-1	19329.394567	160.208450	164.032516	1.087729	1.087729	0.000000	0.801477	-1.000000	-1.000000	0.000000
3140	2804	1	-1	22560.517551	160.164978	164.329193	1.287057	1.287057	0.000000	0.704719	-1.000000	-1.000000	0.000000
3150	2813	1	-1	52390.599619	211.865952	143.336288	0.900591	0.900591	0.000000	0.964318	-1.000000	-1.000000	0.000000
3176	2838	1	-1	23738.053657	195.997513	195.873428	1.131079	1.131079	0.000000	0.846298	-1.000000	-1.000000	0.000000
3192	2853	1	-1	16079.859049	196.954163	196.499435	1.156611	1.156611	0.000000	0.736087	-1.000000	-1.000000	0.000000
3194	2854	1	-1	53787.284731	196.732574	196.688293	0.976919	0.976919	0.000000	0.961530	-1.000000	-1.000000	0.000000
3196	2855	1	-1	58907.313166	196.758301	196.573486	0.926078	0.926078	0.000000	0.981296	-1.000000	-1.000000	0.000000
3198	2856	1	-1	53162.257171	196.590210	196.579498	0.912253	0.912253	0.000000	0.970108	-1.000000	-1.000000	0.000000
3200	2857	1	-1	64278.952539	196.716095	196.686295	0.971760	0.971760	0.000000	0.980765	-1.000000	-1.000000	0.000000
3202	2858	1	-1	60890.895366	196.664871	196.640747	0.903059	0.903059	0.000000	0.980624	-1.000000	-1.000000	0.000000
3204	2859	1	-1	54435.997801	196.621399	196.626480	0.904883	0.904883	0.000000	0.983532	-1.000000	-1.000000	0.000000
3206	2860	1	-1	53090.908690	196.645935	196.558640	0.938283	0.938283	0.000000	0.969710	-1.000000	-1.000000	0.000000
3208	2861	1	-1	48668.848542	196.688766	196.509903	0.994272	0.994272	0.000000	0.973327	-1.000000	-1.000000	0.000000
3210	2862	1	-1	48474.366598	196.770264	196.599045	0.980033	0.980033	0.000000	0.943909	-1.000000	-1.000000	0.000000
3212	2863	1	-1	31025.968608	196.680527	196.619247	0.973389	0.973389	0.000000	0.929965	-1.000000	-1.000000	0.000000
3222	2872	1	-1	17171.986148	213.911179	164.574493	1.174251	1.174251	0.000000	0.759562	-1.000000	-1.000000	0.000000
3231	2880	1	-1	26340.967025	153.920959	129.661072	0.480453	0.480453	0.000000	0.987227	-1.000000	-1.000000	0.000000
3249	2897	1	-1	20068.707516	104.056984	48.779095	0.888422	0.888422	0.000000	0.927092	-1.000000	-1.000000	0.000000
3294	2940	1	-1	12963.661803	128.438736	201.306458	0.952051	0.952051	0.000000	0.749881	-1.000000	-1.000000	0.000000
3408	3010	2	-1	15228.867061	248.220825	140.486023	0.882410	0.882410	0.000000	0.871334	-1.000000	-1.000000	0.000000
3434	3031	1	-1	12940.275145	176.946655	179.797974	1.059286	1.059286	0.000000	0.702210	-1.000000	-1.000000	0.000000
3436	3032	1	-1	22891.786010	141.417297	130.745499	0.931172	0.931172	0.000000	0.892213	-1.000000	-1.000000	0.000000
3438	3033	1	-1	26395.839609	141.399307	130.517639	1.024696	1.024696	0.000000	0.928169	-1.000000	-1.000000	0.000000
3440	3034	1	-1	24409.419398	141.414719	130.743240	0.915398	0.915398	0.000000	0.929631	-1.000000	-1.000000	0.000000
3442	3035	1	-1	15573.163768	141.299011	130.855331	0.964333	0.964333	0.000000	0.771189	-1.000000	-1.000000	0.000000
3525	3117	1	-1	11368.619228	183.948761	233.295502	0.935752	0.935752	0.000000	0.752754	-1.000000	-1.000000	0.000000
3527	3118	1	-1	17405.691509	183.883667	233.396042	0.982882	0.982882	0.000000	0.783208	-1.000000	-1.000000	0.000000
3529	3119	1	-1	15364.718998	183.670120	233.442581	0.873823	0.873823	0.000000	0.880642	-1.000000	-1.000000	0.000000
3535	3124	1	-1	15476.097998	183.798569	233.524231	0.981508	0.981508	0.000000	0.797586	-1.000000	-1.000000	0.000000
3538	3126	1	-1	12928.942821	183.754211	233.556702	0.842033	0.842033	0.000000	0.852753	-1.000000	-1.000000	0.000000
3540	3127	1	-1	17549.177904	183.787918	233.478470	0.966926	0.966926	0.000000	0.813042	-1.000000	-1.000000	0.000000
3542	3128	1	-1	16657.762304	183.777771	233.482132	0.977800	0.977800	0.000000	0.802300	-1.000000	-1.000000	0.000000
3545	3130	1	-1	15169.147197	183.717972	233.482269	0.951041	0.951041	0.000000	0.792251	-1.000000	-1.000000	0.000000
3547	3131	1	-1	13802.896600	183.654785	233.515213	0.949805	0.949805	0.000000	0.820638	-1.000000	-1.000000	0.000000
3549	3132	1	-1	10908.782871	183.936035	233.594864	0.803934	0.803934	0.000000	0.767558	-1.000000	-1.000000	0.000000
3551	3133	1	-1	13749.830162	183.908936	233.594223	0.996966	0.996966	0.000000	0.803731	-1.000000	-1.000000	0.000000
3554	3135	1	-1	12957.210705	183.974030	233.396957	0.972583	0.972583	0.000000	0.736957	-1.000000	-1.000000	0.000000
3557	3137	1	-1	14076.154505	183.891663	233.384796	0.956443	0.956443	0.000000	0.728427	-1.000000	-1.000000	0.000000
3559	3138	1	-1	17030.937861	183.599060	233.352859	1.013366	1.013366	0.000000	0.871809	-1.000000	-1.000000	0.000000
3562	3140	1	-1	11963.417932	183.855362	233.348953	0.931539	0.931539	0.000000	0.783199	-1.000000	-1.000000	0.000000
3575	3152	1	-1	15172.493440	156.279572	41.976391	1.021293	1.021293	0.000000	0.808325	-1.000000	-1.000000	0.000000
3577	3153	1	-1	14898.023472	156.146667	41.784084	1.039253	1.039253	0.000000	0.812374	-1.000000	-1.000000	0.000000
3579	3154	1	-1	18174.274620	156.231720	41.951595	1.018519	1.018519	0.000000	0.877679	-1.000000	-1.000000	0.000000
3581	3155	1	-1	15728.899409	156.155823	41.900810	1.065536	1.065536	0.000000	0.818936	-1.000000	-1.000000	0.000000
3583	3156	1	-1	11918.238294	156.124176	41.965767	1.040560	1.040560	0.000000	0.741260	-1.000000	-1.000000	0.000000
3612	3184	1	-1	12677.556013	232.286057	128.176682	0.980771	0.980771	0.000000	0.753603	-1.000000	-1.000000	0.000000
3617	3188	1	-1	15006.606731	166.249832	213.298019	0.744755	0.744755	0.000000	0.918359	-1.000000	-1.000000	0.000000
3654	3224	1	-1	12002.560998	141.597534	141.983109	0.940385	0.940385	0.000000	0.723141	-1.000000	-1.000000	0.000000
3671	3240	1	-1	27534.449038	139.788925	128.772186	1.033609	1.033609	0.000000	0.910497	-1.000000	-1.000000	0.000000
3675	3243	1	-1	17064.958415	166.282349	167.909241	1.054665	1.054665	0.000000	0.804695	-1.000000	-1.000000	0.000000
3676	3243	2	-1	15524.397545	162.954300	173.309204	0.813174	0.813174	0.000000	0.819279	-1.000000	-1.000000	0.000000
3680	3246	1	-1	19487.433240	194.023224	193.382614	1.008314	1.008314	0.000000	0.841476	-1.000000	-1.000000	0.000000
3682	3247	1	-1	17512.916844	87.310867	222.855530	0.940048	0.940048	0.000000	0.872188	-1.000000	-1.000000	0.000000
3684	3248	1	-1	24046.836813	87.095024	222.960175	0.920244	0.920244	0.000000	0.880668	-1.000000	-1.000000	0.000000
3695	3258	1	-1	15922.135193	86.951744	223.048477	1.179817	1.179817	0.000000	0.811325	-1.000000	-1.000000	0.000000
3699	3261	1	-1	11507.177768	86.975952	223.122452	0.898383	0.898383	0.000000	0.745127	-1.000000	-1.000000	0.000000
3709	3270	1	-1	16859.068747	240.767120	9.510473	0.928941	0.928941	0.000000	0.854153	-1.000000	-1.000000	0.000000
3711	3271	1	-1	19365.123347	87.157608	223.138702	0.820646	0.820646	0.000000	0.944394	-1.000000	-1.000000	0.000000
3713	3272	1	-1	29408.090133	87.110458	223.197327	0.908804	0.908804	0.000000	0.945680	-1.000000	-1.000000	0.000000
3715	3273	1	-1	32771.910435	87.031555	223.192825	0.983035	0.983035	0.000000	0.936303	-1.000000	-1.000000	0.000000
3717	3274	1	-1	22423.726629	87.062950	223.138763	0.889213	0.889213	0.000000	0.890303	-1.000000	-1.000000	0.000000
3719	3275	1	-1	33727.270268	87.095306	223.247986	0.973254	0.973254	0.000000	0.924290	-1.000000	-1.000000	0.000000
3721	3276	1	-1	35555.570451	87.124756	223.215424	0.970850	0.970850	0.000000	0.944459	-1.000000	-1.000000	0.000000
3723	3277	1	-1	32687.654265	87.097694	223.039734	0.906080	0.906080	0.000000	0.958639	-1.000000	-1.000000	0.000000
3725	3278	1	-1	30967.776197	87.061783	223.167404	0.868262	0.868262	0.000000	0.934119	-1.000000	-1.000000	0.000000
3727	3279	1	-1	34728.972322	87.176140	223.151657	0.951004	0.951004	0.000000	0.943696	-1.000000	-1.000000	0.000000
3729	3280	1	-1	32984.693332	87.195091	223.172119	0.908708	0.908708	0.000000	0.946956	-1.000000	-1.000000	0.000000
3731	3281	1	-1	42097.419915	87.190239	223.068283	1.016087	1.016087	0.000000	0.939489	-1.000000	-1.000000	0.000000
3733	3282	1	-1	43734.322860	87.026825	222.939423	1.013370	1.013370	0.000000	0.924197	-1.000000	-1.000000	0.000000
3735	3283	1	-1	39612.069483	87.124260	223.199646	1.062294	1.062294	0.000000	0.948148	-1.000000	-1.000000	0.000000
3737	3284	1	-1	35147.770739	87.114136	223.101212	0.996214	0.996214	0.000000	0.917797	-1.000000	-1.000000	0.000000
3739	3285	1	-1	36690.270145	87.161606	223.235519	0.976980	0.976980	0.000000	0.954487	-1.000000	-1.000000	0.000000
3741	3286	1	-1	38746.233509	87.176186	223.247162	0.988611	0.988611	0.000000	0.946622	-1.000000	-1.000000	0.000000
3743	3287	1	-1	34564.562946	87.098969	223.252533	0.985335	0.985335	0.000000	0.923827	-1.000000	-1.000000	0.000000
3745	3288	1	-1	34764.206976	87.175919	223.111191	0.856009	0.856009	0.000000	0.968594	-1.000000	-1.000000	0.000000
3747	3289	1	-1	34450.073297	87.157928	223.183578	0.952339	0.952339	0.000000	0.965043	-1.000000	-1.000000	0.000000
3749	3290	1	-1	19168.065916	87.226875	223.164185	0.922564	0.922564	0.000000	0.865912	-1.000000	-1.000000	0.000000
3751	3291	1	-1	28215.294336	87.140450	223.268219	1.014665	1.014665	0.000000	0.928030	-1.000000	-1.000000	0.000000
3753	3292	1	-1	32852.878133	87.148842	223.179291	0.904804	0.904804	0.000000	0.962582	-1.000000	-1.000000	0.000000
3755	3293	1	-1	26075.987007	87.217407	223.050568	0.924604	0.924604	0.000000	0.924412	-1.000000	-1.000000	0.000000
3757	3294	1	-1	32661.576983	87.261215	223.182404	0.962113	0.962113	0.000000	0.948692	-1.000000	-1.000000	0.000000
3759	3295	1	-1	21153.464840	87.190201	223.099442	0.884590	0.884590	0.000000	0.888233	-1.000000	-1.000000	0.000000
3761	3296	1	-1	27476.834923	87.260658	223.184631	0.898926	0.898926	0.000000	0.953734	-1.000000	-1.000000	0.000000
3763	3297	1	-1	23856.604854	87.166473	223.125031	0.885925	0.885925	0.000000	0.919013	-1.000000	-1.000000	0.000000
3773	3306	1	-1	25336.181862	87.213142	222.982178	0.956596	0.956596	0.000000	0.932269	-1.000000	-1.000000	0.000000
3788	3320	1	-1	14782.795636	87.220024	222.877838	1.118142	1.118142	0.000000	0.811534	-1.000000	-1.000000	0.000000
3796	3327	1	-1	11776.322249	87.039108	223.099457	0.872281	0.872281	0.000000	0.741089	-1.000000	-1.000000	0.000000
3802	3332	1	-1	13298.406558	86.970901	223.114960	0.941147	0.941147	0.000000	0.796492	-1.000000	-1.000000	0.000000
3844	3373	1	-1	22663.031446	194.791901	144.246796	0.877927	0.877927	0.000000	0.900575	-1.000000	-1.000000	0.000000
3846	3374	1	-1	38953.970492	194.811920	144.276093	0.969296	0.969296	0.000000	0.953510	-1.000000	-1.000000	0.000000
3848	3375	1	-1	29789.680476	194.857101	144.259125	0.882997	0.882997	0.000000	0.937323	-1.000000	-1.000000	0.000000
3850	3376	1	-1	46937.243493	194.903946	144.373810	1.019492	1.019492	0.000000	0.964210	-1.000000	-1.000000	0.000000
3852	3377	1	-1	43048.065836	194.744324	144.206528	0.806096	0.806096	0.000000	0.947530	-1.000000	-1.000000	0.000000
3854	3378	1	-1	50387.592682	194.761627	144.247513	0.954185	0.954185	0.000000	0.972594	-1.000000	-1.000000	0.000000
3856	3379	1	-1	49994.817291	194.839294	144.336166	1.051630	1.051630	0.000000	0.962319	-1.000000	-1.000000	0.000000
3858	3380	1	-1	42276.490844	194.760681	144.262665	0.875073	0.875073	0.000000	0.954690	-1.000000	-1.000000	0.000000
3860	3381	1	-1	43660.429627	194.741592	144.310501	0.941135	0.941135	0.000000	0.951126	-1.000000	-1.000000	0.000000
3862	3382	1	-1	43488.329271	194.785553	144.254761	0.949054	0.949054	0.000000	0.962757	-1.000000	-1.000000	0.000000
3864	3383	1	-1	25681.592903	194.739548	144.406006	0.899707	0.899707	0.000000	0.896852	-1.000000	-1.000000	0.000000
3867	3385	1	-1	13762.078689	194.832489	144.228180	0.858005	0.858005	0.000000	0.798185	-1.000000	-1.000000	0.000000
3869	3386	1	-1	16822.216892	194.671921	144.268646	0.972194	0.972194	0.000000	0.821661	-1.000000	-1.000000	0.000000
3871	3387	1	-1	25134.088877	194.698273	144.283554	0.885973	0.885973	0.000000	0.915792	-1.000000	-1.000000	0.000000
3873	3388	1	-1	25740.025090	194.747101	144.307999	1.006462	1.006462	0.000000	0.890060	-1.000000	-1.000000	0.000000
3876	3390	1	-1	29699.160441	113.655014	248.628250	0.928366	0.928366	0.000000	0.897653	-1.000000	-1.000000	0.000000
3878	3391	1	-1	28743.790418	113.470161	248.656815	0.980714	0.980714	0.000000	0.946030	-1.000000	-1.000000	0.000000
3893	3405	1	-1	12890.591790	93.240585	104.273186	0.929375	0.929375	0.000000	0.845867	-1.000000	-1.000000	0.000000
3978	3489	1	-1	12378.835250	170.946671	9.718036	0.914336	0.914336	0.000000	0.805825	-1.000000	-1.000000	0.000000
4003	3513	1	-1	19564.813305	3.972762	93.877930	1.151933	1.151933	0.000000	0.761868	-1.000000	-1.000000	0.000000
4010	3519	1	-1	17829.632772	50.113544	181.273849	0.896697	0.896697	0.000000	0.865115	-1.000000	-1.000000	0.000000
4015	3523	1	-1	29425.775435	43.600853	187.924316	1.219594	1.219594	0.000000	0.910464	-1.000000	-1.000000	0.000000
4099	3606	1	-1	10916.409576	191.953918	203.187546	0.895448	0.895448	0.000000	0.766803	-1.000000	-1.000000	0.000000
4101	3607	1	-1	11679.773555	198.909332	200.395126	0.904054	0.904054	0.000000	0.628627	-1.000000	-1.000000	0.000000
4171	3676	1	-1	15685.770526	180.909653	99.693375	0.825004	0.825004	0.000000	0.903256	-1.000000	-1.000000	0.000000
4188	3692	1	-1	11815.069737	233.981857	153.582764	0.828938	0.828938	0.000000	0.827141	-1.000000	-1.000000	0.000000
4196	3699	1	-1	31760.765016	124.104095	161.431534	0.986283	0.986283	0.000000	0.938113	-1.000000	-1.000000	0.000000
4198	3700	1	-1	35130.686960	124.161407	161.593307	0.861995	0.861995	0.000000	0.953101	-1.000000	-1.000000	0.000000
4208	3709	1	-1	95385.430772	216.038940	246.740082	0.890558	0.890558	0.000000	0.984627	-1.000000	-1.000000	0.000000
4212	3712	1	-1	17272.873458	207.747650	243.494492	0.884423	0.884423	0.000000	0.871697	-1.000000	-1.000000	0.000000
4215	3714	1	-1	17104.583498	224.494202	208.634140	0.958660	0.958660	0.000000	0.861636	-1.000000	-1.000000	0.000000
4219	3717	1	-1	15463.000819	212.696014	216.190369	1.051747	1.051747	0.000000	0.787683	-1.000000	-1.000000	0.000000
4221	3718	1	-1	12393.659294	246.227524	149.069962	0.826890	0.826890	0.000000	0.842142	-1.000000	-1.000000	0.000000
4222	3718	2	-1	18197.080135	94.762268	245.988953	1.139355	1.139355	0.000000	0.801681	-1.000000	-1.000000	0.000000
4234	3729	1	-1	18088.799683	212.512604	189.807297	1.134394	1.134394	0.000000	0.653376	-1.000000	-1.000000	0.000000
4249	3742	1	-1	26654.423088	143.126587	223.616028	0.907738	0.907738	0.000000	0.908021	-1.000000	-1.000000	0.000000
4253	3745	1	-1	16575.088321	145.180267	222.425797	0.768541	0.768541	0.000000	0.875637	-1.000000	-1.000000	0.000000
4260	3751	1	-1	16682.973853	157.725937	218.013641	0.840678	0.840678	0.000000	0.905774	-1.000000	-1.000000	0.000000
4262	3752	1	-1	20526.310760	157.858917	218.156067	0.933490	0.933490	0.000000	0.859561	-1.000000	-1.000000	0.000000
4264	3753	1	-1	14849.901668	157.671677	217.998047	1.150984	1.150984	0.000000	0.742649	-1.000000	-1.000000	0.000000
4266	3754	1	-1	46532.075005	157.824875	218.004059	0.980104	0.980104	0.000000	0.972959	-1.000000	-1.000000	0.000000
4268	3755	1	-1	21761.348888	157.540329	218.187210	0.959047	0.959047	0.000000	0.839683	-1.000000	-1.000000	0.000000
4270	3756	1	-1	24080.498731	157.766205	218.120453	0.943211	0.943211	0.000000	0.894503	-1.000000	-1.000000	0.000000
4272	3757	1	-1	23211.723137	157.826416	218.174789	1.040021	1.040021	0.000000	0.898436	-1.000000	-1.000000	0.000000
4274	3758	1	-1	19624.167826	157.991699	218.088135	1.002046	1.002046	0.000000	0.890049	-1.000000	-1.000000	0.000000
4276	3759	1	-1	39680.055685	157.782898	218.125458	1.024919	1.024919	0.000000	0.919411	-1.000000	-1.000000	0.000000
4278	3760	1	-1	20357.024871	157.938370	218.179871	1.064507	1.064507	0.000000	0.845432	-1.000000	-1.000000	0.000000
4282	3763	1	-1	13735.645388	139.498245	213.244965	0.929394	0.929394	0.000000	0.839345	-1.000000	-1.000000	0.000000
4315	3795	1	-1	15589.303281	131.769745	181.665939	0.983264	0.983264	0.000000	0.807499	-1.000000	-1.000000	0.000000
4320	3799	1	-1	17006.796930	220.941635	216.931885	0.976147	0.976147	0.000000	0.861634	-1.000000	-1.000000	0.000000
4322	3800	1	-1	15738.690899	221.949585	218.020203	1.128536	1.128536	0.000000	0.695382	-1.000000	-1.000000	0.000000
4361	3838	1	-1	16313.686416	161.935547	53.213608	1.008681	1.008681	0.000000	0.845190	-1.000000	-1.000000	0.000000
4425	3901	1	-1	17676.463346	155.515839	190.055923	0.934636	0.934636	0.000000	0.862144	-1.000000	-1.000000	0.000000
4430	3905	1	-1	13690.929436	187.931580	179.269485	1.022426	1.022426	0.000000	0.789735	-1.000000	-1.000000	0.000000
4432	3906	1	-1	19546.683807	188.050522	179.312332	0.953782	0.953782	0.000000	0.849951	-1.000000	-1.000000	0.000000
4434	3907	1	-1	65787.219937	187.881287	179.284470	0.892588	0.892588	0.000000	0.980811	-1.000000	-1.000000	0.000000
4436	3908	1	-1	23945.371935	187.814514	179.315598	0.909795	0.909795	0.000000	0.929278	-1.000000	-1.000000	0.000000
4443	3914	1	-1	19303.684412	97.473579	11.528027	0.903465	0.903465	0.000000	0.905176	-1.000000	-1.000000	0.000000
4448	3918	1	-1	15897.857411	155.588257	189.966629	0.897081	0.897081	0.000000	0.804980	-1.000000	-1.000000	0.000000
4450	3919	1	-1	18854.393449	155.553543	190.148865	0.888623	0.888623	0.000000	0.923894	-1.000000	-1.000000	0.000000
4457	3925	1	-1	20611.653390	50.167595	150.956253	1.014063	1.014063	0.000000	0.874060	-1.000000	-1.000000	0.000000
4459	3926	1	-1	18354.580133	49.760296	151.107315	1.028663	1.028663	0.000000	0.810768	-1.000000	-1.000000	0.000000
4461	3927	1	-1	17371.115255	49.934189	150.760849	0.921173	0.921173	0.000000	0.817402	-1.000000	-1.000000	0.000000
4462	3927	2	-1	15297.798742	155.495377	190.098404	1.021761	1.021761	0.000000	0.805923	-1.000000	-1.000000	0.000000
4464	3928	1	-1	14705.134662	50.100964	150.944916	0.960530	0.960530	0.000000	0.794811	-1.000000	-1.000000	0.000000
4466	3929	1	-1	18182.898173	155.426147	190.060043	0.874932	0.874932	0.000000	0.840329	-1.000000	-1.000000	0.000000
4469	3931	1	-1	12631.323690	155.436737	190.246964	0.772925	0.772925	0.000000	0.830913	-1.000000	-1.000000	0.000000
4471	3932	1	-1	66468.651876	155.463379	190.186996	0.899332	0.899332	0.000000	0.985788	-1.000000	-1.000000	0.000000
4473	3933	1	-1	22640.141918	155.544189	190.090820	0.890068	0.890068	0.000000	0.909001	-1.000000	-1.000000	0.000000
4520	3979	1	-1	51606.060270	249.115128	163.282608	0.887950	0.887950	0.000000	0.980528	-1.000000	-1.000000	0.000000
4541	3999	1	-1	30737.471410	168.939087	133.275345	0.918590	0.918590	0.000000	0.925847	-1.000000	-1.000000	0.000000
